    #    0.153119
    0.000000  -21.894613
    0.017013  -21.894629
    0.034026  -21.894633
    0.051040  -21.894627
    0.068053  -21.894606
    0.085066  -21.894574
    0.102079  -21.894527
    0.119092  -21.894461
    0.136106  -21.894384
    0.153119  -21.894288

    0.000000  -21.893898
    0.017013  -21.893874
    0.034026  -21.893828
    0.051040  -21.893764
    0.068053  -21.893678
    0.085066  -21.893575
    0.102079  -21.893454
    0.119092  -21.893312
    0.136106  -21.893155
    0.153119  -21.892980

    0.000000  -21.892154
    0.017013  -21.892180
    0.034026  -21.892190
    0.051040  -21.892184
    0.068053  -21.892159
    0.085066  -21.892119
    0.102079  -21.892061
    0.119092  -21.891983
    0.136106  -21.891889
    0.153119  -21.891777

    0.000000  -21.891925
    0.017013  -21.891885
    0.034026  -21.891827
    0.051040  -21.891752
    0.068053  -21.891659
    0.085066  -21.891551
    0.102079  -21.891425
    0.119092  -21.891279
    0.136106  -21.891119
    0.153119  -21.890939

    0.000000  -21.884857
    0.017013  -21.884906
    0.034026  -21.884959
    0.051040  -21.885011
    0.068053  -21.885051
    0.085066  -21.885082
    0.102079  -21.885098
    0.119092  -21.885098
    0.136106  -21.885091
    0.153119  -21.885067

    0.000000  -21.884702
    0.017013  -21.884643
    0.034026  -21.884547
    0.051040  -21.884564
    0.068053  -21.884594
    0.085066  -21.884616
    0.102079  -21.884621
    0.119092  -21.884609
    0.136106  -21.884588
    0.153119  -21.884551

    0.000000  -21.884400
    0.017013  -21.884465
    0.034026  -21.884518
    0.051040  -21.884441
    0.068053  -21.884319
    0.085066  -21.884189
    0.102079  -21.884044
    0.119092  -21.883883
    0.136106  -21.883717
    0.153119  -21.883536

    0.000000  -21.884285
    0.017013  -21.884202
    0.034026  -21.884099
    0.051040  -21.883988
    0.068053  -21.883862
    0.085066  -21.883727
    0.102079  -21.883577
    0.119092  -21.883411
    0.136106  -21.883238
    0.153119  -21.883049

    0.000000  -21.870356
    0.017013  -21.870347
    0.034026  -21.870350
    0.051040  -21.870358
    0.068053  -21.870358
    0.085066  -21.870354
    0.102079  -21.870339
    0.119092  -21.870310
    0.136106  -21.870276
    0.153119  -21.870230

    0.000000  -21.870232
    0.017013  -21.870224
    0.034026  -21.870192
    0.051040  -21.870152
    0.068053  -21.870106
    0.085066  -21.870071
    0.102079  -21.870041
    0.119092  -21.870011
    0.136106  -21.869989
    0.153119  -21.869963

    0.000000  -21.869619
    0.017013  -21.869589
    0.034026  -21.869586
    0.051040  -21.869594
    0.068053  -21.869585
    0.085066  -21.869550
    0.102079  -21.869484
    0.119092  -21.869388
    0.136106  -21.869271
    0.153119  -21.869128

    0.000000  -21.869424
    0.017013  -21.869452
    0.034026  -21.869412
    0.051040  -21.869331
    0.068053  -21.869227
    0.085066  -21.869109
    0.102079  -21.868975
    0.119092  -21.868826
    0.136106  -21.868668
    0.153119  -21.868493

    0.000000  -21.862050
    0.017013  -21.862053
    0.034026  -21.862043
    0.051040  -21.862030
    0.068053  -21.862006
    0.085066  -21.861977
    0.102079  -21.861935
    0.119092  -21.861878
    0.136106  -21.861816
    0.153119  -21.861743

    0.000000  -21.861925
    0.017013  -21.861915
    0.034026  -21.861889
    0.051040  -21.861859
    0.068053  -21.861816
    0.085066  -21.861766
    0.102079  -21.861702
    0.119092  -21.861622
    0.136106  -21.861536
    0.153119  -21.861437

    0.000000  -21.854676
    0.017013  -21.854679
    0.034026  -21.854678
    0.051040  -21.854686
    0.068053  -21.854689
    0.085066  -21.854696
    0.102079  -21.854697
    0.119092  -21.854694
    0.136106  -21.854696
    0.153119  -21.854690

    0.000000  -21.854510
    0.017013  -21.854511
    0.034026  -21.854507
    0.051040  -21.854511
    0.068053  -21.854508
    0.085066  -21.854511
    0.102079  -21.854506
    0.119092  -21.854497
    0.136106  -21.854494
    0.153119  -21.854482

    0.000000  -21.841464
    0.017013  -21.841688
    0.034026  -21.842073
    0.051040  -21.842514
    0.068053  -21.842979
    0.085066  -21.843468
    0.102079  -21.843977
    0.119092  -21.844501
    0.136106  -21.845050
    0.153119  -21.845605

    0.000000  -21.840939
    0.017013  -21.840954
    0.034026  -21.841248
    0.051040  -21.841650
    0.068053  -21.842082
    0.085066  -21.842537
    0.102079  -21.843011
    0.119092  -21.843500
    0.136106  -21.844012
    0.153119  -21.844531

    0.000000  -21.840455
    0.017013  -21.840481
    0.034026  -21.840229
    0.051040  -21.839909
    0.068053  -21.839588
    0.085066  -21.839283
    0.102079  -21.839000
    0.119092  -21.838738
    0.136106  -21.838507
    0.153119  -21.838295

    0.000000  -21.840139
    0.017013  -21.839934
    0.034026  -21.839600
    0.051040  -21.839272
    0.068053  -21.838956
    0.085066  -21.838658
    0.102079  -21.838383
    0.119092  -21.838127
    0.136106  -21.837903
    0.153119  -21.837696

    0.000000  -21.826199
    0.017013  -21.826260
    0.034026  -21.826367
    0.051040  -21.826525
    0.068053  -21.826715
    0.085066  -21.826935
    0.102079  -21.827183
    0.119092  -21.827452
    0.136106  -21.827748
    0.153119  -21.828062

    0.000000  -21.825964
    0.017013  -21.825982
    0.034026  -21.826020
    0.051040  -21.826104
    0.068053  -21.826228
    0.085066  -21.826393
    0.102079  -21.826598
    0.119092  -21.826833
    0.136106  -21.827104
    0.153119  -21.827400

    0.000000  -21.823689
    0.017013  -21.823695
    0.034026  -21.823705
    0.051040  -21.823723
    0.068053  -21.823743
    0.085066  -21.823771
    0.102079  -21.823808
    0.119092  -21.823851
    0.136106  -21.823919
    0.153119  -21.824009

    0.000000  -21.823472
    0.017013  -21.823453
    0.034026  -21.823407
    0.051040  -21.823362
    0.068053  -21.823324
    0.085066  -21.823302
    0.102079  -21.823300
    0.119092  -21.823313
    0.136106  -21.823358
    0.153119  -21.823430

    0.000000  -21.815790
    0.017013  -21.815829
    0.034026  -21.815905
    0.051040  -21.816029
    0.068053  -21.816190
    0.085066  -21.816388
    0.102079  -21.816624
    0.119092  -21.816883
    0.136106  -21.817180
    0.153119  -21.817504

    0.000000  -21.815528
    0.017013  -21.815541
    0.034026  -21.815583
    0.051040  -21.815671
    0.068053  -21.815800
    0.085066  -21.815972
    0.102079  -21.816191
    0.119092  -21.816443
    0.136106  -21.816742
    0.153119  -21.817075

    0.000000  -21.811000
    0.017013  -21.811012
    0.034026  -21.811069
    0.051040  -21.811153
    0.068053  -21.811246
    0.085066  -21.811350
    0.102079  -21.811468
    0.119092  -21.811606
    0.136106  -21.811778
    0.153119  -21.811985

    0.000000  -21.810789
    0.017013  -21.810781
    0.034026  -21.810740
    0.051040  -21.810712
    0.068053  -21.810706
    0.085066  -21.810734
    0.102079  -21.810805
    0.119092  -21.810925
    0.136106  -21.811103
    0.153119  -21.811336

    0.000000  -21.806573
    0.017013  -21.806589
    0.034026  -21.806661
    0.051040  -21.806777
    0.068053  -21.806929
    0.085066  -21.807104
    0.102079  -21.807297
    0.119092  -21.807499
    0.136106  -21.807699
    0.153119  -21.807876

    0.000000  -21.806324
    0.017013  -21.806321
    0.034026  -21.806320
    0.051040  -21.806330
    0.068053  -21.806356
    0.085066  -21.806389
    0.102079  -21.806426
    0.119092  -21.806461
    0.136106  -21.806492
    0.153119  -21.806501

    0.000000  -21.800356
    0.017013  -21.800393
    0.034026  -21.800490
    0.051040  -21.800650
    0.068053  -21.800870
    0.085066  -21.801144
    0.102079  -21.801469
    0.119092  -21.801848
    0.136106  -21.802274
    0.153119  -21.802737

    0.000000  -21.800169
    0.017013  -21.800198
    0.034026  -21.800290
    0.051040  -21.800445
    0.068053  -21.800661
    0.085066  -21.800932
    0.102079  -21.801255
    0.119092  -21.801634
    0.136106  -21.802060
    0.153119  -21.802524

    0.000000  -21.790166
    0.017013  -21.790194
    0.034026  -21.790276
    0.051040  -21.790412
    0.068053  -21.790600
    0.085066  -21.790846
    0.102079  -21.791141
    0.119092  -21.791501
    0.136106  -21.791920
    0.153119  -21.792388

    0.000000  -21.790001
    0.017013  -21.790018
    0.034026  -21.790086
    0.051040  -21.790207
    0.068053  -21.790379
    0.085066  -21.790610
    0.102079  -21.790891
    0.119092  -21.791240
    0.136106  -21.791648
    0.153119  -21.792108

    0.000000  -21.783139
    0.017013  -21.783135
    0.034026  -21.783372
    0.051040  -21.783649
    0.068053  -21.783928
    0.085066  -21.784205
    0.102079  -21.784471
    0.119092  -21.784724
    0.136106  -21.784965
    0.153119  -21.785257

    0.000000  -21.782704
    0.017013  -21.782721
    0.034026  -21.782730
    0.051040  -21.783104
    0.068053  -21.783489
    0.085066  -21.783873
    0.102079  -21.784244
    0.119092  -21.784600
    0.136106  -21.784939
    0.153119  -21.785189

    0.000000  -21.781978
    0.017013  -21.782317
    0.034026  -21.782457
    0.051040  -21.782224
    0.068053  -21.781984
    0.085066  -21.781761
    0.102079  -21.781554
    0.119092  -21.781376
    0.136106  -21.781232
    0.153119  -21.781128

    0.000000  -21.781818
    0.017013  -21.781498
    0.034026  -21.781165
    0.051040  -21.780862
    0.068053  -21.780590
    0.085066  -21.780360
    0.102079  -21.780171
    0.119092  -21.780036
    0.136106  -21.779966
    0.153119  -21.779961

    0.000000  -21.775742
    0.017013  -21.775784
    0.034026  -21.775906
    0.051040  -21.776081
    0.068053  -21.776282
    0.085066  -21.776503
    0.102079  -21.776727
    0.119092  -21.776952
    0.136106  -21.777170
    0.153119  -21.777370

    0.000000  -21.775421
    0.017013  -21.775419
    0.034026  -21.775406
    0.051040  -21.775430
    0.068053  -21.775511
    0.085066  -21.775672
    0.102079  -21.775893
    0.119092  -21.776148
    0.136106  -21.776418
    0.153119  -21.776688

    0.000000  -21.774687
    0.017013  -21.774671
    0.034026  -21.774741
    0.051040  -21.774880
    0.068053  -21.775025
    0.085066  -21.775138
    0.102079  -21.775208
    0.119092  -21.775254
    0.136106  -21.775283
    0.153119  -21.775294

    0.000000  -21.774167
    0.017013  -21.774234
    0.034026  -21.774255
    0.051040  -21.774257
    0.068053  -21.774261
    0.085066  -21.774280
    0.102079  -21.774307
    0.119092  -21.774343
    0.136106  -21.774385
    0.153119  -21.774426

    0.000000  -21.770575
    0.017013  -21.770640
    0.034026  -21.770663
    0.051040  -21.770642
    0.068053  -21.770568
    0.085066  -21.770447
    0.102079  -21.770284
    0.119092  -21.770092
    0.136106  -21.769956
    0.153119  -21.769982

    0.000000  -21.770379
    0.017013  -21.770272
    0.034026  -21.770127
    0.051040  -21.770000
    0.068053  -21.769989
    0.085066  -21.769984
    0.102079  -21.769967
    0.119092  -21.769952
    0.136106  -21.769878
    0.153119  -21.769669

    0.000000  -21.769921
    0.017013  -21.769904
    0.034026  -21.769924
    0.051040  -21.769926
    0.068053  -21.769786
    0.085066  -21.769624
    0.102079  -21.769465
    0.119092  -21.769316
    0.136106  -21.769176
    0.153119  -21.769044

    0.000000  -21.769388
    0.017013  -21.769390
    0.034026  -21.769292
    0.051040  -21.769149
    0.068053  -21.768989
    0.085066  -21.768833
    0.102079  -21.768691
    0.119092  -21.768570
    0.136106  -21.768473
    0.153119  -21.768404

    0.000000  -21.764757
    0.017013  -21.764879
    0.034026  -21.765119
    0.051040  -21.765370
    0.068053  -21.765614
    0.085066  -21.765842
    0.102079  -21.766045
    0.119092  -21.766215
    0.136106  -21.766350
    0.153119  -21.766437

    0.000000  -21.764595
    0.017013  -21.764514
    0.034026  -21.764349
    0.051040  -21.764238
    0.068053  -21.764255
    0.085066  -21.764408
    0.102079  -21.764597
    0.119092  -21.764798
    0.136106  -21.765007
    0.153119  -21.765219

    0.000000  -21.763480
    0.017013  -21.763570
    0.034026  -21.763749
    0.051040  -21.763909
    0.068053  -21.763984
    0.085066  -21.764013
    0.102079  -21.764139
    0.119092  -21.764366
    0.136106  -21.764633
    0.153119  -21.764902

    0.000000  -21.763357
    0.017013  -21.763279
    0.034026  -21.763098
    0.051040  -21.763045
    0.068053  -21.763211
    0.085066  -21.763398
    0.102079  -21.763486
    0.119092  -21.763499
    0.136106  -21.763510
    0.153119  -21.763553

    0.000000  -21.762139
    0.017013  -21.762297
    0.034026  -21.762500
    0.051040  -21.762598
    0.068053  -21.762475
    0.085066  -21.762321
    0.102079  -21.762241
    0.119092  -21.762225
    0.136106  -21.762225
    0.153119  -21.762205

    0.000000  -21.761749
    0.017013  -21.761678
    0.034026  -21.761611
    0.051040  -21.761604
    0.068053  -21.761631
    0.085066  -21.761616
    0.102079  -21.761517
    0.119092  -21.761360
    0.136106  -21.761250
    0.153119  -21.761214

    0.000000  -21.761227
    0.017013  -21.761349
    0.034026  -21.761432
    0.051040  -21.761451
    0.068053  -21.761403
    0.085066  -21.761334
    0.102079  -21.761251
    0.119092  -21.761145
    0.136106  -21.760988
    0.153119  -21.760790

    0.000000  -21.760948
    0.017013  -21.760744
    0.034026  -21.760470
    0.051040  -21.760177
    0.068053  -21.759896
    0.085066  -21.759697
    0.102079  -21.759655
    0.119092  -21.759684
    0.136106  -21.759702
    0.153119  -21.759673

    0.000000  -21.758976
    0.017013  -21.759003
    0.034026  -21.759053
    0.051040  -21.759124
    0.068053  -21.759178
    0.085066  -21.759147
    0.102079  -21.758951
    0.119092  -21.758939
    0.136106  -21.758903
    0.153119  -21.758821

    0.000000  -21.758857
    0.017013  -21.758856
    0.034026  -21.758856
    0.051040  -21.758875
    0.068053  -21.758899
    0.085066  -21.758928
    0.102079  -21.758939
    0.119092  -21.758652
    0.136106  -21.758332
    0.153119  -21.758003

    0.000000  -21.754565
    0.017013  -21.754572
    0.034026  -21.754568
    0.051040  -21.754558
    0.068053  -21.754534
    0.085066  -21.754496
    0.102079  -21.754446
    0.119092  -21.754391
    0.136106  -21.754355
    0.153119  -21.754331

    0.000000  -21.754269
    0.017013  -21.754261
    0.034026  -21.754246
    0.051040  -21.754253
    0.068053  -21.754276
    0.085066  -21.754301
    0.102079  -21.754318
    0.119092  -21.754316
    0.136106  -21.754283
    0.153119  -21.754216

    0.000000  -21.753599
    0.017013  -21.753633
    0.034026  -21.753668
    0.051040  -21.753638
    0.068053  -21.753538
    0.085066  -21.753386
    0.102079  -21.753193
    0.119092  -21.752972
    0.136106  -21.752729
    0.153119  -21.752467

    0.000000  -21.753442
    0.017013  -21.753365
    0.034026  -21.753189
    0.051040  -21.752983
    0.068053  -21.752754
    0.085066  -21.752509
    0.102079  -21.752249
    0.119092  -21.751980
    0.136106  -21.751704
    0.153119  -21.751421

    0.000000  -21.747318
    0.017013  -21.747302
    0.034026  -21.747250
    0.051040  -21.747176
    0.068053  -21.747074
    0.085066  -21.746945
    0.102079  -21.746796
    0.119092  -21.746623
    0.136106  -21.746437
    0.153119  -21.746239

    0.000000  -21.747066
    0.017013  -21.747052
    0.034026  -21.747006
    0.051040  -21.746938
    0.068053  -21.746844
    0.085066  -21.746724
    0.102079  -21.746582
    0.119092  -21.746415
    0.136106  -21.746230
    0.153119  -21.746028

    0.000000  -21.741985
    0.017013  -21.741964
    0.034026  -21.741899
    0.051040  -21.741796
    0.068053  -21.741651
    0.085066  -21.741465
    0.102079  -21.741243
    0.119092  -21.740989
    0.136106  -21.740714
    0.153119  -21.740407

    0.000000  -21.741714
    0.017013  -21.741681
    0.034026  -21.741585
    0.051040  -21.741439
    0.068053  -21.741246
    0.085066  -21.741011
    0.102079  -21.740745
    0.119092  -21.740450
    0.136106  -21.740138
    0.153119  -21.739802

    0.000000  -21.655189
    0.017013  -21.655040
    0.034026  -21.655011
    0.051040  -21.655116
    0.068053  -21.655270
    0.085066  -21.655439
    0.102079  -21.655603
    0.119092  -21.655755
    0.136106  -21.655899
    0.153119  -21.656028

    0.000000  -21.654155
    0.017013  -21.654285
    0.034026  -21.654270
    0.051040  -21.654116
    0.068053  -21.653890
    0.085066  -21.653640
    0.102079  -21.653438
    0.119092  -21.653596
    0.136106  -21.653743
    0.153119  -21.653875

    0.000000  -21.652431
    0.017013  -21.652545
    0.034026  -21.652709
    0.051040  -21.652896
    0.068053  -21.653082
    0.085066  -21.653266
    0.102079  -21.653374
    0.119092  -21.653099
    0.136106  -21.652824
    0.153119  -21.652547

    0.000000  -21.651507
    0.017013  -21.651385
    0.034026  -21.651188
    0.051040  -21.650963
    0.068053  -21.650715
    0.085066  -21.650460
    0.102079  -21.650196
    0.119092  -21.649924
    0.136106  -21.649653
    0.153119  -21.649381

    0.000000  -21.589467
    0.017013  -21.589784
    0.034026  -21.590161
    0.051040  -21.590572
    0.068053  -21.590995
    0.085066  -21.591423
    0.102079  -21.591850
    0.119092  -21.592274
    0.136106  -21.592696
    0.153119  -21.593107

    0.000000  -21.587395
    0.017013  -21.587106
    0.034026  -21.586750
    0.051040  -21.586471
    0.068053  -21.586893
    0.085066  -21.587327
    0.102079  -21.587762
    0.119092  -21.588196
    0.136106  -21.588628
    0.153119  -21.589049

    0.000000  -21.585797
    0.017013  -21.585811
    0.034026  -21.586085
    0.051040  -21.586371
    0.068053  -21.585984
    0.085066  -21.585595
    0.102079  -21.585212
    0.119092  -21.584839
    0.136106  -21.584485
    0.153119  -21.584144

    0.000000  -21.584481
    0.017013  -21.584482
    0.034026  -21.584217
    0.051040  -21.583851
    0.068053  -21.583453
    0.085066  -21.583046
    0.102079  -21.582641
    0.119092  -21.582245
    0.136106  -21.581867
    0.153119  -21.581502

    0.000000  -21.514411
    0.017013  -21.514204
    0.034026  -21.514577
    0.051040  -21.515252
    0.068053  -21.516023
    0.085066  -21.516830
    0.102079  -21.517645
    0.119092  -21.518454
    0.136106  -21.519255
    0.153119  -21.520039

    0.000000  -21.512573
    0.017013  -21.512771
    0.034026  -21.513504
    0.051040  -21.514334
    0.068053  -21.515184
    0.085066  -21.516043
    0.102079  -21.516897
    0.119092  -21.517740
    0.136106  -21.518572
    0.153119  -21.519386

    0.000000  -21.511831
    0.017013  -21.512046
    0.034026  -21.511694
    0.051040  -21.511073
    0.068053  -21.510375
    0.085066  -21.509669
    0.102079  -21.508973
    0.119092  -21.508297
    0.136106  -21.507655
    0.153119  -21.507045

    0.000000  -21.511282
    0.017013  -21.511094
    0.034026  -21.510386
    0.051040  -21.509615
    0.068053  -21.508841
    0.085066  -21.508089
    0.102079  -21.507358
    0.119092  -21.506654
    0.136106  -21.505986
    0.153119  -21.505353

    0.000000  -21.427596
    0.017013  -21.427772
    0.034026  -21.427994
    0.051040  -21.428232
    0.068053  -21.428476
    0.085066  -21.428723
    0.102079  -21.428970
    0.119092  -21.429218
    0.136106  -21.429468
    0.153119  -21.429712

    0.000000  -21.427565
    0.017013  -21.427553
    0.034026  -21.427663
    0.051040  -21.427861
    0.068053  -21.428088
    0.085066  -21.428327
    0.102079  -21.428570
    0.119092  -21.428814
    0.136106  -21.429061
    0.153119  -21.429302

    0.000000  -21.426849
    0.017013  -21.426908
    0.034026  -21.426819
    0.051040  -21.426662
    0.068053  -21.426486
    0.085066  -21.426309
    0.102079  -21.426137
    0.119092  -21.425976
    0.136106  -21.425829
    0.153119  -21.425692

    0.000000  -21.426544
    0.017013  -21.426347
    0.034026  -21.426137
    0.051040  -21.425933
    0.068053  -21.425734
    0.085066  -21.425543
    0.102079  -21.425360
    0.119092  -21.425189
    0.136106  -21.425035
    0.153119  -21.424890

    0.000000  -20.918925
    0.017013  -20.918931
    0.034026  -20.918872
    0.051040  -20.918741
    0.068053  -20.918537
    0.085066  -20.918264
    0.102079  -20.917922
    0.119092  -20.917512
    0.136106  -20.917041
    0.153119  -20.916498

    0.000000  -20.918527
    0.017013  -20.918509
    0.034026  -20.918431
    0.051040  -20.918279
    0.068053  -20.918058
    0.085066  -20.917769
    0.102079  -20.917410
    0.119092  -20.916984
    0.136106  -20.916498
    0.153119  -20.915939

    0.000000  -20.918385
    0.017013  -20.918327
    0.034026  -20.918191
    0.051040  -20.917979
    0.068053  -20.917688
    0.085066  -20.917326
    0.102079  -20.916891
    0.119092  -20.916387
    0.136106  -20.915820
    0.153119  -20.915182

    0.000000  -20.918184
    0.017013  -20.918121
    0.034026  -20.917985
    0.051040  -20.917774
    0.068053  -20.917487
    0.085066  -20.917129
    0.102079  -20.916700
    0.119092  -20.916201
    0.136106  -20.915641
    0.153119  -20.915008

    0.000000  -20.902632
    0.017013  -20.902608
    0.034026  -20.902518
    0.051040  -20.902362
    0.068053  -20.902139
    0.085066  -20.901850
    0.102079  -20.901498
    0.119092  -20.901080
    0.136106  -20.900604
    0.153119  -20.900065

    0.000000  -20.902413
    0.017013  -20.902374
    0.034026  -20.902267
    0.051040  -20.902093
    0.068053  -20.901850
    0.085066  -20.901542
    0.102079  -20.901169
    0.119092  -20.900730
    0.136106  -20.900233
    0.153119  -20.899672

    0.000000  -20.898613
    0.017013  -20.898587
    0.034026  -20.898491
    0.051040  -20.898339
    0.068053  -20.898134
    0.085066  -20.897868
    0.102079  -20.897542
    0.119092  -20.897166
    0.136106  -20.896739
    0.153119  -20.896254

    0.000000  -20.898479
    0.017013  -20.898455
    0.034026  -20.898360
    0.051040  -20.898207
    0.068053  -20.897998
    0.085066  -20.897728
    0.102079  -20.897394
    0.119092  -20.897010
    0.136106  -20.896572
    0.153119  -20.896075

    0.000000  -20.889445
    0.017013  -20.889436
    0.034026  -20.889366
    0.051040  -20.889254
    0.068053  -20.889090
    0.085066  -20.888878
    0.102079  -20.888618
    0.119092  -20.888305
    0.136106  -20.887955
    0.153119  -20.887556

    0.000000  -20.889296
    0.017013  -20.889264
    0.034026  -20.889170
    0.051040  -20.889034
    0.068053  -20.888846
    0.085066  -20.888610
    0.102079  -20.888326
    0.119092  -20.887988
    0.136106  -20.887614
    0.153119  -20.887190

    0.000000  -20.880059
    0.017013  -20.880056
    0.034026  -20.880006
    0.051040  -20.879939
    0.068053  -20.879833
    0.085066  -20.879708
    0.102079  -20.879544
    0.119092  -20.879332
    0.136106  -20.879103
    0.153119  -20.878837

    0.000000  -20.879910
    0.017013  -20.879884
    0.034026  -20.879811
    0.051040  -20.879719
    0.068053  -20.879588
    0.085066  -20.879441
    0.102079  -20.879253
    0.119092  -20.879020
    0.136106  -20.878772
    0.153119  -20.878488

    0.000000  -20.869232
    0.017013  -20.869234
    0.034026  -20.869221
    0.051040  -20.869207
    0.068053  -20.869177
    0.085066  -20.869149
    0.102079  -20.869099
    0.119092  -20.869025
    0.136106  -20.868946
    0.153119  -20.868846

    0.000000  -20.868978
    0.017013  -20.868965
    0.034026  -20.868937
    0.051040  -20.868911
    0.068053  -20.868870
    0.085066  -20.868833
    0.102079  -20.868777
    0.119092  -20.868698
    0.136106  -20.868618
    0.153119  -20.868518

    0.000000  -20.859053
    0.017013  -20.859039
    0.034026  -20.858990
    0.051040  -20.858923
    0.068053  -20.858824
    0.085066  -20.858701
    0.102079  -20.858556
    0.119092  -20.858388
    0.136106  -20.858211
    0.153119  -20.858006

    0.000000  -20.858700
    0.017013  -20.858691
    0.034026  -20.858646
    0.051040  -20.858582
    0.068053  -20.858486
    0.085066  -20.858367
    0.102079  -20.858227
    0.119092  -20.858068
    0.136106  -20.857902
    0.153119  -20.857712

    0.000000  -20.850297
    0.017013  -20.850335
    0.034026  -20.850387
    0.051040  -20.850472
    0.068053  -20.850569
    0.085066  -20.850684
    0.102079  -20.850804
    0.119092  -20.850931
    0.136106  -20.851072
    0.153119  -20.851183

    0.000000  -20.849893
    0.017013  -20.849899
    0.034026  -20.849902
    0.051040  -20.849929
    0.068053  -20.849961
    0.085066  -20.850005
    0.102079  -20.850052
    0.119092  -20.850104
    0.136106  -20.850168
    0.153119  -20.850201

    0.000000  -20.838392
    0.017013  -20.838363
    0.034026  -20.838279
    0.051040  -20.838160
    0.068053  -20.837998
    0.085066  -20.837802
    0.102079  -20.837580
    0.119092  -20.837336
    0.136106  -20.837101
    0.153119  -20.836847

    0.000000  -20.838047
    0.017013  -20.838023
    0.034026  -20.837939
    0.051040  -20.837813
    0.068053  -20.837637
    0.085066  -20.837423
    0.102079  -20.837177
    0.119092  -20.836905
    0.136106  -20.836637
    0.153119  -20.836345

    0.000000  -20.829616
    0.017013  -20.829620
    0.034026  -20.829603
    0.051040  -20.829588
    0.068053  -20.829558
    0.085066  -20.829521
    0.102079  -20.829477
    0.119092  -20.829413
    0.136106  -20.829353
    0.153119  -20.829281

    0.000000  -20.829281
    0.017013  -20.829278
    0.034026  -20.829249
    0.051040  -20.829218
    0.068053  -20.829169
    0.085066  -20.829110
    0.102079  -20.829040
    0.119092  -20.828951
    0.136106  -20.828863
    0.153119  -20.828763

    0.000000  -20.821750
    0.017013  -20.821764
    0.034026  -20.821775
    0.051040  -20.821810
    0.068053  -20.821850
    0.085066  -20.821911
    0.102079  -20.821983
    0.119092  -20.822055
    0.136106  -20.822154
    0.153119  -20.822270

    0.000000  -20.821384
    0.017013  -20.821397
    0.034026  -20.821409
    0.051040  -20.821445
    0.068053  -20.821489
    0.085066  -20.821554
    0.102079  -20.821631
    0.119092  -20.821708
    0.136106  -20.821811
    0.153119  -20.821931

    0.000000  -20.815002
    0.017013  -20.815021
    0.034026  -20.815053
    0.051040  -20.815123
    0.068053  -20.815213
    0.085066  -20.815329
    0.102079  -20.815474
    0.119092  -20.815627
    0.136106  -20.815809
    0.153119  -20.816014

    0.000000  -20.814773
    0.017013  -20.814787
    0.034026  -20.814808
    0.051040  -20.814862
    0.068053  -20.814932
    0.085066  -20.815026
    0.102079  -20.815147
    0.119092  -20.815277
    0.136106  -20.815437
    0.153119  -20.815621

    0.000000  -20.807930
    0.017013  -20.807957
    0.034026  -20.808002
    0.051040  -20.808084
    0.068053  -20.808195
    0.085066  -20.808338
    0.102079  -20.808509
    0.119092  -20.808708
    0.136106  -20.808947
    0.153119  -20.809217

    0.000000  -20.807723
    0.017013  -20.807747
    0.034026  -20.807789
    0.051040  -20.807868
    0.068053  -20.807974
    0.085066  -20.808111
    0.102079  -20.808277
    0.119092  -20.808468
    0.136106  -20.808698
    0.153119  -20.808960

    0.000000  -20.799465
    0.017013  -20.799494
    0.034026  -20.799546
    0.051040  -20.799642
    0.068053  -20.799770
    0.085066  -20.799935
    0.102079  -20.800132
    0.119092  -20.800362
    0.136106  -20.800631
    0.153119  -20.800937

    0.000000  -20.799305
    0.017013  -20.799327
    0.034026  -20.799372
    0.051040  -20.799459
    0.068053  -20.799579
    0.085066  -20.799736
    0.102079  -20.799926
    0.119092  -20.800148
    0.136106  -20.800409
    0.153119  -20.800708

    0.000000  -20.790056
    0.017013  -20.790081
    0.034026  -20.790140
    0.051040  -20.790237
    0.068053  -20.790365
    0.085066  -20.790537
    0.102079  -20.790735
    0.119092  -20.790972
    0.136106  -20.791247
    0.153119  -20.791559

    0.000000  -20.789787
    0.017013  -20.789809
    0.034026  -20.789865
    0.051040  -20.789959
    0.068053  -20.790086
    0.085066  -20.790257
    0.102079  -20.790454
    0.119092  -20.790691
    0.136106  -20.790968
    0.153119  -20.791281

    0.000000  -20.779998
    0.017013  -20.779913
    0.034026  -20.780099
    0.051040  -20.780428
    0.068053  -20.780806
    0.085066  -20.781209
    0.102079  -20.781624
    0.119092  -20.782050
    0.136106  -20.782490
    0.153119  -20.782936

    0.000000  -20.778974
    0.017013  -20.779065
    0.034026  -20.778902
    0.051040  -20.779186
    0.068053  -20.779591
    0.085066  -20.780009
    0.102079  -20.780435
    0.119092  -20.780867
    0.136106  -20.781313
    0.153119  -20.781764

    0.000000  -20.778364
    0.017013  -20.778426
    0.034026  -20.778792
    0.051040  -20.778652
    0.068053  -20.778387
    0.085066  -20.778136
    0.102079  -20.777906
    0.119092  -20.777703
    0.136106  -20.777537
    0.153119  -20.777406

    0.000000  -20.778050
    0.017013  -20.778008
    0.034026  -20.777680
    0.051040  -20.777383
    0.068053  -20.777105
    0.085066  -20.776855
    0.102079  -20.776630
    0.119092  -20.776433
    0.136106  -20.776272
    0.153119  -20.776145

    0.000000  -20.767273
    0.017013  -20.767217
    0.034026  -20.767438
    0.051040  -20.767714
    0.068053  -20.768007
    0.085066  -20.768320
    0.102079  -20.768645
    0.119092  -20.768982
    0.136106  -20.769336
    0.153119  -20.769697

    0.000000  -20.766943
    0.017013  -20.767048
    0.034026  -20.767133
    0.051040  -20.767417
    0.068053  -20.767735
    0.085066  -20.768075
    0.102079  -20.768423
    0.119092  -20.768781
    0.136106  -20.769153
    0.153119  -20.769527

    0.000000  -20.766632
    0.017013  -20.766766
    0.034026  -20.766787
    0.051040  -20.766666
    0.068053  -20.766549
    0.085066  -20.766463
    0.102079  -20.766412
    0.119092  -20.766399
    0.136106  -20.766437
    0.153119  -20.766523

    0.000000  -20.766361
    0.017013  -20.766241
    0.034026  -20.766039
    0.051040  -20.765865
    0.068053  -20.765719
    0.085066  -20.765614
    0.102079  -20.765554
    0.119092  -20.765544
    0.136106  -20.765597
    0.153119  -20.765714

    0.000000  -20.756823
    0.017013  -20.756824
    0.034026  -20.756860
    0.051040  -20.756953
    0.068053  -20.757089
    0.085066  -20.757276
    0.102079  -20.757498
    0.119092  -20.757758
    0.136106  -20.758056
    0.153119  -20.758390

    0.000000  -20.756559
    0.017013  -20.756597
    0.034026  -20.756656
    0.051040  -20.756753
    0.068053  -20.756875
    0.085066  -20.757031
    0.102079  -20.757213
    0.119092  -20.757428
    0.136106  -20.757682
    0.153119  -20.757972

    0.000000  -20.751930
    0.017013  -20.751988
    0.034026  -20.752103
    0.051040  -20.752286
    0.068053  -20.752517
    0.085066  -20.752794
    0.102079  -20.753120
    0.119092  -20.753478
    0.136106  -20.753877
    0.153119  -20.754309

    0.000000  -20.751714
    0.017013  -20.751721
    0.034026  -20.751758
    0.051040  -20.751853
    0.068053  -20.751993
    0.085066  -20.752183
    0.102079  -20.752426
    0.119092  -20.752711
    0.136106  -20.753048
    0.153119  -20.753432

    0.000000  -20.742109
    0.017013  -20.742170
    0.034026  -20.742352
    0.051040  -20.742660
    0.068053  -20.743071
    0.085066  -20.743578
    0.102079  -20.744170
    0.119092  -20.744843
    0.136106  -20.745596
    0.153119  -20.746413

    0.000000  -20.741859
    0.017013  -20.741924
    0.034026  -20.742047
    0.051040  -20.742260
    0.068053  -20.742563
    0.085066  -20.742960
    0.102079  -20.743444
    0.119092  -20.744013
    0.136106  -20.744667
    0.153119  -20.745390

    0.000000  -20.731256
    0.017013  -20.731358
    0.034026  -20.731664
    0.051040  -20.732162
    0.068053  -20.732829
    0.085066  -20.733649
    0.102079  -20.734591
    0.119092  -20.735648
    0.136106  -20.736791
    0.153119  -20.737999

    0.000000  -20.731018
    0.017013  -20.731111
    0.034026  -20.731389
    0.051040  -20.731853
    0.068053  -20.732491
    0.085066  -20.733294
    0.102079  -20.734231
    0.119092  -20.735296
    0.136106  -20.736457
    0.153119  -20.737692

    0.000000  -20.720453
    0.017013  -20.720502
    0.034026  -20.720623
    0.051040  -20.720818
    0.068053  -20.721101
    0.085066  -20.721508
    0.102079  -20.722064
    0.119092  -20.722828
    0.136106  -20.723797
    0.153119  -20.724956

    0.000000  -20.720154
    0.017013  -20.720171
    0.034026  -20.720257
    0.051040  -20.720429
    0.068053  -20.720712
    0.085066  -20.721148
    0.102079  -20.721760
    0.119092  -20.722591
    0.136106  -20.723627
    0.153119  -20.724837

    0.000000  -20.714031
    0.017013  -20.714043
    0.034026  -20.714099
    0.051040  -20.714223
    0.068053  -20.714452
    0.085066  -20.714789
    0.102079  -20.715190
    0.119092  -20.715575
    0.136106  -20.715884
    0.153119  -20.716070

    0.000000  -20.713687
    0.017013  -20.713721
    0.034026  -20.713806
    0.051040  -20.713959
    0.068053  -20.714191
    0.085066  -20.714474
    0.102079  -20.714753
    0.119092  -20.714981
    0.136106  -20.715126
    0.153119  -20.715164

    0.000000  -20.711903
    0.017013  -20.711936
    0.034026  -20.712014
    0.051040  -20.712109
    0.068053  -20.712171
    0.085066  -20.712168
    0.102079  -20.712091
    0.119092  -20.711953
    0.136106  -20.711767
    0.153119  -20.711534

    0.000000  -20.711609
    0.017013  -20.711594
    0.034026  -20.711591
    0.051040  -20.711591
    0.068053  -20.711569
    0.085066  -20.711509
    0.102079  -20.711402
    0.119092  -20.711255
    0.136106  -20.711070
    0.153119  -20.710846

    0.000000  -20.706843
    0.017013  -20.706860
    0.034026  -20.706976
    0.051040  -20.707340
    0.068053  -20.707855
    0.085066  -20.708353
    0.102079  -20.708762
    0.119092  -20.709075
    0.136106  -20.709306
    0.153119  -20.709454

    0.000000  -20.706688
    0.017013  -20.706695
    0.034026  -20.706704
    0.051040  -20.706692
    0.068053  -20.706690
    0.085066  -20.706789
    0.102079  -20.707008
    0.119092  -20.707258
    0.136106  -20.707490
    0.153119  -20.707673

    0.000000  -20.706100
    0.017013  -20.706131
    0.034026  -20.706197
    0.051040  -20.706262
    0.068053  -20.706277
    0.085066  -20.706264
    0.102079  -20.706212
    0.119092  -20.706116
    0.136106  -20.706007
    0.153119  -20.705866

    0.000000  -20.705864
    0.017013  -20.705863
    0.034026  -20.705847
    0.051040  -20.705816
    0.068053  -20.705853
    0.085066  -20.705946
    0.102079  -20.705911
    0.119092  -20.705796
    0.136106  -20.705652
    0.153119  -20.705466

    0.000000  -20.704975
    0.017013  -20.705150
    0.034026  -20.705373
    0.051040  -20.705490
    0.068053  -20.705595
    0.085066  -20.705486
    0.102079  -20.705299
    0.119092  -20.705063
    0.136106  -20.704792
    0.153119  -20.704479

    0.000000  -20.704846
    0.017013  -20.704879
    0.034026  -20.705056
    0.051040  -20.705274
    0.068053  -20.705243
    0.085066  -20.705076
    0.102079  -20.704847
    0.119092  -20.704573
    0.136106  -20.704268
    0.153119  -20.703925

    0.000000  -20.697749
    0.017013  -20.697738
    0.034026  -20.697707
    0.051040  -20.697657
    0.068053  -20.697588
    0.085066  -20.697490
    0.102079  -20.697369
    0.119092  -20.697226
    0.136106  -20.697065
    0.153119  -20.696870

    0.000000  -20.697495
    0.017013  -20.697485
    0.034026  -20.697442
    0.051040  -20.697368
    0.068053  -20.697264
    0.085066  -20.697125
    0.102079  -20.696960
    0.119092  -20.696772
    0.136106  -20.696566
    0.153119  -20.696326

    0.000000  -20.695783
    0.017013  -20.695636
    0.034026  -20.695140
    0.051040  -20.694367
    0.068053  -20.693508
    0.085066  -20.693144
    0.102079  -20.693015
    0.119092  -20.692882
    0.136106  -20.692744
    0.153119  -20.692588

    0.000000  -20.695544
    0.017013  -20.695262
    0.034026  -20.694607
    0.051040  -20.693745
    0.068053  -20.693017
    0.085066  -20.692725
    0.102079  -20.692598
    0.119092  -20.692457
    0.136106  -20.692310
    0.153119  -20.692143

    0.000000  -20.693237
    0.017013  -20.693235
    0.034026  -20.693198
    0.051040  -20.693136
    0.068053  -20.692886
    0.085066  -20.692147
    0.102079  -20.691041
    0.119092  -20.689915
    0.136106  -20.688809
    0.153119  -20.687822

    0.000000  -20.692897
    0.017013  -20.692886
    0.034026  -20.692839
    0.051040  -20.692764
    0.068053  -20.692461
    0.085066  -20.691501
    0.102079  -20.690394
    0.119092  -20.689306
    0.136106  -20.688285
    0.153119  -20.687658

    0.000000  -20.688180
    0.017013  -20.688167
    0.034026  -20.688132
    0.051040  -20.688094
    0.068053  -20.688046
    0.085066  -20.687983
    0.102079  -20.687912
    0.119092  -20.687823
    0.136106  -20.687713
    0.153119  -20.687416

    0.000000  -20.687847
    0.017013  -20.687853
    0.034026  -20.687833
    0.051040  -20.687807
    0.068053  -20.687765
    0.085066  -20.687705
    0.102079  -20.687631
    0.119092  -20.687533
    0.136106  -20.687402
    0.153119  -20.687021

    0.000000  -20.686944
    0.017013  -20.686904
    0.034026  -20.686792
    0.051040  -20.686614
    0.068053  -20.686360
    0.085066  -20.686037
    0.102079  -20.685635
    0.119092  -20.685182
    0.136106  -20.684665
    0.153119  -20.684103

    0.000000  -20.686704
    0.017013  -20.686655
    0.034026  -20.686517
    0.051040  -20.686304
    0.068053  -20.686013
    0.085066  -20.685655
    0.102079  -20.685217
    0.119092  -20.684725
    0.136106  -20.684164
    0.153119  -20.683552

    0.000000  -20.678478
    0.017013  -20.678459
    0.034026  -20.678319
    0.051040  -20.678075
    0.068053  -20.677734
    0.085066  -20.677317
    0.102079  -20.676831
    0.119092  -20.676320
    0.136106  -20.675827
    0.153119  -20.675502

    0.000000  -20.678293
    0.017013  -20.678211
    0.034026  -20.678006
    0.051040  -20.677709
    0.068053  -20.677333
    0.085066  -20.676908
    0.102079  -20.676449
    0.119092  -20.676008
    0.136106  -20.675612
    0.153119  -20.675230

    0.000000  -20.672493
    0.017013  -20.672550
    0.034026  -20.672627
    0.051040  -20.672736
    0.068053  -20.672880
    0.085066  -20.673064
    0.102079  -20.673294
    0.119092  -20.673578
    0.136106  -20.673926
    0.153119  -20.674316

    0.000000  -20.672339
    0.017013  -20.672331
    0.034026  -20.672309
    0.051040  -20.672300
    0.068053  -20.672304
    0.085066  -20.672319
    0.102079  -20.672336
    0.119092  -20.672352
    0.136106  -20.672380
    0.153119  -20.672664

    0.000000  -20.667982
    0.017013  -20.668115
    0.034026  -20.668399
    0.051040  -20.668821
    0.068053  -20.669342
    0.085066  -20.669933
    0.102079  -20.670572
    0.119092  -20.671228
    0.136106  -20.671873
    0.153119  -20.672352

    0.000000  -20.667777
    0.017013  -20.667834
    0.034026  -20.668018
    0.051040  -20.668355
    0.068053  -20.668817
    0.085066  -20.669383
    0.102079  -20.670028
    0.119092  -20.670712
    0.136106  -20.671388
    0.153119  -20.671852

    0.000000  -20.662555
    0.017013  -20.662649
    0.034026  -20.662900
    0.051040  -20.663291
    0.068053  -20.663770
    0.085066  -20.664281
    0.102079  -20.664791
    0.119092  -20.665248
    0.136106  -20.665644
    0.153119  -20.665951

    0.000000  -20.662345
    0.017013  -20.662455
    0.034026  -20.662727
    0.051040  -20.663134
    0.068053  -20.663616
    0.085066  -20.664122
    0.102079  -20.664625
    0.119092  -20.665077
    0.136106  -20.665467
    0.153119  -20.665764

    0.000000  -20.656050
    0.017013  -20.656042
    0.034026  -20.656071
    0.051040  -20.656263
    0.068053  -20.656676
    0.085066  -20.657274
    0.102079  -20.657988
    0.119092  -20.658742
    0.136106  -20.659506
    0.153119  -20.660251

    0.000000  -20.655830
    0.017013  -20.655837
    0.034026  -20.655883
    0.051040  -20.656087
    0.068053  -20.656495
    0.085066  -20.657083
    0.102079  -20.657786
    0.119092  -20.658524
    0.136106  -20.659269
    0.153119  -20.659991

    0.000000  -20.653451
    0.017013  -20.653495
    0.034026  -20.653664
    0.051040  -20.653808
    0.068053  -20.653776
    0.085066  -20.653566
    0.102079  -20.653242
    0.119092  -20.652863
    0.136106  -20.652492
    0.153119  -20.653057

    0.000000  -20.653148
    0.017013  -20.653131
    0.034026  -20.653177
    0.051040  -20.653153
    0.068053  -20.652992
    0.085066  -20.652723
    0.102079  -20.652388
    0.119092  -20.652051
    0.136106  -20.652029
    0.153119  -20.652919

    0.000000  -20.652186
    0.017013  -20.652136
    0.034026  -20.651891
    0.051040  -20.651580
    0.068053  -20.651216
    0.085066  -20.650817
    0.102079  -20.650400
    0.119092  -20.650393
    0.136106  -20.651474
    0.153119  -20.651916

    0.000000  -20.651982
    0.017013  -20.651966
    0.034026  -20.651762
    0.051040  -20.651422
    0.068053  -20.651002
    0.085066  -20.650553
    0.102079  -20.650109
    0.119092  -20.650291
    0.136106  -20.651204
    0.153119  -20.651055

    0.000000  -20.647119
    0.017013  -20.647143
    0.034026  -20.647176
    0.051040  -20.647275
    0.068053  -20.647564
    0.085066  -20.648202
    0.102079  -20.649143
    0.119092  -20.649808
    0.136106  -20.649427
    0.153119  -20.648983

    0.000000  -20.646942
    0.017013  -20.646900
    0.034026  -20.646828
    0.051040  -20.646880
    0.068053  -20.647207
    0.085066  -20.647922
    0.102079  -20.648919
    0.119092  -20.649459
    0.136106  -20.649046
    0.153119  -20.648579

    0.000000  -20.643619
    0.017013  -20.643627
    0.034026  -20.643752
    0.051040  -20.644083
    0.068053  -20.644445
    0.085066  -20.644554
    0.102079  -20.644359
    0.119092  -20.643961
    0.136106  -20.643453
    0.153119  -20.642881

    0.000000  -20.643410
    0.017013  -20.643488
    0.034026  -20.643686
    0.051040  -20.643957
    0.068053  -20.644130
    0.085066  -20.644077
    0.102079  -20.643807
    0.119092  -20.643400
    0.136106  -20.642921
    0.153119  -20.642398

    0.000000  -20.640390
    0.017013  -20.640470
    0.034026  -20.640531
    0.051040  -20.640436
    0.068053  -20.640140
    0.085066  -20.639711
    0.102079  -20.639203
    0.119092  -20.638654
    0.136106  -20.638093
    0.153119  -20.637530

    0.000000  -20.640247
    0.017013  -20.640259
    0.034026  -20.640256
    0.051040  -20.640157
    0.068053  -20.639884
    0.085066  -20.639469
    0.102079  -20.638955
    0.119092  -20.638382
    0.136106  -20.637785
    0.153119  -20.637177

    0.000000  -20.633946
    0.017013  -20.634031
    0.034026  -20.634071
    0.051040  -20.633966
    0.068053  -20.633737
    0.085066  -20.633432
    0.102079  -20.633078
    0.119092  -20.632707
    0.136106  -20.632334
    0.153119  -20.631962

    0.000000  -20.633723
    0.017013  -20.633549
    0.034026  -20.633265
    0.051040  -20.633038
    0.068053  -20.632821
    0.085066  -20.632592
    0.102079  -20.632339
    0.119092  -20.632078
    0.136106  -20.631808
    0.153119  -20.631523

    0.000000  -20.631322
    0.017013  -20.631554
    0.034026  -20.631559
    0.051040  -20.631354
    0.068053  -20.630997
    0.085066  -20.630538
    0.102079  -20.629983
    0.119092  -20.629325
    0.136106  -20.628590
    0.153119  -20.627796

    0.000000  -20.631245
    0.017013  -20.630880
    0.034026  -20.630466
    0.051040  -20.630123
    0.068053  -20.629793
    0.085066  -20.629422
    0.102079  -20.628976
    0.119092  -20.628437
    0.136106  -20.627815
    0.153119  -20.627125

    0.000000  -20.628831
    0.017013  -20.628681
    0.034026  -20.628191
    0.051040  -20.627357
    0.068053  -20.626271
    0.085066  -20.625047
    0.102079  -20.623750
    0.119092  -20.622413
    0.136106  -20.621077
    0.153119  -20.619803

    0.000000  -20.628684
    0.017013  -20.628514
    0.034026  -20.627966
    0.051040  -20.627152
    0.068053  -20.626118
    0.085066  -20.624938
    0.102079  -20.623667
    0.119092  -20.622342
    0.136106  -20.621009
    0.153119  -20.619732

    0.000000  -20.620288
    0.017013  -20.620429
    0.034026  -20.620515
    0.051040  -20.620562
    0.068053  -20.620555
    0.085066  -20.620503
    0.102079  -20.620398
    0.119092  -20.620240
    0.136106  -20.620042
    0.153119  -20.619670

    0.000000  -20.619826
    0.017013  -20.619627
    0.034026  -20.619368
    0.051040  -20.619068
    0.068053  -20.618714
    0.085066  -20.618318
    0.102079  -20.617872
    0.119092  -20.617413
    0.136106  -20.617216
    0.153119  -20.616973

    0.000000  -20.618106
    0.017013  -20.617999
    0.034026  -20.617900
    0.051040  -20.617837
    0.068053  -20.617773
    0.085066  -20.617693
    0.102079  -20.617575
    0.119092  -20.617378
    0.136106  -20.616847
    0.153119  -20.616273

    0.000000  -20.617149
    0.017013  -20.617216
    0.034026  -20.617160
    0.051040  -20.616988
    0.068053  -20.616710
    0.085066  -20.616360
    0.102079  -20.615946
    0.119092  -20.615475
    0.136106  -20.614962
    0.153119  -20.614402

    0.000000  -20.575452
    0.017013  -20.575594
    0.034026  -20.575736
    0.051040  -20.575896
    0.068053  -20.576059
    0.085066  -20.576236
    0.102079  -20.576416
    0.119092  -20.576600
    0.136106  -20.576796
    0.153119  -20.576997

    0.000000  -20.574291
    0.017013  -20.574206
    0.034026  -20.574110
    0.051040  -20.574024
    0.068053  -20.573937
    0.085066  -20.573857
    0.102079  -20.573777
    0.119092  -20.573698
    0.136106  -20.573631
    0.153119  -20.573803

    0.000000  -20.572807
    0.017013  -20.572837
    0.034026  -20.572882
    0.051040  -20.572960
    0.068053  -20.573056
    0.085066  -20.573177
    0.102079  -20.573313
    0.119092  -20.573461
    0.136106  -20.573621
    0.153119  -20.573554

    0.000000  -20.570906
    0.017013  -20.570925
    0.034026  -20.570920
    0.051040  -20.570912
    0.068053  -20.570889
    0.085066  -20.570863
    0.102079  -20.570829
    0.119092  -20.570788
    0.136106  -20.570749
    0.153119  -20.570705

    0.000000  -20.527881
    0.017013  -20.527792
    0.034026  -20.528523
    0.051040  -20.529304
    0.068053  -20.530086
    0.085066  -20.530859
    0.102079  -20.531622
    0.119092  -20.532371
    0.136106  -20.533113
    0.153119  -20.533835

    0.000000  -20.526817
    0.017013  -20.526890
    0.034026  -20.526317
    0.051040  -20.527067
    0.068053  -20.527807
    0.085066  -20.528532
    0.102079  -20.529243
    0.119092  -20.529937
    0.136106  -20.530622
    0.153119  -20.531283

    0.000000  -20.524834
    0.017013  -20.525569
    0.034026  -20.526134
    0.051040  -20.525342
    0.068053  -20.524556
    0.085066  -20.523787
    0.102079  -20.523042
    0.119092  -20.522331
    0.136106  -20.521667
    0.153119  -20.521051

    0.000000  -20.524275
    0.017013  -20.523500
    0.034026  -20.522698
    0.051040  -20.521909
    0.068053  -20.521131
    0.085066  -20.520373
    0.102079  -20.519641
    0.119092  -20.518944
    0.136106  -20.518295
    0.153119  -20.517694

    0.000000  -20.429870
    0.017013  -20.430830
    0.034026  -20.432672
    0.051040  -20.434586
    0.068053  -20.436517
    0.085066  -20.438454
    0.102079  -20.440375
    0.119092  -20.442268
    0.136106  -20.444128
    0.153119  -20.445936

    0.000000  -20.428556
    0.017013  -20.429426
    0.034026  -20.431334
    0.051040  -20.433285
    0.068053  -20.435246
    0.085066  -20.437210
    0.102079  -20.439157
    0.119092  -20.441076
    0.136106  -20.442960
    0.153119  -20.444791

    0.000000  -20.428020
    0.017013  -20.427644
    0.034026  -20.425942
    0.051040  -20.424300
    0.068053  -20.422761
    0.085066  -20.421364
    0.102079  -20.420139
    0.119092  -20.419123
    0.136106  -20.418355
    0.153119  -20.417847

    0.000000  -20.427279
    0.017013  -20.425956
    0.034026  -20.424224
    0.051040  -20.422585
    0.068053  -20.421064
    0.085066  -20.419702
    0.102079  -20.418534
    0.119092  -20.417604
    0.136106  -20.416949
    0.153119  -20.416576

    0.000000  -20.402165
    0.017013  -20.401937
    0.034026  -20.402047
    0.051040  -20.402397
    0.068053  -20.402806
    0.085066  -20.403176
    0.102079  -20.403451
    0.119092  -20.403583
    0.136106  -20.403546
    0.153119  -20.403313

    0.000000  -20.400069
    0.017013  -20.400647
    0.034026  -20.401287
    0.051040  -20.401883
    0.068053  -20.402399
    0.085066  -20.402804
    0.102079  -20.403062
    0.119092  -20.403133
    0.136106  -20.402994
    0.153119  -20.402630

    0.000000  -20.399645
    0.017013  -20.399542
    0.034026  -20.399336
    0.051040  -20.398840
    0.068053  -20.398210
    0.085066  -20.397526
    0.102079  -20.396822
    0.119092  -20.396115
    0.136106  -20.395428
    0.153119  -20.394761

    0.000000  -20.399336
    0.017013  -20.399033
    0.034026  -20.398287
    0.051040  -20.397533
    0.068053  -20.396777
    0.085066  -20.396028
    0.102079  -20.395293
    0.119092  -20.394575
    0.136106  -20.393890
    0.153119  -20.393236

    0.000000  -20.354717
    0.017013  -20.355208
    0.034026  -20.355932
    0.051040  -20.356752
    0.068053  -20.357590
    0.085066  -20.358415
    0.102079  -20.359205
    0.119092  -20.359948
    0.136106  -20.360636
    0.153119  -20.361248

    0.000000  -20.353254
    0.017013  -20.353874
    0.034026  -20.354783
    0.051040  -20.355717
    0.068053  -20.356626
    0.085066  -20.357498
    0.102079  -20.358318
    0.119092  -20.359081
    0.136106  -20.359782
    0.153119  -20.360400

    0.000000  -20.352006
    0.017013  -20.351383
    0.034026  -20.350417
    0.051040  -20.349406
    0.068053  -20.348380
    0.085066  -20.347350
    0.102079  -20.346324
    0.119092  -20.345311
    0.136106  -20.344317
    0.153119  -20.343340

    0.000000  -20.351012
    0.017013  -20.350525
    0.034026  -20.349753
    0.051040  -20.348864
    0.068053  -20.347919
    0.085066  -20.346947
    0.102079  -20.345964
    0.119092  -20.344986
    0.136106  -20.344020
    0.153119  -20.343066

    0.000000   -9.516959
    0.017013   -9.516250
    0.034026   -9.514125
    0.051040   -9.510570
    0.068053   -9.505589
    0.085066   -9.499198
    0.102079   -9.491386
    0.119092   -9.482156
    0.136106   -9.471529
    0.153119   -9.459494

    0.000000   -9.516884
    0.017013   -9.516178
    0.034026   -9.514055
    0.051040   -9.510503
    0.068053   -9.505524
    0.085066   -9.499134
    0.102079   -9.491324
    0.119092   -9.482096
    0.136106   -9.471470
    0.153119   -9.459435

    0.000000   -9.463980
    0.017013   -9.463269
    0.034026   -9.461144
    0.051040   -9.457606
    0.068053   -9.452651
    0.085066   -9.446294
    0.102079   -9.438527
    0.119092   -9.429352
    0.136106   -9.418783
    0.153119   -9.406817

    0.000000   -9.463884
    0.017013   -9.463176
    0.034026   -9.461054
    0.051040   -9.457519
    0.068053   -9.452567
    0.085066   -9.446213
    0.102079   -9.438448
    0.119092   -9.429276
    0.136106   -9.418709
    0.153119   -9.406745

    0.000000   -9.359888
    0.017013   -9.359197
    0.034026   -9.357092
    0.051040   -9.353583
    0.068053   -9.348677
    0.085066   -9.342379
    0.102079   -9.334684
    0.119092   -9.325598
    0.136106   -9.315141
    0.153119   -9.303303

    0.000000   -9.359733
    0.017013   -9.359044
    0.034026   -9.356940
    0.051040   -9.353433
    0.068053   -9.348528
    0.085066   -9.342231
    0.102079   -9.334537
    0.119092   -9.325452
    0.136106   -9.314995
    0.153119   -9.303158

    0.000000   -9.223347
    0.017013   -9.222666
    0.034026   -9.220579
    0.051040   -9.217117
    0.068053   -9.212267
    0.085066   -9.206044
    0.102079   -9.198443
    0.119092   -9.189469
    0.136106   -9.179143
    0.153119   -9.167463

    0.000000   -9.223139
    0.017013   -9.222459
    0.034026   -9.220372
    0.051040   -9.216911
    0.068053   -9.212062
    0.085066   -9.205839
    0.102079   -9.198239
    0.119092   -9.189266
    0.136106   -9.178940
    0.153119   -9.167261

    0.000000   -9.057514
    0.017013   -9.056837
    0.034026   -9.054776
    0.051040   -9.051362
    0.068053   -9.046578
    0.085066   -9.040435
    0.102079   -9.032942
    0.119092   -9.024087
    0.136106   -9.013904
    0.153119   -9.002395

    0.000000   -9.057318
    0.017013   -9.056641
    0.034026   -9.054581
    0.051040   -9.051168
    0.068053   -9.046384
    0.085066   -9.040241
    0.102079   -9.032749
    0.119092   -9.023894
    0.136106   -9.013711
    0.153119   -9.002203

    0.000000   -8.867144
    0.017013   -8.866469
    0.034026   -8.864428
    0.051040   -8.861053
    0.068053   -8.856320
    0.085066   -8.850253
    0.102079   -8.842859
    0.119092   -8.834106
    0.136106   -8.824055
    0.153119   -8.812700

    0.000000   -8.866950
    0.017013   -8.866275
    0.034026   -8.864234
    0.051040   -8.860859
    0.068053   -8.856126
    0.085066   -8.850059
    0.102079   -8.842665
    0.119092   -8.833912
    0.136106   -8.823860
    0.153119   -8.812505

    0.000000   -8.658926
    0.017013   -8.658253
    0.034026   -8.656213
    0.051040   -8.652841
    0.068053   -8.648119
    0.085066   -8.642078
    0.102079   -8.634698
    0.119092   -8.625974
    0.136106   -8.615952
    0.153119   -8.604643

    0.000000   -8.658610
    0.017013   -8.657936
    0.034026   -8.655895
    0.051040   -8.652523
    0.068053   -8.647800
    0.085066   -8.641758
    0.102079   -8.634377
    0.119092   -8.625653
    0.136106   -8.615630
    0.153119   -8.604319

    0.000000   -8.449769
    0.017013   -8.449078
    0.034026   -8.446993
    0.051040   -8.443549
    0.068053   -8.438731
    0.085066   -8.432560
    0.102079   -8.425016
    0.119092   -8.416115
    0.136106   -8.405888
    0.153119   -8.394344

    0.000000   -8.449308
    0.017013   -8.448616
    0.034026   -8.446531
    0.051040   -8.443086
    0.068053   -8.438267
    0.085066   -8.432095
    0.102079   -8.424552
    0.119092   -8.415649
    0.136106   -8.405422
    0.153119   -8.393877

    0.000000   -8.284984
    0.017013   -8.284256
    0.034026   -8.282059
    0.051040   -8.278431
    0.068053   -8.273347
    0.085066   -8.266812
    0.102079   -8.258830
    0.119092   -8.249413
    0.136106   -8.238593
    0.153119   -8.226354

    0.000000   -8.284407
    0.017013   -8.283680
    0.034026   -8.281482
    0.051040   -8.277853
    0.068053   -8.272769
    0.085066   -8.266233
    0.102079   -8.258249
    0.119092   -8.248831
    0.136106   -8.238009
    0.153119   -8.225768

    0.000000   -8.199330
    0.017013   -8.198580
    0.034026   -8.196300
    0.051040   -8.192513
    0.068053   -8.187222
    0.085066   -8.180404
    0.102079   -8.172082
    0.119092   -8.162262
    0.136106   -8.150975
    0.153119   -8.138162

    0.000000   -8.199130
    0.017013   -8.198380
    0.034026   -8.196100
    0.051040   -8.192313
    0.068053   -8.187021
    0.085066   -8.180202
    0.102079   -8.171877
    0.119092   -8.162055
    0.136106   -8.150765
    0.153119   -8.137949

    0.000000   -6.837680
    0.017013   -6.838254
    0.034026   -6.839913
    0.051040   -6.842727
    0.068053   -6.846622
    0.085066   -6.851695
    0.102079   -6.857927
    0.119092   -6.865365
    0.136106   -6.874060
    0.153119   -6.883917

    0.000000   -6.837603
    0.017013   -6.838179
    0.034026   -6.839835
    0.051040   -6.842640
    0.068053   -6.846522
    0.085066   -6.851581
    0.102079   -6.857797
    0.119092   -6.865217
    0.136106   -6.873895
    0.153119   -6.883732

    0.000000   -6.645397
    0.017013   -6.645951
    0.034026   -6.647597
    0.051040   -6.650405
    0.068053   -6.654282
    0.085066   -6.659304
    0.102079   -6.665483
    0.119092   -6.672836
    0.136106   -6.681382
    0.153119   -6.691120

    0.000000   -6.645179
    0.017013   -6.645734
    0.034026   -6.647380
    0.051040   -6.650186
    0.068053   -6.654059
    0.085066   -6.659076
    0.102079   -6.665249
    0.119092   -6.672593
    0.136106   -6.681130
    0.153119   -6.690857

    0.000000   -6.397279
    0.017013   -6.397859
    0.034026   -6.399572
    0.051040   -6.402480
    0.068053   -6.406541
    0.085066   -6.411808
    0.102079   -6.418269
    0.119092   -6.425929
    0.136106   -6.434834
    0.153119   -6.445004

    0.000000   -6.396964
    0.017013   -6.397544
    0.034026   -6.399256
    0.051040   -6.402160
    0.068053   -6.406217
    0.085066   -6.411480
    0.102079   -6.417935
    0.119092   -6.425588
    0.136106   -6.434487
    0.153119   -6.444649

    0.000000   -6.155838
    0.017013   -6.156450
    0.034026   -6.158219
    0.051040   -6.161226
    0.068053   -6.165451
    0.085066   -6.170899
    0.102079   -6.177653
    0.119092   -6.185570
    0.136106   -6.194819
    0.153119   -6.205425

    0.000000   -6.155493
    0.017013   -6.156104
    0.034026   -6.157872
    0.051040   -6.160876
    0.068053   -6.165097
    0.085066   -6.170540
    0.102079   -6.177288
    0.119092   -6.185198
    0.136106   -6.194440
    0.153119   -6.205037

    0.000000   -5.950107
    0.017013   -5.950696
    0.034026   -5.952414
    0.051040   -5.955349
    0.068053   -5.959531
    0.085066   -5.964841
    0.102079   -5.971455
    0.119092   -5.979269
    0.136106   -5.988427
    0.153119   -5.998930

    0.000000   -5.949792
    0.017013   -5.950379
    0.034026   -5.952094
    0.051040   -5.955025
    0.068053   -5.959201
    0.085066   -5.964504
    0.102079   -5.971109
    0.119092   -5.978915
    0.136106   -5.988062
    0.153119   -5.998554

    0.000000   -5.794011
    0.017013   -5.794559
    0.034026   -5.796124
    0.051040   -5.798777
    0.068053   -5.802576
    0.085066   -5.807418
    0.102079   -5.813414
    0.119092   -5.820607
    0.136106   -5.829037
    0.153119   -5.838741

    0.000000   -5.793866
    0.017013   -5.794409
    0.034026   -5.795966
    0.051040   -5.798609
    0.068053   -5.802394
    0.085066   -5.807222
    0.102079   -5.813202
    0.119092   -5.820378
    0.136106   -5.828790
    0.153119   -5.838476

    0.000000   -5.687731
    0.017013   -5.688190
    0.034026   -5.689493
    0.051040   -5.691733
    0.068053   -5.694897
    0.085066   -5.699040
    0.102079   -5.704119
    0.119092   -5.710259
    0.136106   -5.717462
    0.153119   -5.725792

    0.000000   -5.687622
    0.017013   -5.688072
    0.034026   -5.689362
    0.051040   -5.691586
    0.068053   -5.694731
    0.085066   -5.698854
    0.102079   -5.703911
    0.119092   -5.710029
    0.136106   -5.717209
    0.153119   -5.725516

    0.000000   -5.620161
    0.017013   -5.620531
    0.034026   -5.621595
    0.051040   -5.623413
    0.068053   -5.625918
    0.085066   -5.629262
    0.102079   -5.633306
    0.119092   -5.638308
    0.136106   -5.644142
    0.153119   -5.650968

    0.000000   -5.620124
    0.017013   -5.620493
    0.034026   -5.621545
    0.051040   -5.623343
    0.068053   -5.625826
    0.085066   -5.629147
    0.102079   -5.633167
    0.119092   -5.638144
    0.136106   -5.643953
    0.153119   -5.650753

    0.000000   -5.561096
    0.017013   -5.561526
    0.034026   -5.562744
    0.051040   -5.564796
    0.068053   -5.567639
    0.085066   -5.571373
    0.102079   -5.575900
    0.119092   -5.581412
    0.136106   -5.587803
    0.153119   -5.595207

    0.000000   -5.559457
    0.017013   -5.559868
    0.034026   -5.561063
    0.051040   -5.563098
    0.068053   -5.565918
    0.085066   -5.569659
    0.102079   -5.574203
    0.119092   -5.579735
    0.136106   -5.586138
    0.153119   -5.593568

    0.000000   -5.559080
    0.017013   -5.559502
    0.034026   -5.560705
    0.051040   -5.562721
    0.068053   -5.565527
    0.085066   -5.569172
    0.102079   -5.573589
    0.119092   -5.578979
    0.136106   -5.585258
    0.153119   -5.592523

    0.000000   -5.558579
    0.017013   -5.558979
    0.034026   -5.560139
    0.051040   -5.562112
    0.068053   -5.564868
    0.085066   -5.568496
    0.102079   -5.572909
    0.119092   -5.578302
    0.136106   -5.584582
    0.153119   -5.591866

    0.000000   -3.242925
    0.017013   -3.242482
    0.034026   -3.241104
    0.051040   -3.238880
    0.068053   -3.235691
    0.085066   -3.231660
    0.102079   -3.226717
    0.119092   -3.220910
    0.136106   -3.214319
    0.153119   -3.206717

    0.000000   -3.242813
    0.017013   -3.242348
    0.034026   -3.240938
    0.051040   -3.238679
    0.068053   -3.235450
    0.085066   -3.231378
    0.102079   -3.226392
    0.119092   -3.220540
    0.136106   -3.213901
    0.153119   -3.206251

    0.000000   -3.200762
    0.017013   -3.200330
    0.034026   -3.198985
    0.051040   -3.196818
    0.068053   -3.193688
    0.085066   -3.189706
    0.102079   -3.184850
    0.119092   -3.179142
    0.136106   -3.172598
    0.153119   -3.165213

    0.000000   -3.200614
    0.017013   -3.200163
    0.034026   -3.198795
    0.051040   -3.196603
    0.068053   -3.193446
    0.085066   -3.189434
    0.102079   -3.184548
    0.119092   -3.178809
    0.136106   -3.172233
    0.153119   -3.164815

    0.000000   -3.102866
    0.017013   -3.102498
    0.034026   -3.101311
    0.051040   -3.099390
    0.068053   -3.096682
    0.085066   -3.093263
    0.102079   -3.089117
    0.119092   -3.084253
    0.136106   -3.078766
    0.153119   -3.072678

    0.000000   -3.102776
    0.017013   -3.102394
    0.034026   -3.101192
    0.051040   -3.099253
    0.068053   -3.096528
    0.085066   -3.093092
    0.102079   -3.088929
    0.119092   -3.084048
    0.136106   -3.078544
    0.153119   -3.072441

    0.000000   -2.949745
    0.017013   -2.949506
    0.034026   -2.948754
    0.051040   -2.947568
    0.068053   -2.945930
    0.085066   -2.943896
    0.102079   -2.941558
    0.119092   -2.938858
    0.136106   -2.936011
    0.153119   -2.933103

    0.000000   -2.949688
    0.017013   -2.949439
    0.034026   -2.948676
    0.051040   -2.947479
    0.068053   -2.945829
    0.085066   -2.943783
    0.102079   -2.941432
    0.119092   -2.938717
    0.136106   -2.935853
    0.153119   -2.932926

    0.000000   -2.741021
    0.017013   -2.741048
    0.034026   -2.741113
    0.051040   -2.741315
    0.068053   -2.741681
    0.085066   -2.742243
    0.102079   -2.743186
    0.119092   -2.744565
    0.136106   -2.746648
    0.153119   -2.749579

    0.000000   -2.740925
    0.017013   -2.740939
    0.034026   -2.740985
    0.051040   -2.741164
    0.068053   -2.741503
    0.085066   -2.742032
    0.102079   -2.742936
    0.119092   -2.744268
    0.136106   -2.746296
    0.153119   -2.749162

    0.000000   -2.713491
    0.017013   -2.713733
    0.034026   -2.714405
    0.051040   -2.715618
    0.068053   -2.717352
    0.085066   -2.719538
    0.102079   -2.722212
    0.119092   -2.725422
    0.136106   -2.729303
    0.153119   -2.733553

    0.000000   -2.713372
    0.017013   -2.713616
    0.034026   -2.714265
    0.051040   -2.715439
    0.068053   -2.717124
    0.085066   -2.719256
    0.102079   -2.721870
    0.119092   -2.725016
    0.136106   -2.728829
    0.153119   -2.733007

    0.000000   -2.675740
    0.017013   -2.675993
    0.034026   -2.676720
    0.051040   -2.678097
    0.068053   -2.680021
    0.085066   -2.682533
    0.102079   -2.685571
    0.119092   -2.689133
    0.136106   -2.693382
    0.153119   -2.698231

    0.000000   -2.675575
    0.017013   -2.675841
    0.034026   -2.676573
    0.051040   -2.677943
    0.068053   -2.679853
    0.085066   -2.682343
    0.102079   -2.685354
    0.119092   -2.688885
    0.136106   -2.693099
    0.153119   -2.697911

    0.000000   -2.620427
    0.017013   -2.620774
    0.034026   -2.621691
    0.051040   -2.623424
    0.068053   -2.625855
    0.085066   -2.629080
    0.102079   -2.633005
    0.119092   -2.637536
    0.136106   -2.642874
    0.153119   -2.648996

    0.000000   -2.620301
    0.017013   -2.620664
    0.034026   -2.621593
    0.051040   -2.623330
    0.068053   -2.625756
    0.085066   -2.628969
    0.102079   -2.632875
    0.119092   -2.637382
    0.136106   -2.642693
    0.153119   -2.648784

    0.000000   -2.553697
    0.017013   -2.554194
    0.034026   -2.555407
    0.051040   -2.557551
    0.068053   -2.560408
    0.085066   -2.564078
    0.102079   -2.568609
    0.119092   -2.573744
    0.136106   -2.579775
    0.153119   -2.586608

    0.000000   -2.553612
    0.017013   -2.554038
    0.034026   -2.555196
    0.051040   -2.557318
    0.068053   -2.560167
    0.085066   -2.563837
    0.102079   -2.568364
    0.119092   -2.573484
    0.136106   -2.579482
    0.153119   -2.586254

    0.000000   -2.550216
    0.017013   -2.550516
    0.034026   -2.551007
    0.051040   -2.551934
    0.068053   -2.553263
    0.085066   -2.555109
    0.102079   -2.557579
    0.119092   -2.560694
    0.136106   -2.564793
    0.153119   -2.569989

    0.000000   -2.550130
    0.017013   -2.550326
    0.034026   -2.550736
    0.051040   -2.551614
    0.068053   -2.552908
    0.085066   -2.554720
    0.102079   -2.557152
    0.119092   -2.560211
    0.136106   -2.564234
    0.153119   -2.569322

    0.000000   -2.491788
    0.017013   -2.492118
    0.034026   -2.492816
    0.051040   -2.493982
    0.068053   -2.495691
    0.085066   -2.497987
    0.102079   -2.500871
    0.119092   -2.504448
    0.136106   -2.508951
    0.153119   -2.514456

    0.000000   -2.491648
    0.017013   -2.491992
    0.034026   -2.492693
    0.051040   -2.493851
    0.068053   -2.495542
    0.085066   -2.497807
    0.102079   -2.500648
    0.119092   -2.504167
    0.136106   -2.508590
    0.153119   -2.513990

    0.000000   -2.476126
    0.017013   -2.476359
    0.034026   -2.477084
    0.051040   -2.478269
    0.068053   -2.479956
    0.085066   -2.482194
    0.102079   -2.484980
    0.119092   -2.488380
    0.136106   -2.492409
    0.153119   -2.497034

    0.000000   -2.475947
    0.017013   -2.476187
    0.034026   -2.476917
    0.051040   -2.478107
    0.068053   -2.479799
    0.085066   -2.482040
    0.102079   -2.484824
    0.119092   -2.488219
    0.136106   -2.492231
    0.153119   -2.496817

    0.000000   -2.447559
    0.017013   -2.447721
    0.034026   -2.448314
    0.051040   -2.449216
    0.068053   -2.450463
    0.085066   -2.452093
    0.102079   -2.454064
    0.119092   -2.456396
    0.136106   -2.459218
    0.153119   -2.462431

    0.000000   -2.447458
    0.017013   -2.447621
    0.034026   -2.448215
    0.051040   -2.449117
    0.068053   -2.450363
    0.085066   -2.451991
    0.102079   -2.453957
    0.119092   -2.456282
    0.136106   -2.459095
    0.153119   -2.462292

    0.000000   -2.408962
    0.017013   -2.409519
    0.034026   -2.411133
    0.051040   -2.413879
    0.068053   -2.417696
    0.085066   -2.422606
    0.102079   -2.428598
    0.119092   -2.435572
    0.136106   -2.443478
    0.153119   -2.452090

    0.000000   -2.408897
    0.017013   -2.409455
    0.034026   -2.411070
    0.051040   -2.413819
    0.068053   -2.417640
    0.085066   -2.422553
    0.102079   -2.428545
    0.119092   -2.435511
    0.136106   -2.443397
    0.153119   -2.451973

    0.000000   -2.276783
    0.017013   -2.277327
    0.034026   -2.278776
    0.051040   -2.281254
    0.068053   -2.284762
    0.085066   -2.289374
    0.102079   -2.295116
    0.119092   -2.302117
    0.136106   -2.310524
    0.153119   -2.320403

    0.000000   -2.276416
    0.017013   -2.276960
    0.034026   -2.278410
    0.051040   -2.280891
    0.068053   -2.284403
    0.085066   -2.289021
    0.102079   -2.294771
    0.119092   -2.301782
    0.136106   -2.310204
    0.153119   -2.320104

    0.000000   -2.200467
    0.017013   -2.201103
    0.034026   -2.202940
    0.051040   -2.206076
    0.068053   -2.210505
    0.085066   -2.216300
    0.102079   -2.223491
    0.119092   -2.232053
    0.136106   -2.242160
    0.153119   -2.253755

    0.000000   -2.199885
    0.017013   -2.200523
    0.034026   -2.202361
    0.051040   -2.205501
    0.068053   -2.209935
    0.085066   -2.215735
    0.102079   -2.222932
    0.119092   -2.231500
    0.136106   -2.241616
    0.153119   -2.253221

    0.000000   -1.946429
    0.017013   -1.948017
    0.034026   -1.952753
    0.051040   -1.960673
    0.068053   -1.971796
    0.085066   -1.986124
    0.102079   -2.003616
    0.119092   -2.024199
    0.136106   -2.047724
    0.153119   -2.073936

    0.000000   -1.945869
    0.017013   -1.947461
    0.034026   -1.952201
    0.051040   -1.960126
    0.068053   -1.971255
    0.085066   -1.985589
    0.102079   -2.003087
    0.119092   -2.023676
    0.136106   -2.047208
    0.153119   -2.073424

    0.000000   -1.553201
    0.017013   -1.557797
    0.034026   -1.571415
    0.051040   -1.593579
    0.068053   -1.623534
    0.085066   -1.660347
    0.102079   -1.702975
    0.119092   -1.750354
    0.136106   -1.801443
    0.153119   -1.855234

    0.000000   -1.553167
    0.017013   -1.557772
    0.034026   -1.571395
    0.051040   -1.593558
    0.068053   -1.623510
    0.085066   -1.660316
    0.102079   -1.702938
    0.119092   -1.750307
    0.136106   -1.801380
    0.153119   -1.855150

    0.000000   -1.519656
    0.017013   -1.523133
    0.034026   -1.533647
    0.051040   -1.551556
    0.068053   -1.577414
    0.085066   -1.611213
    0.102079   -1.651698
    0.119092   -1.697274
    0.136106   -1.746563
    0.153119   -1.798375

    0.000000   -1.519058
    0.017013   -1.522543
    0.034026   -1.533075
    0.051040   -1.551032
    0.068053   -1.576983
    0.085066   -1.610887
    0.102079   -1.651445
    0.119092   -1.697065
    0.136106   -1.746377
    0.153119   -1.798201

    0.000000   -1.497861
    0.017013   -1.502179
    0.034026   -1.514836
    0.051040   -1.534916
    0.068053   -1.560903
    0.085066   -1.591595
    0.102079   -1.626782
    0.119092   -1.666442
    0.136106   -1.710221
    0.153119   -1.757529

    0.000000   -1.497780
    0.017013   -1.502085
    0.034026   -1.514707
    0.051040   -1.534725
    0.068053   -1.560627
    0.085066   -1.591242
    0.102079   -1.626384
    0.119092   -1.666025
    0.136106   -1.709797
    0.153119   -1.757107

    0.000000   -1.391062
    0.017013   -1.395512
    0.034026   -1.408687
    0.051040   -1.430082
    0.068053   -1.458912
    0.085066   -1.494205
    0.102079   -1.534880
    0.119092   -1.579815
    0.136106   -1.627929
    0.153119   -1.678182

    0.000000   -1.390908
    0.017013   -1.395358
    0.034026   -1.408531
    0.051040   -1.429924
    0.068053   -1.458751
    0.085066   -1.494041
    0.102079   -1.534714
    0.119092   -1.579647
    0.136106   -1.627761
    0.153119   -1.678013

    0.000000   -1.254091
    0.017013   -1.258324
    0.034026   -1.270841
    0.051040   -1.291148
    0.068053   -1.318472
    0.085066   -1.351868
    0.102079   -1.390302
    0.119092   -1.432708
    0.136106   -1.478081
    0.153119   -1.525488

    0.000000   -1.253887
    0.017013   -1.258118
    0.034026   -1.270634
    0.051040   -1.290937
    0.068053   -1.318257
    0.085066   -1.351650
    0.102079   -1.390082
    0.119092   -1.432488
    0.136106   -1.477864
    0.153119   -1.525277

    0.000000   -1.092774
    0.017013   -1.097556
    0.034026   -1.111884
    0.051040   -1.135839
    0.068053   -1.169755
    0.085066   -1.213947
    0.102079   -1.267643
    0.119092   -1.328820
    0.136106   -1.395233
    0.153119   -1.465006

    0.000000   -1.092562
    0.017013   -1.097334
    0.034026   -1.111632
    0.051040   -1.135533
    0.068053   -1.169366
    0.085066   -1.213463
    0.102079   -1.267088
    0.119092   -1.328228
    0.136106   -1.394626
    0.153119   -1.464398

    0.000000   -1.027478
    0.017013   -1.033722
    0.034026   -1.051906
    0.051040   -1.080385
    0.068053   -1.116460
    0.085066   -1.157031
    0.102079   -1.199914
    0.119092   -1.244273
    0.136106   -1.289692
    0.153119   -1.335663

    0.000000   -1.026727
    0.017013   -1.032983
    0.034026   -1.051199
    0.051040   -1.079737
    0.068053   -1.115903
    0.085066   -1.156581
    0.102079   -1.199555
    0.119092   -1.243973
    0.136106   -1.289428
    0.153119   -1.335424

    0.000000   -0.914485
    0.017013   -0.918437
    0.034026   -0.930111
    0.051040   -0.949023
    0.068053   -0.974552
    0.085066   -1.006410
    0.102079   -1.046625
    0.119092   -1.107511
    0.136106   -1.192797
    0.153119   -1.284727

    0.000000   -0.914262
    0.017013   -0.918217
    0.034026   -0.929890
    0.051040   -0.948800
    0.068053   -0.974331
    0.085066   -1.006197
    0.102079   -1.046428
    0.119092   -1.107117
    0.136106   -1.192199
    0.153119   -1.284057

    0.000000   -0.735606
    0.017013   -0.738891
    0.034026   -0.748635
    0.051040   -0.764578
    0.068053   -0.799146
    0.085066   -0.889294
    0.102079   -0.977847
    0.119092   -1.049250
    0.136106   -1.097822
    0.153119   -1.139478

    0.000000   -0.735274
    0.017013   -0.738556
    0.034026   -0.748289
    0.051040   -0.764205
    0.068053   -0.798054
    0.085066   -0.888376
    0.102079   -0.977029
    0.119092   -1.048712
    0.136106   -1.097458
    0.153119   -1.139157

    0.000000   -0.569487
    0.017013   -0.573416
    0.034026   -0.624701
    0.051040   -0.707919
    0.068053   -0.783879
    0.085066   -0.810632
    0.102079   -0.839526
    0.119092   -0.870346
    0.136106   -0.901964
    0.153119   -0.933373

    0.000000   -0.568927
    0.017013   -0.572738
    0.034026   -0.623519
    0.051040   -0.706952
    0.068053   -0.783569
    0.085066   -0.810284
    0.102079   -0.839171
    0.119092   -0.869991
    0.136106   -0.901613
    0.153119   -0.933029

    0.000000   -0.516872
    0.017013   -0.551681
    0.034026   -0.581022
    0.051040   -0.596078
    0.068053   -0.615161
    0.085066   -0.637224
    0.102079   -0.661116
    0.119092   -0.685871
    0.136106   -0.710795
    0.153119   -0.735469

    0.000000   -0.516665
    0.017013   -0.550994
    0.034026   -0.580521
    0.051040   -0.595603
    0.068053   -0.614714
    0.085066   -0.636811
    0.102079   -0.660737
    0.119092   -0.685525
    0.136106   -0.710480
    0.153119   -0.735183

    0.000000   -0.458967
    0.017013   -0.454996
    0.034026   -0.457848
    0.051040   -0.468390
    0.068053   -0.483238
    0.085066   -0.500669
    0.102079   -0.519915
    0.119092   -0.540742
    0.136106   -0.563176
    0.153119   -0.587355

    0.000000   -0.458670
    0.017013   -0.454089
    0.034026   -0.457108
    0.051040   -0.467857
    0.068053   -0.482849
    0.085066   -0.500374
    0.102079   -0.519685
    0.119092   -0.540559
    0.136106   -0.563030
    0.153119   -0.587239

    0.000000   -0.301353
    0.017013   -0.279288
    0.034026   -0.231221
    0.051040   -0.178211
    0.068053   -0.128491
    0.085066   -0.084608
    0.102079   -0.047053
    0.119092   -0.015562
    0.136106    0.010394
    0.153119    0.031392

    0.000000   -0.300440
    0.017013   -0.278314
    0.034026   -0.230146
    0.051040   -0.177048
    0.068053   -0.127259
    0.085066   -0.083324
    0.102079   -0.045729
    0.119092   -0.014204
    0.136106    0.011787
    0.153119    0.032825

    0.000000    0.072105
    0.017013    0.077537
    0.034026    0.092854
    0.051040    0.115400
    0.068053    0.141641
    0.085066    0.168028
    0.102079    0.191712
    0.119092    0.210918
    0.136106    0.224936
    0.153119    0.233826

    0.000000    0.073396
    0.017013    0.078843
    0.034026    0.094186
    0.051040    0.116745
    0.068053    0.142976
    0.085066    0.169328
    0.102079    0.192966
    0.119092    0.212130
    0.136106    0.226116
    0.153119    0.234987

    0.000000    0.631563
    0.017013    0.636026
    0.034026    0.649408
    0.051040    0.671685
    0.068053    0.702748
    0.085066    0.742264
    0.102079    0.789508
    0.119092    0.843282
    0.136106    0.902032
    0.153119    0.964058

    0.000000    0.632470
    0.017013    0.636923
    0.034026    0.650270
    0.051040    0.672486
    0.068053    0.703466
    0.085066    0.742885
    0.102079    0.790031
    0.119092    0.843720
    0.136106    0.902411
    0.153119    0.964405

    0.000000    1.078933
    0.017013    1.083050
    0.034026    1.095207
    0.051040    1.114831
    0.068053    1.141019
    0.085066    1.172583
    0.102079    1.208095
    0.119092    1.245976
    0.136106    1.284557
    0.153119    1.322204

    0.000000    1.079584
    0.017013    1.083699
    0.034026    1.095846
    0.051040    1.115456
    0.068053    1.141622
    0.085066    1.173157
    0.102079    1.208635
    0.119092    1.246476
    0.136106    1.285016
    0.153119    1.322620

    0.000000    1.211787
    0.017013    1.218953
    0.034026    1.240320
    0.051040    1.275403
    0.068053    1.323461
    0.085066    1.383546
    0.102079    1.454599
    0.119092    1.535494
    0.136106    1.615753
    0.153119    1.664158

    0.000000    1.211895
    0.017013    1.219093
    0.034026    1.240501
    0.051040    1.275627
    0.068053    1.323729
    0.085066    1.383858
    0.102079    1.454953
    0.119092    1.535887
    0.136106    1.616047
    0.153119    1.664470

    0.000000    1.235332
    0.017013    1.242488
    0.034026    1.263813
    0.051040    1.298783
    0.068053    1.346598
    0.085066    1.406188
    0.102079    1.476106
    0.119092    1.552649
    0.136106    1.625256
    0.153119    1.722520

    0.000000    1.235438
    0.017013    1.242624
    0.034026    1.263989
    0.051040    1.299000
    0.068053    1.346859
    0.085066    1.406493
    0.102079    1.476453
    0.119092    1.552991
    0.136106    1.625775
    0.153119    1.723041

    0.000000    1.295545
    0.017013    1.302599
    0.034026    1.323647
    0.051040    1.358190
    0.068053    1.405460
    0.085066    1.464286
    0.102079    1.524103
    0.119092    1.577452
    0.136106    1.652278
    0.153119    1.746759

    0.000000    1.295635
    0.017013    1.302729
    0.034026    1.323820
    0.051040    1.358405
    0.068053    1.405714
    0.085066    1.464568
    0.102079    1.524507
    0.119092    1.577871
    0.136106    1.652688
    0.153119    1.747229

    0.000000    1.347097
    0.017013    1.353313
    0.034026    1.371374
    0.051040    1.399527
    0.068053    1.435632
    0.085066    1.478231
    0.102079    1.535462
    0.119092    1.614397
    0.136106    1.702182
    0.153119    1.797291

    0.000000    1.347182
    0.017013    1.353423
    0.034026    1.371519
    0.051040    1.399733
    0.068053    1.435910
    0.085066    1.478552
    0.102079    1.535842
    0.119092    1.614802
    0.136106    1.702626
    0.153119    1.797778

    0.000000    1.371933
    0.017013    1.377979
    0.034026    1.396332
    0.051040    1.427543
    0.068053    1.471877
    0.085066    1.528515
    0.102079    1.595961
    0.119092    1.672582
    0.136106    1.756374
    0.153119    1.842337

    0.000000    1.372422
    0.017013    1.378464
    0.034026    1.396793
    0.051040    1.427952
    0.068053    1.472241
    0.085066    1.528867
    0.102079    1.596324
    0.119092    1.672965
    0.136106    1.756804
    0.153119    1.842783

    0.000000    1.412265
    0.017013    1.418846
    0.034026    1.438423
    0.051040    1.470406
    0.068053    1.513844
    0.085066    1.567483
    0.102079    1.629821
    0.119092    1.699149
    0.136106    1.773759
    0.153119    1.854648

    0.000000    1.412408
    0.017013    1.419055
    0.034026    1.438739
    0.051040    1.470827
    0.068053    1.514364
    0.085066    1.568099
    0.102079    1.630544
    0.119092    1.700021
    0.136106    1.774902
    0.153119    1.856104

    0.000000    1.628581
    0.017013    1.630198
    0.034026    1.644465
    0.051040    1.672364
    0.068053    1.713221
    0.085066    1.765953
    0.102079    1.829206
    0.119092    1.901504
    0.136106    1.981304
    0.153119    2.067085

    0.000000    1.629060
    0.017013    1.631032
    0.034026    1.645316
    0.051040    1.673227
    0.068053    1.714096
    0.085066    1.766839
    0.102079    1.830100
    0.119092    1.902401
    0.136106    1.982198
    0.153119    2.067969

    0.000000    1.632992
    0.017013    1.644845
    0.034026    1.672059
    0.051040    1.712118
    0.068053    1.763978
    0.085066    1.826527
    0.102079    1.898582
    0.119092    1.978926
    0.136106    2.066323
    0.153119    2.159524

    0.000000    1.633130
    0.017013    1.645604
    0.034026    1.672857
    0.051040    1.712933
    0.068053    1.764809
    0.085066    1.827368
    0.102079    1.899430
    0.119092    1.979776
    0.136106    2.067165
    0.153119    2.160350

    0.000000    2.909354
    0.017013    2.909611
    0.034026    2.910397
    0.051040    2.911811
    0.068053    2.911613
    0.085066    2.911948
    0.102079    2.907322
    0.119092    2.903690
    0.136106    2.903221
    0.153119    2.906452

    0.000000    2.909468
    0.017013    2.909772
    0.034026    2.910706
    0.051040    2.912204
    0.068053    2.912131
    0.085066    2.912599
    0.102079    2.907856
    0.119092    2.904479
    0.136106    2.904009
    0.153119    2.907272

    0.000000    2.969114
    0.017013    2.967066
    0.034026    2.961569
    0.051040    2.953395
    0.068053    2.944561
    0.085066    2.937978
    0.102079    2.927878
    0.119092    2.919560
    0.136106    2.914092
    0.153119    2.912731

    0.000000    2.969374
    0.017013    2.967353
    0.034026    2.962000
    0.051040    2.953824
    0.068053    2.945110
    0.085066    2.938784
    0.102079    2.929060
    0.119092    2.920377
    0.136106    2.914932
    0.153119    2.913630

    0.000000    3.116478
    0.017013    3.111570
    0.034026    3.098065
    0.051040    3.078395
    0.068053    3.055818
    0.085066    3.034800
    0.102079    3.013093
    0.119092    2.994685
    0.136106    2.980509
    0.153119    2.968587

    0.000000    3.116731
    0.017013    3.111840
    0.034026    3.098386
    0.051040    3.078697
    0.068053    3.056156
    0.085066    3.035258
    0.102079    3.013808
    0.119092    2.995297
    0.136106    2.981234
    0.153119    2.969389

    0.000000    3.201111
    0.017013    3.200510
    0.034026    3.199340
    0.051040    3.199208
    0.068053    3.189191
    0.085066    3.185896
    0.102079    3.153353
    0.119092    3.127308
    0.136106    3.106260
    0.153119    3.088322

    0.000000    3.201332
    0.017013    3.200733
    0.034026    3.199683
    0.051040    3.199536
    0.068053    3.189778
    0.085066    3.186663
    0.102079    3.153882
    0.119092    3.127977
    0.136106    3.107056
    0.153119    3.089226

    0.000000    3.264699
    0.017013    3.265218
    0.034026    3.266823
    0.051040    3.269496
    0.068053    3.273197
    0.085066    3.277974
    0.102079    3.283739
    0.119092    3.266906
    0.136106    3.247850
    0.153119    3.226194

    0.000000    3.264851
    0.017013    3.265372
    0.034026    3.266982
    0.051040    3.269663
    0.068053    3.273384
    0.085066    3.278168
    0.102079    3.283999
    0.119092    3.267904
    0.136106    3.248845
    0.153119    3.227264

    0.000000    3.290869
    0.017013    3.291912
    0.034026    3.295767
    0.051040    3.306047
    0.068053    3.301025
    0.085066    3.302828
    0.102079    3.288800
    0.119092    3.290625
    0.136106    3.298389
    0.153119    3.307072

    0.000000    3.291254
    0.017013    3.292393
    0.034026    3.296668
    0.051040    3.306714
    0.068053    3.301673
    0.085066    3.304010
    0.102079    3.292835
    0.119092    3.290844
    0.136106    3.298643
    0.153119    3.307369

    0.000000    3.325113
    0.017013    3.325557
    0.034026    3.326915
    0.051040    3.329101
    0.068053    3.331655
    0.085066    3.335390
    0.102079    3.327655
    0.119092    3.323490
    0.136106    3.330217
    0.153119    3.339338

    0.000000    3.325506
    0.017013    3.325948
    0.034026    3.327315
    0.051040    3.329528
    0.068053    3.332044
    0.085066    3.336056
    0.102079    3.330047
    0.119092    3.325154
    0.136106    3.331938
    0.153119    3.341068

    0.000000    3.360433
    0.017013    3.359567
    0.034026    3.355629
    0.051040    3.348468
    0.068053    3.341310
    0.085066    3.343282
    0.102079    3.342758
    0.119092    3.347527
    0.136106    3.353889
    0.153119    3.360971

    0.000000    3.360755
    0.017013    3.360168
    0.034026    3.356167
    0.051040    3.349257
    0.068053    3.341796
    0.085066    3.344293
    0.102079    3.343789
    0.119092    3.348033
    0.136106    3.354391
    0.153119    3.361458

    0.000000    3.369815
    0.017013    3.367947
    0.034026    3.369223
    0.051040    3.377751
    0.068053    3.377750
    0.085066    3.383137
    0.102079    3.391958
    0.119092    3.385776
    0.136106    3.392580
    0.153119    3.394050

    0.000000    3.370604
    0.017013    3.369116
    0.034026    3.370299
    0.051040    3.378372
    0.068053    3.378042
    0.085066    3.383665
    0.102079    3.395308
    0.119092    3.385974
    0.136106    3.392759
    0.153119    3.394590

    0.000000    3.406459
    0.017013    3.406170
    0.034026    3.406325
    0.051040    3.408312
    0.068053    3.409906
    0.085066    3.410573
    0.102079    3.412350
    0.119092    3.407474
    0.136106    3.402333
    0.153119    3.401069

    0.000000    3.407110
    0.017013    3.406724
    0.034026    3.406967
    0.051040    3.408920
    0.068053    3.410468
    0.085066    3.410843
    0.102079    3.412661
    0.119092    3.407896
    0.136106    3.402714
    0.153119    3.401867

    0.000000    3.410401
    0.017013    3.411192
    0.034026    3.414114
    0.051040    3.427723
    0.068053    3.427621
    0.085066    3.422015
    0.102079    3.416627
    0.119092    3.415734
    0.136106    3.421476
    0.153119    3.429569

    0.000000    3.410952
    0.017013    3.411605
    0.034026    3.414616
    0.051040    3.428846
    0.068053    3.428592
    0.085066    3.423098
    0.102079    3.418897
    0.119092    3.416302
    0.136106    3.422049
    0.153119    3.430228

    0.000000    3.432691
    0.017013    3.433790
    0.034026    3.438648
    0.051040    3.447323
    0.068053    3.446173
    0.085066    3.445322
    0.102079    3.449783
    0.119092    3.448538
    0.136106    3.453706
    0.153119    3.459915

    0.000000    3.433715
    0.017013    3.434970
    0.034026    3.439230
    0.051040    3.448900
    0.068053    3.447990
    0.085066    3.446889
    0.102079    3.452018
    0.119092    3.450182
    0.136106    3.455289
    0.153119    3.461461

    0.000000    3.467146
    0.017013    3.467103
    0.034026    3.467240
    0.051040    3.469377
    0.068053    3.470712
    0.085066    3.475055
    0.102079    3.470022
    0.119092    3.467418
    0.136106    3.468755
    0.153119    3.470681

    0.000000    3.469579
    0.017013    3.469444
    0.034026    3.469105
    0.051040    3.470143
    0.068053    3.471558
    0.085066    3.475645
    0.102079    3.471538
    0.119092    3.468251
    0.136106    3.469783
    0.153119    3.471929

    0.000000    3.472436
    0.017013    3.472387
    0.034026    3.473338
    0.051040    3.486281
    0.068053    3.485266
    0.085066    3.493188
    0.102079    3.496605
    0.119092    3.487988
    0.136106    3.493139
    0.153119    3.499977

    0.000000    3.473837
    0.017013    3.473737
    0.034026    3.474557
    0.051040    3.487887
    0.068053    3.486164
    0.085066    3.493531
    0.102079    3.503063
    0.119092    3.490024
    0.136106    3.495431
    0.153119    3.502426

    0.000000    3.538377
    0.017013    3.536041
    0.034026    3.531517
    0.051040    3.531683
    0.068053    3.529148
    0.085066    3.523773
    0.102079    3.523776
    0.119092    3.521120
    0.136106    3.522378
    0.153119    3.524615

    0.000000    3.539549
    0.017013    3.537289
    0.034026    3.533181
    0.051040    3.533186
    0.068053    3.531029
    0.085066    3.525720
    0.102079    3.526167
    0.119092    3.522774
    0.136106    3.523981
    0.153119    3.526188

    0.000000    3.615924
    0.017013    3.622555
    0.034026    3.674694
    0.051040    3.717452
    0.068053    3.667987
    0.085066    3.659250
    0.102079    3.643349
    0.119092    3.628845
    0.136106    3.618128
    0.153119    3.607745

    0.000000    3.616293
    0.017013    3.633998
    0.034026    3.677048
    0.051040    3.724700
    0.068053    3.670064
    0.085066    3.661551
    0.102079    3.647438
    0.119092    3.630292
    0.136106    3.619412
    0.153119    3.609150

    0.000000    3.690675
    0.017013    3.689911
    0.034026    3.726153
    0.051040    3.773077
    0.068053    3.769773
    0.085066    3.783907
    0.102079    3.723797
    0.119092    3.696254
    0.136106    3.699656
    0.153119    3.700812

    0.000000    3.691838
    0.017013    3.693501
    0.034026    3.760408
    0.051040    3.774368
    0.068053    3.771101
    0.085066    3.787170
    0.102079    3.738304
    0.119092    3.701247
    0.136106    3.702946
    0.153119    3.702817

    0.000000    3.772262
    0.017013    3.772408
    0.034026    3.774851
    0.051040    3.807412
    0.068053    3.809207
    0.085066    3.806962
    0.102079    3.801546
    0.119092    3.789647
    0.136106    3.795799
    0.153119    3.801717

    0.000000    3.773750
    0.017013    3.777189
    0.034026    3.789726
    0.051040    3.807954
    0.068053    3.809316
    0.085066    3.808431
    0.102079    3.810473
    0.119092    3.792131
    0.136106    3.798016
    0.153119    3.804238

    0.000000    3.796433
    0.017013    3.798589
    0.034026    3.806031
    0.051040    3.831122
    0.068053    3.817067
    0.085066    3.827079
    0.102079    3.825356
    0.119092    3.808636
    0.136106    3.812624
    0.153119    3.818106

    0.000000    3.806659
    0.017013    3.807261
    0.034026    3.810055
    0.051040    3.833944
    0.068053    3.817670
    0.085066    3.827865
    0.102079    3.833590
    0.119092    3.816584
    0.136106    3.822749
    0.153119    3.830920

