# lattice size: 128 * 128
# algorithm: Wolff
# warming-up steps: 10000
# evolution steps: 100000
        2.3000000000        0.2677542091  3087202.1639527692        1.9940970571
        2.3100000000        0.2133535070  2327424.7878025803        1.7705369544
        2.3200000000        0.1771603379  1755572.5588343809        1.6087249316
        2.3300000000        0.1508621369  1341973.0985152894        1.5169719089
        2.3400000000        0.1322770907  1055704.1185823374        1.4027362184
        2.3500000000        0.1179608379   855602.5703606023        1.3394679151
        2.3600000000        0.1070057458   709651.1944239308        1.2952498811
        2.3700000000        0.0975118893   592584.0388151460        1.2389589074
        2.3800000000        0.0903783147   506282.8519854372        1.1958935160
        2.3900000000        0.0839666486   440150.6212386678        1.1402058653
        2.4000000000        0.0785770277   384230.6720503042        1.1167766306
        2.4100000000        0.0736584578   338797.1557954652        1.0962656915
        2.4200000000        0.0697911651   303525.3894606383        1.0613848275
        2.4300000000        0.0661886413   272851.2200471183        1.0062516047
        2.4400000000        0.0628605795   244614.8923779387        0.9781503259
        2.4500000000        0.0600931418   223061.4983507671        0.9611482688
        2.4600000000        0.0579024419   206539.0102715190        0.9280241300
        2.4700000000        0.0551617741   187012.4333818595        0.9201251162
        2.4800000000        0.0531429704   173202.2883368741        0.8904586425
        2.4900000000        0.0510908532   159148.3633627029        0.8554039307
        2.5000000000        0.0493587891   147292.5365514563        0.8436185257
        2.5100000000        0.0475374995   136679.3598020289        0.8691194571
        2.5200000000        0.0461494083   128517.2463013857        0.8492584821
        2.5300000000        0.0447056362   119656.1339039891        0.7902672008
        2.5400000000        0.0434999237   112327.9962962354        0.7924271405
        2.5500000000        0.0425754221   108198.2541664510        0.7361180061
        2.5600000000        0.0411844656   100612.5051649607        0.7679505346
        2.5700000000        0.0404641795    97650.7380109434        0.7449733648
        2.5800000000        0.0393069895    92230.0553623353        0.7382620810
        2.5900000000        0.0385481633    86229.2122153645        0.6987467252
        2.6000000000        0.0373541198    82377.8510575059        0.7216584942
        2.6100000000        0.0363145892    76639.6221478978        0.6945102082
        2.6200000000        0.0355931277    73931.6608177796        0.6654022021
        2.6300000000        0.0349747426    70900.2700112080        0.6908036780
        2.6400000000        0.0343078916    68419.5793496228        0.6468287347
        2.6500000000        0.0337578806    65295.5403201952        0.6338238718
        2.6600000000        0.0329875400    63068.9706773306        0.6530917364
        2.6700000000        0.0325691014    60560.3173401482        0.6317818677
        2.6800000000        0.0314841619    55905.3713836237        0.6415098591
        2.6900000000        0.0311870625    54871.0938080251        0.5882764657
        2.7000000000        0.0307681796    53632.2255435126        0.6058905877
        2.7100000000        0.0300613402    51599.4723293821        0.5767678108
        2.7200000000        0.0298438042    50025.7914173576        0.5831279969
        2.7300000000        0.0294907811    48534.2952659500        0.5839291899
        2.7400000000        0.0288217583    46250.5634649280        0.5598654250
        2.7500000000        0.0283339706    44301.4655271818        0.5823052454
        2.7600000000        0.0275835305    42052.7457117256        0.5492646032
        2.7700000000        0.0274394789    41271.7089642101        0.5217348010
        2.7800000000        0.0268718571    40190.6255948643        0.5171972541
        2.7900000000        0.0269003351    39528.9522482768        0.5208687718
        2.8000000000        0.0261160727    37962.7755619679        0.5365574470
        2.8100000000        0.0261450601    37518.6258063196        0.5392525091
        2.8200000000        0.0256941854    35518.2084076376        0.5089117120
        2.8300000000        0.0252652258    34568.8567492540        0.4926081890
        2.8400000000        0.0249743627    33110.7135386791        0.4770322501
        2.8500000000        0.0250499710    33240.4536155701        0.4805309905
        2.8600000000        0.0243532309    31566.4721849224        0.4744716151
        2.8700000000        0.0243666948    31651.9155632318        0.4443525900
        2.8800000000        0.0240522018    30611.7697586371        0.4498232674
        2.8900000000        0.0231441941    28807.1944615877        0.4733093004
        2.9000000000        0.0236338988    29162.4359530017        0.4285029479
        2.9100000000        0.0227092274    27405.1021678282        0.4627251949
        2.9200000000        0.0227951994    27923.8998946851        0.4511574201
        2.9300000000        0.0226556855    27006.9096464031        0.4621433488
        2.9400000000        0.0224080393    26400.3606043462        0.4419735074
        2.9500000000        0.0220637804    25776.0535277805        0.4168967554
        2.9600000000        0.0217935909    24633.4910602661        0.4218097123
        2.9700000000        0.0220008273    25198.2045410715        0.4229166901
        2.9800000000        0.0218877144    24334.4908660747        0.4271668285
        2.9900000000        0.0215060715    23611.6822516805        0.4264923560
        3.0000000000        0.0210997583    22899.8678105222        0.4032765435
        3.0100000000        0.0208455192    21976.5401846039        0.4215851710
        3.0200000000        0.0210702660    22023.2700754367        0.3906434526
        3.0300000000        0.0206268404    21657.5215347284        0.3575868142
        3.0400000000        0.0201181646    20672.7167115856        0.3981978950
        3.0500000000        0.0201440157    20097.4661206561        0.3597519329
        3.0600000000        0.0202438987    20509.5471486892        0.3636504195
        3.0700000000        0.0200857179    19464.4389157063        0.3706178946
        3.0800000000        0.0196189952    18846.0832080922        0.3445711196
        3.0900000000        0.0192521255    18274.4771558210        0.3637146320
        3.1000000000        0.0191087318    17859.6621402436        0.3568042668
        3.1100000000        0.0195503754    18764.8201651108        0.3494785425
        3.1200000000        0.0198352908    18584.0655013397        0.3633158301
        3.1300000000        0.0189305405    17506.2995875079        0.3615304788
        3.1400000000        0.0188827136    17509.3026352280        0.3465660436
        3.1500000000        0.0189285674    17105.8422539340        0.3528393900
        3.1600000000        0.0187662539    16949.5986980421        0.3533315271
        3.1700000000        0.0184727792    16283.1959026057        0.3573468011
        3.1800000000        0.0184756391    16015.7413047237        0.3295228428
        3.1900000000        0.0183311368    16253.3629007371        0.3364271049
        3.2000000000        0.0184049048    15767.0815977121        0.3016090280
        3.2100000000        0.0181512515    15690.3941458222        0.3183814971
        3.2200000000        0.0181043881    15205.9870571221        0.3199469426
        3.2300000000        0.0182238769    15789.2336653097        0.3196143217
        3.2400000000        0.0176472598    14715.8670415787        0.3185234490
        3.2500000000        0.0173216374    14710.8409993061        0.3167593665
        3.2600000000        0.0175419594    14204.6234537765        0.3196219756
        3.2700000000        0.0176606184    14746.6663659870        0.3008964414
        3.2800000000        0.0174649574    13775.1001499988        0.2991323594
        3.2900000000        0.0167362847    13370.9686045211        0.2891016164
        3.3000000000        0.0170622582    13546.3427692512        0.3083873308
        3.3100000000        0.0168226540    13341.0631913483        0.2912648684
        3.3200000000        0.0169748480    13471.3301867085        0.2746868580
        3.3300000000        0.0167736065    12632.0519715418        0.3071289675
        3.3400000000        0.0164809877    12459.2304564754        0.3030071907
        3.3500000000        0.0162019252    11980.5998361979        0.2965776576
        3.3600000000        0.0165207913    12407.0612251620        0.2839156572
        3.3700000000        0.0166628976    13054.7109794823        0.2827538931
        3.3800000000        0.0160765222    12087.3305200866        0.2780210750
        3.3900000000        0.0163281863    12215.8898374013        0.2672299222
        3.4000000000        0.0161765276    12165.9058007288        0.2724554607
        3.4100000000        0.0158647624    11407.0195716858        0.2598234750
        3.4200000000        0.0159392827    11282.3980664100        0.2865546866
        3.4300000000        0.0163413349    11829.9107868846        0.2649846427
        3.4400000000        0.0157980589    10900.2402327342        0.2537322073
        3.4500000000        0.0158287827    11146.5282436675        0.2508423316
        3.4600000000        0.0154798561    10833.4904241760        0.2754599056
        3.4700000000        0.0156432058    10646.9051885605        0.2570414558
        3.4800000000        0.0155693556    10916.8400687173        0.2532027735
        3.4900000000        0.0155804681    10681.8420040826        0.2583266461
        3.5000000000        0.0154304546    10096.5058654452        0.2328324925
        3.5100000000        0.0153229204    10234.1413965017        0.2502843170
        3.5200000000        0.0149510401     9997.6971442159        0.2466378858
        3.5300000000        0.0150604233    10062.1614001415        0.2451790756
        3.5400000000        0.0154601870    10517.5747719386        0.2414362110
        3.5500000000        0.0149906885     9538.0945793371        0.2254094769
        3.5600000000        0.0147227451     9100.6663099223        0.2354326356
        3.5700000000        0.0147898809     9586.6096930492        0.2323521279
        3.5800000000        0.0149314211     9433.7207409964        0.2237906448
        3.5900000000        0.0153174544    10049.1157583358        0.2279689317
        3.6000000000        0.0147216478     9412.1622677020        0.2265314543
        3.6100000000        0.0149428522     9642.7105013253        0.2228292637
        3.6200000000        0.0145395234     8965.9615235246        0.2232947595
        3.6300000000        0.0148129794     9169.0571159282        0.2126551346
        3.6400000000        0.0141500377     8400.6207200997        0.2240375093
        3.6500000000        0.0149082100     9040.3072606541        0.2330583044
        3.6600000000        0.0147155380     9229.7768004398        0.2098598000
        3.6700000000        0.0141368073     8342.2511636234        0.2114662821
        3.6800000000        0.0142484342     8506.9300842460        0.2222978631
        3.6900000000        0.0140025837     8221.5888669283        0.2091202544
        3.7000000000        0.0141388174     7965.3006664805        0.2267764413
        3.7100000000        0.0142199677     8548.2633269671        0.2224630634
        3.7200000000        0.0143327831     8414.6409771826        0.2020303473
        3.7300000000        0.0139185916     7948.8275023427        0.1988596058
        3.7400000000        0.0137135181     7825.6429812289        0.2115865978
        3.7500000000        0.0138959831     7930.3194724147        0.2080975872
        3.7600000000        0.0141174753     8105.7158019918        0.1966559911
        3.7700000000        0.0138828017     7824.3682001881        0.2062881202
        3.7800000000        0.0139119706     7740.3276998122        0.2060749734
        3.7900000000        0.0138704530     7808.3872050439        0.1972501465
        3.8000000000        0.0138522684     7469.5142093503        0.2003037058
        3.8100000000        0.0135125692     7516.5735319346        0.1929025646
        3.8200000000        0.0137930283     7507.4808859292        0.1891890800
        3.8300000000        0.0134506339     7209.9823088193        0.1791651892
        3.8400000000        0.0134842014     7250.8887183368        0.1941467565
        3.8500000000        0.0136146085     7276.2934486755        0.1977504154
        3.8600000000        0.0134654607     7183.2693507962        0.1917573265
        3.8700000000        0.0135261987     7056.5838936010        0.2000727797
        3.8800000000        0.0132691316     7143.7385156934        0.1836645977
        3.8900000000        0.0134107368     6862.3505847590        0.1871687398
        3.9000000000        0.0129609046     6804.1020621769        0.1740608055
        3.9100000000        0.0130293826     6576.2923079002        0.1769757473
        3.9200000000        0.0130700658     6603.7203071552        0.1803210003
        3.9300000000        0.0130907780     6578.1874158577        0.1729383376
        3.9400000000        0.0129750156     6670.2867406475        0.1852112657
        3.9500000000        0.0128807079     6311.2033069224        0.1705627600
        3.9600000000        0.0129841647     6691.5174652787        0.1700856350
        3.9700000000        0.0127525991     6227.8731468626        0.1669889661
        3.9800000000        0.0128524798     6405.7046606625        0.1818065186
        3.9900000000        0.0125885141     6166.5996384596        0.1670748433
        4.0000000000        0.0129930077     6547.8159583585        0.1570548682
        4.0100000000        0.0128425797     6286.7002349096        0.1603875218
        4.0200000000        0.0131186924     6184.1438128282        0.1764869043
        4.0300000000        0.0129448657     6257.3157644809        0.1640464077
        4.0400000000        0.0125019501     6128.2931966876        0.1704672233
        4.0500000000        0.0128974568     6257.1795365718        0.1713218405
        4.0600000000        0.0127551176     5922.5435144893        0.1539001106
        4.0700000000        0.0128441674     6270.7839344107        0.1601629229
        4.0800000000        0.0123985675     6099.8648529665        0.1623271040
        4.0900000000        0.0124724902     5854.5515558635        0.1570914824
        4.1000000000        0.0122849474     5856.7016036309        0.1610484396
        4.1100000000        0.0124500206     5656.0710800989        0.1483400545
        4.1200000000        0.0121174537     5627.4373529126        0.1730809149
        4.1300000000        0.0125168262     5826.4330259924        0.1496207891
        4.1400000000        0.0124276524     5672.1221008924        0.1536173446
        4.1500000000        0.0126637584     5784.5272467699        0.1547214922
        4.1600000000        0.0125945556     5669.1044573878        0.1488274150
        4.1700000000        0.0124859400     5555.0464811383        0.1514050607
        4.1800000000        0.0123301730     5642.6754956512        0.1572405670
        4.1900000000        0.0123457780     5373.5871865712        0.1541249178
        4.2000000000        0.0122286796     5676.1491643248        0.1508381188
        4.2100000000        0.0123671568     5640.8930023578        0.1466261518
        4.2200000000        0.0121483574     5197.2786583596        0.1491278392
        4.2300000000        0.0122401685     5645.2328281026        0.1528133959
        4.2400000000        0.0123957638     5638.7712088002        0.1463352377
        4.2500000000        0.0118070444     4836.6928423628        0.1342377232
        4.2600000000        0.0117669965     5044.7719852534        0.1460470982
        4.2700000000        0.0121055405     5057.4678722896        0.1581832605
        4.2800000000        0.0117203713     4809.7918777728        0.1338773555
        4.2900000000        0.0116210364     4815.8234804468        0.1483594859
        4.3000000000        0.0119993456     5228.2314152547        0.1343865471
        4.3100000000        0.0118991138     5020.2263671244        0.1317090779
        4.3200000000        0.0118120638     5108.2797693776        0.1434024714
        4.3300000000        0.0116865696     4826.3218421543        0.1510097852
        4.3400000000        0.0121392850     5198.3398767680        0.1424518603
        4.3500000000        0.0116626654     4783.5585209582        0.1333956306
        4.3600000000        0.0117065491     4729.5742832546        0.1279603334
        4.3700000000        0.0118088398     4961.5001405605        0.1290509863
        4.3800000000        0.0118332611     5026.1812091730        0.1378743461
        4.3900000000        0.0117910950     4809.0193926903        0.1285024657
        4.4000000000        0.0117425371     4723.6933903354        0.1335446788
        4.4100000000        0.0116145991     4491.6791874554        0.1359997021
        4.4200000000        0.0113647815     4459.1384802407        0.1263849949
        4.4300000000        0.0118193179     4770.9247456508        0.1289973912
        4.4400000000        0.0122662557     5085.1852837644        0.1246959754
        4.4500000000        0.0121402438     4806.6189062652        0.1271304940
        4.4600000000        0.0115146899     4576.9602501165        0.1266211482
        4.4700000000        0.0115117403     4578.8103931177        0.1314453807
        4.4800000000        0.0114329230     4364.4917320670        0.1159254067
        4.4900000000        0.0115023255     4497.5187482305        0.1258255806
        4.5000000000        0.0116878389     4591.5109579844        0.1372345779
        4.5100000000        0.0114068386     4318.1032852546        0.1264816073
        4.5200000000        0.0121335550     4980.6853144454        0.1196015931
        4.5300000000        0.0110244678     4124.0649999969        0.1083944462
        4.5400000000        0.0112696558     4162.7657631363        0.1244295203
        4.5500000000        0.0113661155     4345.1424933220        0.1290202981
        4.5600000000        0.0111449712     4188.2042952575        0.1267914122
        4.5700000000        0.0115942796     4632.2185850637        0.1248064084
        4.5800000000        0.0112400455     4492.0681054430        0.1221291911
        4.5900000000        0.0111363301     4130.8716748355        0.1176846393
        4.6000000000        0.0111190842     4102.4554186537        0.1295799882
        4.6100000000        0.0112802127     4364.6133854339        0.1314590398
        4.6200000000        0.0106187498     3698.3353756650        0.1061202090
        4.6300000000        0.0113760296     4114.4578376988        0.1158696806
        4.6400000000        0.0109481937     4036.2183287220        0.1189946450
        4.6500000000        0.0115771558     4487.3921864056        0.1169828512
        4.6600000000        0.0112596816     4040.6096795721        0.1088109453
        4.6700000000        0.0110774127     3920.9712047476        0.1068838009
        4.6800000000        0.0109178296     3974.8214172226        0.1082538377
        4.6900000000        0.0107402094     3791.8348245572        0.1187215495
        4.7000000000        0.0114509332     4283.6044058218        0.1209391988
        4.7100000000        0.0112974639     4280.1471114059        0.1122945853
        4.7200000000        0.0110326411     3949.4082729532        0.1224797440
        4.7300000000        0.0109697127     4179.5150469743        0.1078216348
        4.7400000000        0.0115824257     4308.8997743115        0.1148362748
        4.7500000000        0.0108219584     3866.4442214151        0.1189295497
        4.7600000000        0.0108240699     3839.6322943094        0.1098291603
        4.7700000000        0.0108672174     3993.8824232118        0.1076627708
        4.7800000000        0.0108572533     3715.7708896142        0.1069266972
        4.7900000000        0.0110732542     3850.6391581507        0.1046943650
        4.8000000000        0.0108786348     3704.0554208375        0.1288661205
        4.8100000000        0.0112854214     3857.9590122414        0.1136783311
        4.8200000000        0.0107939601     3858.8734843696        0.1058536942
        4.8300000000        0.0106170129     3646.4375736301        0.0970877117
        4.8400000000        0.0105670112     3487.4575119974        0.1025496461
        4.8500000000        0.0109267337     3649.6681139802        0.1023169969
        4.8600000000        0.0108746900     3640.1180284828        0.0983311327
        4.8700000000        0.0105551805     3668.7155706189        0.1065393163
        4.8800000000        0.0103842886     3472.7040853456        0.1087592177
        4.8900000000        0.0109325272     3585.5172263445        0.1022244050
        4.9000000000        0.0104088234     3342.2853951273        0.0941253901
        4.9100000000        0.0107309429     3487.0805949790        0.1030718647
        4.9200000000        0.0106453307     3497.2991426673        0.1023180067
        4.9300000000        0.0105239725     3612.5791716294        0.1032028143
        4.9400000000        0.0109929372     3583.0914083258        0.1060672295
        4.9500000000        0.0105240421     3588.7462141275        0.1071396340
        4.9600000000        0.0103737867     3406.7835121402        0.0973166336
        4.9700000000        0.0102999766     3295.9823832855        0.1006404456
        4.9800000000        0.0107741104     3525.3759497690        0.1017444030
        4.9900000000        0.0105329600     3391.7018967755        0.0934464964
        5.0000000000        0.0108317279     3484.4635775959        0.0963856863
