# lattice size: 32 * 32
# algorithm: Wolff
# warming-up steps: 200
# evolution steps: 2000
        0.0100000000        1.0000000000        0.0000000000        0.0000000000
        0.0200000000        1.0000000000        0.0000000000        0.0000000000
        0.0300000000        1.0000000000        0.0000000000        0.0000000000
        0.0400000000        1.0000000000        0.0000000000        0.0000000000
        0.0500000000        1.0000000000        0.0000000000        0.0000000000
        0.0600000000        1.0000000000        0.0000000000        0.0000000000
        0.0700000000        1.0000000000        0.0000000000        0.0000000000
        0.0800000000        1.0000000000        0.0000000000        0.0000000000
        0.0900000000        1.0000000000        0.0000000000        0.0000000000
        0.1000000000        1.0000000000        0.0000000000        0.0000000000
        0.1100000000        1.0000000000        0.0000000000        0.0000000000
        0.1200000000        1.0000000000        0.0000000000        0.0000000000
        0.1300000000        1.0000000000        0.0000000000        0.0000000000
        0.1400000000        1.0000000000        0.0000000000        0.0000000000
        0.1500000000        1.0000000000        0.0000000000        0.0000000000
        0.1600000000        1.0000000000        0.0000000000        0.0000000000
        0.1700000000        1.0000000000        0.0000000000        0.0000000000
        0.1800000000        1.0000000000        0.0000000000        0.0000000000
        0.1900000000        1.0000000000        0.0000000000        0.0000000000
        0.2000000000        1.0000000000        0.0000000000        0.0000000000
        0.2100000000        1.0000000000        0.0000000000        0.0000000000
        0.2200000000        1.0000000000        0.0000000000        0.0000000000
        0.2300000000        1.0000000000        0.0000000000        0.0000000000
        0.2400000000        1.0000000000        0.0000000000        0.0000000000
        0.2500000000        1.0000000000        0.0000000000        0.0000000000
        0.2600000000        1.0000000000        0.0000000000        0.0000000000
        0.2700000000        1.0000000000        0.0000000000        0.0000000000
        0.2800000000        1.0000000000        0.0000000000        0.0000000000
        0.2900000000        1.0000000000        0.0000000000        0.0000000000
        0.3000000000        1.0000000000        0.0000000000        0.0000000000
        0.3100000000        1.0000000000        0.0000000000        0.0000000000
        0.3200000000        1.0000000000        0.0000000000        0.0000000000
        0.3300000000        1.0000000000        0.0000000000        0.0000000000
        0.3400000000        1.0000000000        0.0000000000        0.0000000000
        0.3500000000        1.0000000000        0.0000000000        0.0000000000
        0.3600000000        1.0000000000        0.0000000000        0.0000000000
        0.3700000000        1.0000000000        0.0000000000        0.0000000000
        0.3800000000        1.0000000000        0.0000000000        0.0000000000
        0.3900000000        1.0000000000        0.0000000000        0.0000000000
        0.4000000000        1.0000000000        0.0000000000        0.0000000000
        0.4100000000        1.0000000000        0.0000000000        0.0000000000
        0.4200000000        1.0000000000        0.0000000000        0.0000000000
        0.4300000000        1.0000000000        0.0000000000        0.0000000000
        0.4400000000        0.9999999390        0.0002840820        0.0000100881
        0.4500000000        0.9999999390        0.0002777690        0.0000096448
        0.4600000000        0.9999998779        0.0005434444        0.0000184594
        0.4700000000        1.0000000000        0.0000000000        0.0000000000
        0.4800000000        0.9999998169        0.0007811769        0.0000254289
        0.4900000000        0.9999998779        0.0005101723        0.0000162682
        0.5000000000        0.9999999390        0.0002499921        0.0000078123
        0.5100000000        0.9999995728        0.0017153108        0.0000525524
        0.5200000000        0.9999996338        0.0014420370        0.0000433304
        0.5300000000        0.9999997559        0.0009432784        0.0000278089
        0.5400000000        0.9999991455        0.0032393227        0.0000937304
        0.5500000000        0.9999988403        0.0043156180        0.0001226028
        0.5600000000        0.9999988403        0.0042385534        0.0001182632
        0.5700000000        0.9999984131        0.0056971216        0.0001561711
        0.5800000000        0.9999976807        0.0081799300        0.0002203645
        0.5900000000        0.9999978027        0.0076185381        0.0002017621
        0.6000000000        0.9999970093        0.0101927020        0.0002654349
        0.6100000000        0.9999962158        0.0126803023        0.0003248028
        0.6200000000        0.9999946289        0.0180963708        0.0004471800
        0.6300000000        0.9999938965        0.0197792660        0.0004905572
        0.6400000000        0.9999924927        0.0239310973        0.0005842553
        0.6500000000        0.9999916382        0.0262333596        0.0006306096
        0.6600000000        0.9999890137        0.0338991478        0.0008025366
        0.6700000000        0.9999862061        0.0429857977        0.0009948839
        0.6800000000        0.9999841309        0.0481410846        0.0010988255
        0.6900000000        0.9999792480        0.0634759965        0.0014088668
        0.7000000000        0.9999778442        0.0658718247        0.0014426318
        0.7100000000        0.9999732056        0.0783411037        0.0017106015
        0.7200000000        0.9999705200        0.0853662706        0.0018133470
        0.7300000000        0.9999659424        0.0962790883        0.0020290175
        0.7400000000        0.9999586792        0.1183576383        0.0024142565
        0.7500000000        0.9999512329        0.1361749950        0.0027682265
        0.7600000000        0.9999462891        0.1470065789        0.0029699162
        0.7700000000        0.9999385376        0.1670959365        0.0033284695
        0.7800000000        0.9999281006        0.1901658453        0.0037347003
        0.7900000000        0.9999169312        0.2191637610        0.0042171567
        0.8000000000        0.9999102783        0.2413237304        0.0045209072
        0.8100000000        0.9998905029        0.2860222029        0.0053420408
        0.8200000000        0.9998795166        0.3134495237        0.0057753164
        0.8300000000        0.9998613281        0.3504048194        0.0064079599
        0.8400000000        0.9998518677        0.3712689313        0.0067262479
        0.8500000000        0.9998296509        0.4319959512        0.0076487921
        0.8600000000        0.9998075562        0.4765015944        0.0083447569
        0.8700000000        0.9997864990        0.5240840337        0.0091225968
        0.8800000000        0.9997637939        0.5656210051        0.0097063244
        0.8900000000        0.9997335205        0.6404935219        0.0108551803
        0.9000000000        0.9997115479        0.6991706772        0.0115738551
        0.9100000000        0.9996708374        0.7648504078        0.0126296397
        0.9200000000        0.9996480103        0.8252280528        0.0133384626
        0.9300000000        0.9996134033        0.8946591231        0.0142936339
        0.9400000000        0.9995738525        0.9753477227        0.0153798756
        0.9500000000        0.9995252075        1.0889439105        0.0169165556
        0.9600000000        0.9994923096        1.1491979003        0.0176778200
        0.9700000000        0.9994321899        1.2923251893        0.0195623753
        0.9800000000        0.9993875122        1.3637865712        0.0203906410
        0.9900000000        0.9993393555        1.4839371214        0.0218830333
        1.0000000000        0.9992600708        1.6537846524        0.0239623315
        1.0100000000        0.9992066040        1.7369508006        0.0249574797
        1.0200000000        0.9991520386        1.8624101985        0.0262664770
        1.0300000000        0.9990880737        1.9644361310        0.0275147223
        1.0400000000        0.9990013428        2.1749885667        0.0298976829
        1.0500000000        0.9989178467        2.3324371279        0.0317803633
        1.0600000000        0.9988315430        2.5128658019        0.0335931040
        1.0700000000        0.9987548828        2.6568925233        0.0351888598
        1.0800000000        0.9986511230        2.8596281830        0.0375763007
        1.0900000000        0.9985535889        3.0422190225        0.0393146994
        1.1000000000        0.9984489136        3.2633076385        0.0413768017
        1.1100000000        0.9983192749        3.5119989830        0.0440761796
        1.1200000000        0.9982131958        3.7054630825        0.0459009762
        1.1300000000        0.9980899048        3.9873305275        0.0487012284
        1.1400000000        0.9979559326        4.1858138020        0.0506296614
        1.1500000000        0.9978095703        4.5430008697        0.0537763888
        1.1600000000        0.9976777344        4.7891086208        0.0561409640
        1.1700000000        0.9975241699        5.0260747330        0.0585858260
        1.1800000000        0.9973539429        5.2804203886        0.0608664232
        1.1900000000        0.9972140503        5.6151981848        0.0635699500
        1.2000000000        0.9970191040        6.1110419239        0.0680693793
        1.2100000000        0.9968604736        6.3568832516        0.0699168845
        1.2200000000        0.9966575928        6.7706050078        0.0730791630
        1.2300000000        0.9964335937        7.1533707318        0.0763414582
        1.2400000000        0.9962369385        7.5540331527        0.0796351163
        1.2500000000        0.9960319214        7.9956932220        0.0830563312
        1.2600000000        0.9957491455        8.5614914560        0.0877306172
        1.2700000000        0.9955740967        8.7675929010        0.0888569548
        1.2800000000        0.9953271484        9.4246289062        0.0936133649
        1.2900000000        0.9950640869        9.9132119066        0.0971829918
        1.3000000000        0.9947769165       10.2716086990        0.0995609077
        1.3100000000        0.9944717407       11.1243600162        0.1066107832
        1.3200000000        0.9942117920       11.4838554806        0.1090874475
        1.3300000000        0.9938688354       12.1918550017        0.1130844563
        1.3400000000        0.9935736084       12.9482273204        0.1189135230
        1.3500000000        0.9932239990       13.5696171180        0.1223538453
        1.3600000000        0.9928971558       14.0417649098        0.1258014299
        1.3700000000        0.9925044556       14.9040395501        0.1304373686
        1.3800000000        0.9921328735       15.6867724610        0.1346417971
        1.3900000000        0.9918157349       16.5127352715        0.1403043532
        1.4000000000        0.9913947144       17.1505967606        0.1443174952
        1.4100000000        0.9909478149       18.4616336408        0.1519084552
        1.4200000000        0.9904761963       18.9062900419        0.1523696701
        1.4300000000        0.9900726929       19.9484014395        0.1585104401
        1.4400000000        0.9896718140       20.8052270806        0.1636477932
        1.4500000000        0.9891163330       22.1539732650        0.1696237235
        1.4600000000        0.9886674805       22.9252258562        0.1751922650
        1.4700000000        0.9881652832       23.7472098214        0.1777390061
        1.4800000000        0.9876414185       25.2444961756        0.1863965864
        1.4900000000        0.9870480347       26.3551540872        0.1911755119
        1.5000000000        0.9864909668       28.2762962917        0.2003475789
        1.5100000000        0.9859201050       29.2843097449        0.2033977295
        1.5200000000        0.9852410889       30.1427320621        0.2071534503
        1.5300000000        0.9846584473       31.7169966912        0.2127638706
        1.5400000000        0.9839736938       34.2688346566        0.2254220474
        1.5500000000        0.9833135376       34.9548012072        0.2280464286
        1.5600000000        0.9827241211       36.5418011218        0.2359171597
        1.5700000000        0.9819289551       38.4646353104        0.2417274119
        1.5800000000        0.9811212158       40.3554487243        0.2490348640
        1.5900000000        0.9804590454       41.5563058151        0.2538019060
        1.6000000000        0.9795507812       44.6399375000        0.2639500412
        1.6100000000        0.9787969971       46.3540273194        0.2700983973
        1.6200000000        0.9780061646       47.9910291064        0.2768765829
        1.6300000000        0.9771329346       50.5215018310        0.2854880868
        1.6400000000        0.9761320190       53.5221398413        0.2903417173
        1.6500000000        0.9751289673       56.8925966642        0.3039574645
        1.6600000000        0.9743403931       57.4709392672        0.3059127475
        1.6700000000        0.9731660767       61.0546860755        0.3153299825
        1.6800000000        0.9722849121       63.4225654390        0.3189904505
        1.6900000000        0.9712258911       67.1216364067        0.3318956562
        1.7000000000        0.9701154175       69.9730568911        0.3404910805
        1.7100000000        0.9689614258       73.5165951754        0.3473615120
        1.7200000000        0.9678409424       77.3613207758        0.3547325356
        1.7300000000        0.9664587402       81.6919716402        0.3682247661
        1.7400000000        0.9654758911       85.1131388089        0.3755631930
        1.7500000000        0.9640311279       90.9928959911        0.3894809231
        1.7600000000        0.9626268921       95.2924382080        0.3988622778
        1.7700000000        0.9613659668       98.3676544844        0.4050583554
        1.7800000000        0.9598318481      105.2564755420        0.4180370398
        1.7900000000        0.9583115234      110.4669156424        0.4302345728
        1.8000000000        0.9570200195      115.2900654166        0.4389909223
        1.8100000000        0.9552785034      122.8903442486        0.4527957153
        1.8200000000        0.9536672363      131.2818392514        0.4596724093
        1.8300000000        0.9517969360      136.7863087410        0.4781545855
        1.8400000000        0.9502377319      143.9355234693        0.4866421340
        1.8500000000        0.9482317505      153.7796679878        0.5002725527
        1.8600000000        0.9465814209      158.8339379620        0.5079115634
        1.8700000000        0.9446607056      171.4240118629        0.5237861125
        1.8800000000        0.9428238525      175.6629174783        0.5279719117
        1.8900000000        0.9404672241      188.5424722532        0.5450404986
        1.9000000000        0.9382460327      203.0075128927        0.5659994410
        1.9100000000        0.9358856201      217.4913234211        0.5766221265
        1.9200000000        0.9336259155      227.8940313131        0.5830740117
        1.9300000000        0.9313449097      245.1995749170        0.6010898928
        1.9400000000        0.9288212280      268.0626263510        0.6336699031
        1.9500000000        0.9264226074      277.3566304808        0.6349886471
        1.9600000000        0.9232175903      309.1972018316        0.6621093406
        1.9700000000        0.9208610840      312.4123283947        0.6573022882
        1.9800000000        0.9176146240      339.0675520754        0.6924294012
        1.9900000000        0.9146773071      369.4655909842        0.7083236002
        2.0000000000        0.9112410278      394.3353602950        0.7272891506
        2.0100000000        0.9080822144      424.1584803307        0.7451682607
        2.0200000000        0.9044442749      461.3689816193        0.7741985875
        2.0300000000        0.9006625366      508.3715997826        0.7899139565
        2.0400000000        0.8969374390      553.5876897039        0.8187630511
        2.0500000000        0.8929818115      576.5539615168        0.8216151332
        2.0600000000        0.8876861572      678.4446175288        0.8581361029
        2.0700000000        0.8836977539      730.1850278985        0.8809629505
        2.0800000000        0.8789533691      791.7941932391        0.9018346432
        2.0900000000        0.8741298828      858.7432387559        0.9272758192
        2.1000000000        0.8683493652      988.5029737798        0.9759179137
        2.1100000000        0.8629473267     1081.6242671782        0.9938959064
        2.1200000000        0.8559212036     1252.2581210035        1.0316649665
        2.1300000000        0.8500433350     1389.1955543941        1.0482095511
        2.1400000000        0.8447852173     1513.8955105122        1.0766166146
        2.1500000000        0.8359467773     1790.6304231395        1.1192208089
        2.1600000000        0.8267368774     2155.6208983489        1.1787465136
        2.1700000000        0.8210798340     2286.3320723215        1.1814636388
        2.1800000000        0.8086431885     2933.6513472979        1.2473139281
        2.1900000000        0.7965927734     3968.1064972602        1.3821713866
        2.2000000000        0.7838750610     4743.1537249982        1.4294659608
        2.2100000000        0.7712039795     5484.0968593820        1.4765876421
        2.2200000000        0.7574549561     6469.6553840019        1.5316838453
        2.2300000000        0.7373837891     8048.6790085202        1.6403612540
        2.2400000000        0.7206011963     9144.5738195801        1.6329807845
        2.2500000000        0.6982988281    10870.5195048889        1.7548555213
        2.2600000000        0.6754530029    12728.1013362763        1.8013858062
        2.2700000000        0.6534967041    14530.0284689910        1.8593936901
        2.2800000000        0.6273038940    16092.8054207631        1.9149034831
        2.2900000000        0.5978010254    17535.1390925492        1.8598280813
        2.3000000000        0.5671534424    19298.3538407541        1.8826610696
        2.3100000000        0.5449816895    20283.8739170726        1.8541937554
        2.3200000000        0.5097204590    20985.2663193696        1.8337561120
        2.3300000000        0.4827308350    21331.3219557337        1.7720543439
        2.3400000000        0.4529400635    21028.0704645767        1.6800554659
        2.3500000000        0.4287804565    21028.8324180170        1.6845457460
        2.3600000000        0.4007277832    20416.6436662871        1.6190846897
        2.3700000000        0.3745597534    19114.5908831603        1.4152369476
        2.3800000000        0.3510622559    18412.3989915704        1.4411712961
        2.3900000000        0.3331326904    17527.0161707048        1.3596080801
        2.4000000000        0.3179982910    16576.2259520573        1.3502503802
        2.4100000000        0.3024917603    15813.1224704601        1.2241706894
        2.4200000000        0.2836362305    14434.4443420455        1.2176413250
        2.4300000000        0.2710427856    13792.8387454588        1.1512285766
        2.4400000000        0.2564161987    12386.2051275471        1.0739111291
        2.4500000000        0.2461795044    11619.6024138632        1.0702582397
        2.4600000000        0.2332028809    10778.0884755844        1.0208696970
        2.4700000000        0.2227891235    10086.9907336017        0.9889949962
        2.4800000000        0.2166469116     9591.0265296608        0.9471628693
        2.4900000000        0.2114201660     9087.7585208585        0.9000790731
        2.5000000000        0.2016436768     8549.3876360938        0.8875147030
        2.5100000000        0.1947907104     7984.6183805388        0.8461139529
        2.5200000000        0.1884015503     7481.3511308889        0.8401245123
        2.5300000000        0.1815573730     7025.1672855484        0.8056780108
        2.5400000000        0.1784356079     6634.0375044276        0.7889466860
        2.5500000000        0.1745106812     6289.6977887730        0.7619684898
        2.5600000000        0.1651582031     5782.6924281250        0.7359091815
        2.5700000000        0.1629909058     5720.1974825982        0.7528619055
        2.5800000000        0.1574124756     5298.9374059533        0.6973038689
        2.5900000000        0.1523914795     4965.4755255731        0.7426607672
        2.6000000000        0.1531052856     4993.5996221019        0.7819008724
        2.6100000000        0.1472928467     4530.9359666607        0.6594144037
        2.6200000000        0.1421411743     4437.7934827037        0.6757818708
        2.6300000000        0.1403665771     4173.5190013724        0.7197645309
        2.6400000000        0.1392604370     4177.5955086278        0.6296771355
        2.6500000000        0.1366650391     4010.7403679245        0.6345025730
        2.6600000000        0.1318341675     3607.7515025244        0.6063879548
        2.6700000000        0.1289982300     3568.3186343501        0.5757173097
        2.6800000000        0.1302941895     3656.5408762827        0.5833990493
        2.6900000000        0.1227749023     3140.5764638476        0.6195457372
        2.7000000000        0.1235737915     3339.1097212254        0.5741326481
        2.7100000000        0.1211600342     3233.6844623559        0.6104675011
        2.7200000000        0.1198842163     2978.9013190932        0.5687747044
        2.7300000000        0.1196210327     2970.8903379107        0.5207957667
        2.7400000000        0.1180609741     2927.1960242915        0.5581137652
        2.7500000000        0.1156858521     2804.2857789645        0.5685090315
        2.7600000000        0.1133959351     2706.3589070412        0.6028279879
        2.7700000000        0.1112776489     2595.8088279431        0.5408839463
        2.7800000000        0.1086584473     2462.6978816322        0.5499897006
        2.7900000000        0.1056719360     2349.4401738337        0.5389197075
        2.8000000000        0.1040588989     2270.0736219294        0.5080173056
        2.8100000000        0.1023674927     2133.4557416023        0.5319415993
        2.8200000000        0.1040860596     2278.8437226895        0.4774712837
        2.8300000000        0.0994918823     2026.6350353012        0.4925384694
        2.8400000000        0.0992402954     2035.4757176923        0.5109199047
        2.8500000000        0.0969498901     2040.2284891324        0.4804261813
        2.8600000000        0.0957993774     1956.4407029488        0.4404319314
        2.8700000000        0.0962407837     1873.8400717539        0.4810632780
        2.8800000000        0.0936036987     1873.1010177829        0.4768418018
        2.8900000000        0.0949319458     1907.7601275614        0.4593238290
        2.9000000000        0.0923664551     1736.4136446336        0.4238990838
        2.9100000000        0.0947064819     1773.7396313346        0.4148191470
        2.9200000000        0.0911343994     1695.1751052601        0.4203881014
        2.9300000000        0.0934976807     1723.0368574605        0.4755754983
        2.9400000000        0.0884070435     1542.8755041972        0.4388760575
        2.9500000000        0.0889652710     1562.3349702741        0.4119239023
        2.9600000000        0.0904160767     1613.5401708602        0.4566169398
        2.9700000000        0.0849960938     1408.2572235690        0.3743203186
        2.9800000000        0.0870303955     1528.2636943740        0.4133485373
        2.9900000000        0.0875450439     1490.5254255801        0.4159670862
        3.0000000000        0.0849909668     1411.1574348125        0.3705610080
        3.0100000000        0.0856687012     1458.8426037998        0.4202630231
        3.0200000000        0.0824100342     1317.9639248293        0.3852957441
        3.0300000000        0.0819342041     1351.9595295741        0.3796008832
        3.0400000000        0.0795003662     1250.1610131116        0.3899845459
        3.0500000000        0.0808689575     1279.9644520377        0.3597079065
        3.0600000000        0.0802901611     1240.5337767106        0.3786990264
        3.0700000000        0.0796730957     1220.3382678950        0.3661101145
        3.0800000000        0.0805482788     1194.2211340694        0.3659213882
        3.0900000000        0.0786699829     1200.2253855165        0.3297671062
        3.1000000000        0.0794592285     1204.3134228831        0.3576266187
        3.1100000000        0.0763734741     1123.8422857102        0.3290447146
        3.1200000000        0.0768112183     1125.3943939992        0.3694650108
        3.1300000000        0.0758385620     1105.0477254880        0.3416706265
        3.1400000000        0.0752664185     1060.1513370509        0.3853165874
        3.1500000000        0.0790129395     1137.3329410913        0.3416546408
        3.1600000000        0.0745054321     1033.2662012844        0.3507064362
        3.1700000000        0.0741277466     1026.8929624889        0.3319917461
        3.1800000000        0.0749414673     1045.1659378919        0.3655057389
        3.1900000000        0.0742151489      987.2403170540        0.3167802414
        3.2000000000        0.0727565308      985.0998219617        0.3230948089
        3.2100000000        0.0717765503      966.9025893582        0.2985697891
        3.2200000000        0.0702355347      908.5581253385        0.3709555375
        3.2300000000        0.0702202759      940.1495221544        0.2963028206
        3.2400000000        0.0721436768      933.1312982205        0.2709904242
        3.2500000000        0.0705270386      868.2924961238        0.2970754467
        3.2600000000        0.0699265137      873.7097476802        0.3163477419
        3.2700000000        0.0687657471      841.9459755304        0.3297737101
        3.2800000000        0.0682915649      818.6314949493        0.3155884822
        3.2900000000        0.0687363281      867.2387550152        0.2906925335
        3.3000000000        0.0676161499      836.5887602640        0.3072677377
        3.3100000000        0.0700700073      862.4305788225        0.2769000690
        3.3200000000        0.0674486694      815.0916271637        0.2981312082
        3.3300000000        0.0662310181      768.1800832383        0.3071176495
        3.3400000000        0.0677643433      789.1402285262        0.3135961455
        3.3500000000        0.0658654175      747.0829602134        0.2785399893
        3.3600000000        0.0633186035      712.1700407552        0.2890637052
        3.3700000000        0.0661189575      805.6822192032        0.2915641515
        3.3800000000        0.0657670288      735.6595186194        0.2771955227
        3.3900000000        0.0651549683      751.3202399048        0.2801918473
        3.4000000000        0.0661206665      748.7059133261        0.2702980836
        3.4100000000        0.0631593628      708.2247791319        0.2679875797
        3.4200000000        0.0649214478      723.2253347394        0.2616608800
        3.4300000000        0.0627279053      671.9106519269        0.2514113437
        3.4400000000        0.0645035400      707.2743705987        0.2924214899
        3.4500000000        0.0621048584      668.4014575679        0.2455513073
        3.4600000000        0.0615386963      667.9480508264        0.2588641919
        3.4700000000        0.0609692383      628.1712373919        0.2581718993
        3.4800000000        0.0614893799      644.1091332570        0.2052284701
        3.4900000000        0.0606776123      635.2473717720        0.2328824238
        3.5000000000        0.0615142212      656.0395459810        0.2426650344
        3.5100000000        0.0595736694      627.7037715623        0.2317557164
        3.5200000000        0.0607344971      628.8331926092        0.2691455809
        3.5300000000        0.0637999878      668.7210523626        0.2397786570
        3.5400000000        0.0606871338      585.6010231241        0.2593547498
        3.5500000000        0.0618812256      638.6928927773        0.2329888591
        3.5600000000        0.0603466797      613.2974648876        0.2547166469
        3.5700000000        0.0600247803      595.9494190783        0.2099361062
        3.5800000000        0.0609700317      616.0050601333        0.2232756684
        3.5900000000        0.0608745117      604.8337575905        0.2023194283
        3.6000000000        0.0592680664      573.8679054861        0.2410668794
        3.6100000000        0.0583154297      560.1314473684        0.2176164891
        3.6200000000        0.0586500244      552.1277429170        0.2315397861
        3.6300000000        0.0593825684      581.4646115530        0.2444911732
        3.6400000000        0.0575198364      538.7173248358        0.2275653250
        3.6500000000        0.0572979126      520.5602361291        0.2335590610
        3.6600000000        0.0577615967      547.5888341487        0.2279041048
        3.6700000000        0.0565057373      522.2680303772        0.2124375233
        3.6800000000        0.0561103516      518.1101633152        0.2149326218
        3.6900000000        0.0570284424      525.2899842099        0.2294505140
        3.7000000000        0.0555279541      484.2066417863        0.1962577520
        3.7100000000        0.0547966919      480.1547501253        0.2101292342
        3.7200000000        0.0580191650      499.8756894783        0.2083779275
        3.7300000000        0.0538737183      436.5188914953        0.2166050170
        3.7400000000        0.0545245972      475.5230744893        0.2046727736
        3.7500000000        0.0544650269      481.0825270573        0.2141763437
        3.7600000000        0.0557132568      513.3532479679        0.1959712626
        3.7700000000        0.0562947388      483.0481899774        0.1939428944
        3.7800000000        0.0547530518      457.8825381572        0.2098490016
        3.7900000000        0.0572857056      514.3401140326        0.1918225352
        3.8000000000        0.0543037720      473.1723618740        0.2271864598
        3.8100000000        0.0505645142      393.0522621381        0.1951694005
        3.8200000000        0.0554291992      479.7048193063        0.1768572186
        3.8300000000        0.0515745239      438.5596666847        0.1792789089
        3.8400000000        0.0529963379      410.4252713379        0.1863667846
        3.8500000000        0.0562729492      486.3239604546        0.1794294866
        3.8600000000        0.0556422119      446.1143133055        0.1797934186
        3.8700000000        0.0543717041      443.9642580386        0.1971656964
        3.8800000000        0.0513553467      373.0928873671        0.1523353859
        3.8900000000        0.0506593018      414.5891789806        0.1531134933
        3.9000000000        0.0533605957      469.9767431891        0.1882441547
        3.9100000000        0.0555670776      458.4045746873        0.1578794942
        3.9200000000        0.0513377075      391.9758772232        0.1824850143
        3.9300000000        0.0546583252      457.4569611920        0.1893121950
        3.9400000000        0.0530789795      440.6550708717        0.1761643903
        3.9500000000        0.0534771729      426.6179619264        0.1927540932
        3.9600000000        0.0512510986      401.8962799834        0.1582102740
        3.9700000000        0.0504149170      419.4590129054        0.1908630188
        3.9800000000        0.0517416992      406.0550823493        0.1625671219
        3.9900000000        0.0528142090      420.1030869518        0.1565852790
        4.0000000000        0.0491746826      359.7774534336        0.1514182177
        4.0100000000        0.0525528564      414.5251123402        0.1854814256
        4.0200000000        0.0508817749      399.5365743460        0.1646911173
        4.0300000000        0.0485341187      338.8326268911        0.1626746845
        4.0400000000        0.0517857056      393.4345134118        0.1543888772
        4.0500000000        0.0490236816      344.4492345525        0.1763312244
        4.0600000000        0.0519870605      388.3083478910        0.1623498219
        4.0700000000        0.0488982544      344.5757292297        0.1574880858
        4.0800000000        0.0552666016      421.0515566177        0.1769578438
        4.0900000000        0.0512683716      374.9835723936        0.1747435486
        4.1000000000        0.0495466309      363.7860785213        0.1562509779
        4.1100000000        0.0494866333      379.6373303290        0.1497771059
        4.1200000000        0.0479689331      360.5752560594        0.1562836018
        4.1300000000        0.0528182373      407.1256962432        0.1892264076
        4.1400000000        0.0481163330      348.8828481242        0.1812899994
        4.1500000000        0.0485560303      318.8628597854        0.1570492926
        4.1600000000        0.0508947754      383.4661023888        0.1636229487
        4.1700000000        0.0494328613      336.5140358363        0.1575746399
        4.1800000000        0.0505817871      353.7567660138        0.1227984654
        4.1900000000        0.0513454590      393.7263615603        0.1371328548
        4.2000000000        0.0486452637      325.5990922470        0.1641973010
        4.2100000000        0.0478586426      332.4439898901        0.1389428927
        4.2200000000        0.0479910278      296.5631172014        0.1513886287
        4.2300000000        0.0505176392      370.8894819731        0.1571357104
        4.2400000000        0.0464232178      297.1349004975        0.1360882666
        4.2500000000        0.0487821045      331.1411245257        0.1533003693
        4.2600000000        0.0470543823      317.5196323714        0.1389307203
        4.2700000000        0.0500671997      371.3825503138        0.1196841934
        4.2800000000        0.0465201416      305.3656445349        0.1676911693
        4.2900000000        0.0452320557      297.9011921584        0.1390029369
        4.3000000000        0.0496842041      322.6286694440        0.1533552596
        4.3100000000        0.0528360596      351.0574612493        0.1268055110
        4.3200000000        0.0500884399      356.0427832022        0.1407137000
        4.3300000000        0.0460715942      278.5899677315        0.1468221259
        4.3400000000        0.0476166382      316.5949031529        0.1435203393
        4.3500000000        0.0460592041      287.5994019792        0.1438580716
        4.3600000000        0.0456628418      304.1125684490        0.1293913503
        4.3700000000        0.0473919678      306.9668792012        0.1203210541
        4.3800000000        0.0472745361      301.5028805330        0.1437536369
        4.3900000000        0.0477272339      290.9576404390        0.1224830940
        4.4000000000        0.0473381958      330.9135574210        0.1473184112
        4.4100000000        0.0478362427      312.4607718599        0.1252107513
        4.4200000000        0.0434347534      253.3937029615        0.1323443143
        4.4300000000        0.0449479980      286.8390032590        0.1429609146
        4.4400000000        0.0500677490      343.9543214210        0.1273070455
        4.4500000000        0.0478929443      296.2139785077        0.1371196337
        4.4600000000        0.0459117432      282.9141399909        0.1314524852
        4.4700000000        0.0476218262      276.4604938339        0.1267742729
        4.4800000000        0.0475203247      307.0141633571        0.1284764628
        4.4900000000        0.0450505371      282.6462454204        0.1196105243
        4.5000000000        0.0435293579      259.1656838325        0.1261782459
        4.5100000000        0.0454985962      271.3929846859        0.1492206111
        4.5200000000        0.0430276489      247.1903733191        0.1097697239
        4.5300000000        0.0452111816      268.3800189708        0.1179246480
        4.5400000000        0.0433444824      252.2193210215        0.1192158301
        4.5500000000        0.0476535034      287.3076630967        0.1305660734
        4.5600000000        0.0439874878      253.2950405351        0.1128236364
        4.5700000000        0.0470932617      302.0951417396        0.1206009914
        4.5800000000        0.0471332397      277.4305562901        0.1225036229
        4.5900000000        0.0452733765      257.7104182998        0.1171455928
        4.6000000000        0.0440129395      252.1027074864        0.1138640738
        4.6100000000        0.0453978271      259.6122485053        0.1134478868
        4.6200000000        0.0447716675      248.6300793755        0.1116769456
        4.6300000000        0.0440848999      252.8496369052        0.1125884270
        4.6400000000        0.0443560791      249.4263091831        0.1107238561
        4.6500000000        0.0417570190      224.8797331914        0.1024597806
        4.6600000000        0.0431495972      246.5373563498        0.1176746883
        4.6700000000        0.0437020874      239.7855391587        0.1086275628
        4.6800000000        0.0441221924      249.8829473791        0.1198741088
        4.6900000000        0.0413972168      225.3700563833        0.1230822057
        4.7000000000        0.0434378662      235.5877106084        0.1148972796
        4.7100000000        0.0425588379      220.0040466959        0.0983963706
        4.7200000000        0.0431259155      233.2251534155        0.1236395544
        4.7300000000        0.0447217407      242.5130815267        0.1104390419
        4.7400000000        0.0427233276      238.7101723686        0.1205321698
        4.7500000000        0.0431794434      240.8008319868        0.0934721828
        4.7600000000        0.0434976807      255.3119521763        0.1157364493
        4.7700000000        0.0455073853      240.8682179892        0.1085187260
        4.7800000000        0.0437653198      223.5753721553        0.0868167605
        4.7900000000        0.0435078125      222.5254793319        0.1093187139
        4.8000000000        0.0426547241      226.5252546997        0.0917141385
        4.8100000000        0.0403643188      207.7694011167        0.1014638274
        4.8200000000        0.0437451782      218.3831432824        0.1038850005
        4.8300000000        0.0432018433      218.6242035771        0.1065133859
        4.8400000000        0.0426071167      219.2515999282        0.1012060059
        4.8500000000        0.0441633301      218.4543627706        0.1184204472
        4.8600000000        0.0413430786      202.9813663637        0.1125700470
        4.8700000000        0.0417321167      220.1315867869        0.0992409357
        4.8800000000        0.0442863770      222.1851484503        0.1069419776
        4.8900000000        0.0450922852      247.6991410532        0.0984089077
        4.9000000000        0.0407318115      211.3723545121        0.0794887424
        4.9100000000        0.0436062012      220.9027835922        0.0876501768
        4.9200000000        0.0444229126      224.0608877787        0.0915479207
        4.9300000000        0.0435852661      222.7160891536        0.0979709852
        4.9400000000        0.0449434204      247.1288235316        0.0973915306
        4.9500000000        0.0414886475      194.6287133049        0.0898508388
        4.9600000000        0.0402468262      197.1211668221        0.1010229231
        4.9700000000        0.0398889771      202.7995734713        0.0907665260
        4.9800000000        0.0450614014      235.6436419145        0.0943255559
        4.9900000000        0.0419625244      213.5773201121        0.1115580396
        5.0000000000        0.0396380005      196.6567171555        0.1026240921
