# lattice size: 32 * 32
# algorithm: Wolff
# warming-up steps: 200 (T < 2.30) 10000 (otherwise)
# evolution steps: 2000 (T < 2.30) 100000 (otherwise)
        0.0100000000        1.0000000000        0.0000000000        0.0000000000
        0.0200000000        1.0000000000        0.0000000000        0.0000000000
        0.0300000000        1.0000000000        0.0000000000        0.0000000000
        0.0400000000        1.0000000000        0.0000000000        0.0000000000
        0.0500000000        1.0000000000        0.0000000000        0.0000000000
        0.0600000000        1.0000000000        0.0000000000        0.0000000000
        0.0700000000        1.0000000000        0.0000000000        0.0000000000
        0.0800000000        1.0000000000        0.0000000000        0.0000000000
        0.0900000000        1.0000000000        0.0000000000        0.0000000000
        0.1000000000        1.0000000000        0.0000000000        0.0000000000
        0.1100000000        1.0000000000        0.0000000000        0.0000000000
        0.1200000000        1.0000000000        0.0000000000        0.0000000000
        0.1300000000        1.0000000000        0.0000000000        0.0000000000
        0.1400000000        1.0000000000        0.0000000000        0.0000000000
        0.1500000000        1.0000000000        0.0000000000        0.0000000000
        0.1600000000        1.0000000000        0.0000000000        0.0000000000
        0.1700000000        1.0000000000        0.0000000000        0.0000000000
        0.1800000000        1.0000000000        0.0000000000        0.0000000000
        0.1900000000        1.0000000000        0.0000000000        0.0000000000
        0.2000000000        1.0000000000        0.0000000000        0.0000000000
        0.2100000000        1.0000000000        0.0000000000        0.0000000000
        0.2200000000        1.0000000000        0.0000000000        0.0000000000
        0.2300000000        1.0000000000        0.0000000000        0.0000000000
        0.2400000000        1.0000000000        0.0000000000        0.0000000000
        0.2500000000        1.0000000000        0.0000000000        0.0000000000
        0.2600000000        1.0000000000        0.0000000000        0.0000000000
        0.2700000000        1.0000000000        0.0000000000        0.0000000000
        0.2800000000        1.0000000000        0.0000000000        0.0000000000
        0.2900000000        1.0000000000        0.0000000000        0.0000000000
        0.3000000000        1.0000000000        0.0000000000        0.0000000000
        0.3100000000        1.0000000000        0.0000000000        0.0000000000
        0.3200000000        1.0000000000        0.0000000000        0.0000000000
        0.3300000000        1.0000000000        0.0000000000        0.0000000000
        0.3400000000        1.0000000000        0.0000000000        0.0000000000
        0.3500000000        1.0000000000        0.0000000000        0.0000000000
        0.3600000000        1.0000000000        0.0000000000        0.0000000000
        0.3700000000        1.0000000000        0.0000000000        0.0000000000
        0.3800000000        1.0000000000        0.0000000000        0.0000000000
        0.3900000000        1.0000000000        0.0000000000        0.0000000000
        0.4000000000        1.0000000000        0.0000000000        0.0000000000
        0.4100000000        1.0000000000        0.0000000000        0.0000000000
        0.4200000000        1.0000000000        0.0000000000        0.0000000000
        0.4300000000        1.0000000000        0.0000000000        0.0000000000
        0.4400000000        0.9999999390        0.0002840820        0.0000100881
        0.4500000000        0.9999999390        0.0002777690        0.0000096448
        0.4600000000        0.9999998779        0.0005434444        0.0000184594
        0.4700000000        1.0000000000        0.0000000000        0.0000000000
        0.4800000000        0.9999998169        0.0007811769        0.0000254289
        0.4900000000        0.9999998779        0.0005101723        0.0000162682
        0.5000000000        0.9999999390        0.0002499921        0.0000078123
        0.5100000000        0.9999995728        0.0017153108        0.0000525524
        0.5200000000        0.9999996338        0.0014420370        0.0000433304
        0.5300000000        0.9999997559        0.0009432784        0.0000278089
        0.5400000000        0.9999991455        0.0032393227        0.0000937304
        0.5500000000        0.9999988403        0.0043156180        0.0001226028
        0.5600000000        0.9999988403        0.0042385534        0.0001182632
        0.5700000000        0.9999984131        0.0056971216        0.0001561711
        0.5800000000        0.9999976807        0.0081799300        0.0002203645
        0.5900000000        0.9999978027        0.0076185381        0.0002017621
        0.6000000000        0.9999970093        0.0101927020        0.0002654349
        0.6100000000        0.9999962158        0.0126803023        0.0003248028
        0.6200000000        0.9999946289        0.0180963708        0.0004471800
        0.6300000000        0.9999938965        0.0197792660        0.0004905572
        0.6400000000        0.9999924927        0.0239310973        0.0005842553
        0.6500000000        0.9999916382        0.0262333596        0.0006306096
        0.6600000000        0.9999890137        0.0338991478        0.0008025366
        0.6700000000        0.9999862061        0.0429857977        0.0009948839
        0.6800000000        0.9999841309        0.0481410846        0.0010988255
        0.6900000000        0.9999792480        0.0634759965        0.0014088668
        0.7000000000        0.9999778442        0.0658718247        0.0014426318
        0.7100000000        0.9999732056        0.0783411037        0.0017106015
        0.7200000000        0.9999705200        0.0853662706        0.0018133470
        0.7300000000        0.9999659424        0.0962790883        0.0020290175
        0.7400000000        0.9999586792        0.1183576383        0.0024142565
        0.7500000000        0.9999512329        0.1361749950        0.0027682265
        0.7600000000        0.9999462891        0.1470065789        0.0029699162
        0.7700000000        0.9999385376        0.1670959365        0.0033284695
        0.7800000000        0.9999281006        0.1901658453        0.0037347003
        0.7900000000        0.9999169312        0.2191637610        0.0042171567
        0.8000000000        0.9999102783        0.2413237304        0.0045209072
        0.8100000000        0.9998905029        0.2860222029        0.0053420408
        0.8200000000        0.9998795166        0.3134495237        0.0057753164
        0.8300000000        0.9998613281        0.3504048194        0.0064079599
        0.8400000000        0.9998518677        0.3712689313        0.0067262479
        0.8500000000        0.9998296509        0.4319959512        0.0076487921
        0.8600000000        0.9998075562        0.4765015944        0.0083447569
        0.8700000000        0.9997864990        0.5240840337        0.0091225968
        0.8800000000        0.9997637939        0.5656210051        0.0097063244
        0.8900000000        0.9997335205        0.6404935219        0.0108551803
        0.9000000000        0.9997115479        0.6991706772        0.0115738551
        0.9100000000        0.9996708374        0.7648504078        0.0126296397
        0.9200000000        0.9996480103        0.8252280528        0.0133384626
        0.9300000000        0.9996134033        0.8946591231        0.0142936339
        0.9400000000        0.9995738525        0.9753477227        0.0153798756
        0.9500000000        0.9995252075        1.0889439105        0.0169165556
        0.9600000000        0.9994923096        1.1491979003        0.0176778200
        0.9700000000        0.9994321899        1.2923251893        0.0195623753
        0.9800000000        0.9993875122        1.3637865712        0.0203906410
        0.9900000000        0.9993393555        1.4839371214        0.0218830333
        1.0000000000        0.9992600708        1.6537846524        0.0239623315
        1.0100000000        0.9992066040        1.7369508006        0.0249574797
        1.0200000000        0.9991520386        1.8624101985        0.0262664770
        1.0300000000        0.9990880737        1.9644361310        0.0275147223
        1.0400000000        0.9990013428        2.1749885667        0.0298976829
        1.0500000000        0.9989178467        2.3324371279        0.0317803633
        1.0600000000        0.9988315430        2.5128658019        0.0335931040
        1.0700000000        0.9987548828        2.6568925233        0.0351888598
        1.0800000000        0.9986511230        2.8596281830        0.0375763007
        1.0900000000        0.9985535889        3.0422190225        0.0393146994
        1.1000000000        0.9984489136        3.2633076385        0.0413768017
        1.1100000000        0.9983192749        3.5119989830        0.0440761796
        1.1200000000        0.9982131958        3.7054630825        0.0459009762
        1.1300000000        0.9980899048        3.9873305275        0.0487012284
        1.1400000000        0.9979559326        4.1858138020        0.0506296614
        1.1500000000        0.9978095703        4.5430008697        0.0537763888
        1.1600000000        0.9976777344        4.7891086208        0.0561409640
        1.1700000000        0.9975241699        5.0260747330        0.0585858260
        1.1800000000        0.9973539429        5.2804203886        0.0608664232
        1.1900000000        0.9972140503        5.6151981848        0.0635699500
        1.2000000000        0.9970191040        6.1110419239        0.0680693793
        1.2100000000        0.9968604736        6.3568832516        0.0699168845
        1.2200000000        0.9966575928        6.7706050078        0.0730791630
        1.2300000000        0.9964335937        7.1533707318        0.0763414582
        1.2400000000        0.9962369385        7.5540331527        0.0796351163
        1.2500000000        0.9960319214        7.9956932220        0.0830563312
        1.2600000000        0.9957491455        8.5614914560        0.0877306172
        1.2700000000        0.9955740967        8.7675929010        0.0888569548
        1.2800000000        0.9953271484        9.4246289062        0.0936133649
        1.2900000000        0.9950640869        9.9132119066        0.0971829918
        1.3000000000        0.9947769165       10.2716086990        0.0995609077
        1.3100000000        0.9944717407       11.1243600162        0.1066107832
        1.3200000000        0.9942117920       11.4838554806        0.1090874475
        1.3300000000        0.9938688354       12.1918550017        0.1130844563
        1.3400000000        0.9935736084       12.9482273204        0.1189135230
        1.3500000000        0.9932239990       13.5696171180        0.1223538453
        1.3600000000        0.9928971558       14.0417649098        0.1258014299
        1.3700000000        0.9925044556       14.9040395501        0.1304373686
        1.3800000000        0.9921328735       15.6867724610        0.1346417971
        1.3900000000        0.9918157349       16.5127352715        0.1403043532
        1.4000000000        0.9913947144       17.1505967606        0.1443174952
        1.4100000000        0.9909478149       18.4616336408        0.1519084552
        1.4200000000        0.9904761963       18.9062900419        0.1523696701
        1.4300000000        0.9900726929       19.9484014395        0.1585104401
        1.4400000000        0.9896718140       20.8052270806        0.1636477932
        1.4500000000        0.9891163330       22.1539732650        0.1696237235
        1.4600000000        0.9886674805       22.9252258562        0.1751922650
        1.4700000000        0.9881652832       23.7472098214        0.1777390061
        1.4800000000        0.9876414185       25.2444961756        0.1863965864
        1.4900000000        0.9870480347       26.3551540872        0.1911755119
        1.5000000000        0.9864909668       28.2762962917        0.2003475789
        1.5100000000        0.9859201050       29.2843097449        0.2033977295
        1.5200000000        0.9852410889       30.1427320621        0.2071534503
        1.5300000000        0.9846584473       31.7169966912        0.2127638706
        1.5400000000        0.9839736938       34.2688346566        0.2254220474
        1.5500000000        0.9833135376       34.9548012072        0.2280464286
        1.5600000000        0.9827241211       36.5418011218        0.2359171597
        1.5700000000        0.9819289551       38.4646353104        0.2417274119
        1.5800000000        0.9811212158       40.3554487243        0.2490348640
        1.5900000000        0.9804590454       41.5563058151        0.2538019060
        1.6000000000        0.9795507812       44.6399375000        0.2639500412
        1.6100000000        0.9787969971       46.3540273194        0.2700983973
        1.6200000000        0.9780061646       47.9910291064        0.2768765829
        1.6300000000        0.9771329346       50.5215018310        0.2854880868
        1.6400000000        0.9761320190       53.5221398413        0.2903417173
        1.6500000000        0.9751289673       56.8925966642        0.3039574645
        1.6600000000        0.9743403931       57.4709392672        0.3059127475
        1.6700000000        0.9731660767       61.0546860755        0.3153299825
        1.6800000000        0.9722849121       63.4225654390        0.3189904505
        1.6900000000        0.9712258911       67.1216364067        0.3318956562
        1.7000000000        0.9701154175       69.9730568911        0.3404910805
        1.7100000000        0.9689614258       73.5165951754        0.3473615120
        1.7200000000        0.9678409424       77.3613207758        0.3547325356
        1.7300000000        0.9664587402       81.6919716402        0.3682247661
        1.7400000000        0.9654758911       85.1131388089        0.3755631930
        1.7500000000        0.9640311279       90.9928959911        0.3894809231
        1.7600000000        0.9626268921       95.2924382080        0.3988622778
        1.7700000000        0.9613659668       98.3676544844        0.4050583554
        1.7800000000        0.9598318481      105.2564755420        0.4180370398
        1.7900000000        0.9583115234      110.4669156424        0.4302345728
        1.8000000000        0.9570200195      115.2900654166        0.4389909223
        1.8100000000        0.9552785034      122.8903442486        0.4527957153
        1.8200000000        0.9536672363      131.2818392514        0.4596724093
        1.8300000000        0.9517969360      136.7863087410        0.4781545855
        1.8400000000        0.9502377319      143.9355234693        0.4866421340
        1.8500000000        0.9482317505      153.7796679878        0.5002725527
        1.8600000000        0.9465814209      158.8339379620        0.5079115634
        1.8700000000        0.9446607056      171.4240118629        0.5237861125
        1.8800000000        0.9428238525      175.6629174783        0.5279719117
        1.8900000000        0.9404672241      188.5424722532        0.5450404986
        1.9000000000        0.9382460327      203.0075128927        0.5659994410
        1.9100000000        0.9358856201      217.4913234211        0.5766221265
        1.9200000000        0.9336259155      227.8940313131        0.5830740117
        1.9300000000        0.9313449097      245.1995749170        0.6010898928
        1.9400000000        0.9288212280      268.0626263510        0.6336699031
        1.9500000000        0.9264226074      277.3566304808        0.6349886471
        1.9600000000        0.9232175903      309.1972018316        0.6621093406
        1.9700000000        0.9208610840      312.4123283947        0.6573022882
        1.9800000000        0.9176146240      339.0675520754        0.6924294012
        1.9900000000        0.9146773071      369.4655909842        0.7083236002
        2.0000000000        0.9112410278      394.3353602950        0.7272891506
        2.0100000000        0.9080822144      424.1584803307        0.7451682607
        2.0200000000        0.9044442749      461.3689816193        0.7741985875
        2.0300000000        0.9006625366      508.3715997826        0.7899139565
        2.0400000000        0.8969374390      553.5876897039        0.8187630511
        2.0500000000        0.8929818115      576.5539615168        0.8216151332
        2.0600000000        0.8876861572      678.4446175288        0.8581361029
        2.0700000000        0.8836977539      730.1850278985        0.8809629505
        2.0800000000        0.8789533691      791.7941932391        0.9018346432
        2.0900000000        0.8741298828      858.7432387559        0.9272758192
        2.1000000000        0.8683493652      988.5029737798        0.9759179137
        2.1100000000        0.8629473267     1081.6242671782        0.9938959064
        2.1200000000        0.8559212036     1252.2581210035        1.0316649665
        2.1300000000        0.8500433350     1389.1955543941        1.0482095511
        2.1400000000        0.8447852173     1513.8955105122        1.0766166146
        2.1500000000        0.8359467773     1790.6304231395        1.1192208089
        2.1600000000        0.8267368774     2155.6208983489        1.1787465136
        2.1700000000        0.8210798340     2286.3320723215        1.1814636388
        2.1800000000        0.8086431885     2933.6513472979        1.2473139281
        2.1900000000        0.7965927734     3968.1064972602        1.3821713866
        2.2000000000        0.7838750610     4743.1537249982        1.4294659608
        2.2100000000        0.7712039795     5484.0968593820        1.4765876421
        2.2200000000        0.7574549561     6469.6553840019        1.5316838453
        2.2300000000        0.7373837891     8048.6790085202        1.6403612540
        2.2400000000        0.7206011963     9144.5738195801        1.6329807845
        2.2500000000        0.6982988281    10870.5195048889        1.7548555213
        2.2600000000        0.6754530029    12728.1013362763        1.8013858062
        2.2700000000        0.6534967041    14530.0284689910        1.8593936901
        2.2800000000        0.6273038940    16092.8054207631        1.9149034831
        2.2900000000        0.5978010254    17535.1390925492        1.8598280813
        2.3000000000        0.5685699756    19171.6406556178        1.9003654919
        2.3100000000        0.5386951965    20168.7377087385        1.8796959674
        2.3200000000        0.5082111926    20889.0689225223        1.8375455737
        2.3300000000        0.4799670190    21147.6212909091        1.7758099796
        2.3400000000        0.4505622192    21161.2726047510        1.7238050891
        2.3500000000        0.4241340869    20796.2776446711        1.6435877869
        2.3600000000        0.3986110486    20187.3751759844        1.5741178828
        2.3700000000        0.3750337073    19323.5351207293        1.4990115917
        2.3800000000        0.3523346558    18415.9936274275        1.4223415600
        2.3900000000        0.3333574451    17405.6996418387        1.3487922635
        2.4000000000        0.3152626074    16362.2444013383        1.2793196068
        2.4100000000        0.2980342517    15324.5362047353        1.2238446402
        2.4200000000        0.2828150671    14284.6886047891        1.1665813775
        2.4300000000        0.2695327612    13410.3565442820        1.1233421902
        2.4400000000        0.2566170776    12503.9787125358        1.0753444288
        2.4500000000        0.2454025403    11677.4233462978        1.0310175753
        2.4600000000        0.2345912402    10929.4124893314        1.0030742462
        2.4700000000        0.2255930920    10212.3288365693        0.9608103223
        2.4800000000        0.2168644263     9563.5503569215        0.9366763972
        2.4900000000        0.2087154016     8967.8739765075        0.9103998093
        2.5000000000        0.2010656982     8435.5554135498        0.8833061761
        2.5100000000        0.1941948315     7917.4936421982        0.8650897722
        2.5200000000        0.1881983752     7451.3263383508        0.8375938525
        2.5300000000        0.1827346509     7063.8360107195        0.8207944835
        2.5400000000        0.1766169971     6639.5379184260        0.7967350512
        2.5500000000        0.1718132581     6323.3504040225        0.7912258288
        2.5600000000        0.1673153503     6004.9349268676        0.7649192950
        2.5700000000        0.1624232898     5660.5431977436        0.7535795919
        2.5800000000        0.1581476562     5386.6825964186        0.7413309335
        2.5900000000        0.1550334485     5146.0527403675        0.7186404088
        2.6000000000        0.1509693848     4912.8323061452        0.7096122409
        2.6100000000        0.1475919434     4683.8039401446        0.6962051464
        2.6200000000        0.1443553015     4498.1654545117        0.6840014775
        2.6300000000        0.1410648438     4278.5929790266        0.6780438434
        2.6400000000        0.1384543848     4102.8809054000        0.6505087687
        2.6500000000        0.1355961938     3934.3514379236        0.6487003881
        2.6600000000        0.1327378918     3789.3203480192        0.6402315245
        2.6700000000        0.1304261792     3639.1477549416        0.6197365077
        2.6800000000        0.1277795837     3489.0789195480        0.6144614369
        2.6900000000        0.1250219312     3337.2557493163        0.6008284969
        2.7000000000        0.1235944763     3260.4791922025        0.5982221633
        2.7100000000        0.1210727454     3127.9879741231        0.5861066693
        2.7200000000        0.1193812402     3024.0569216794        0.5763351761
        2.7300000000        0.1173989441     2922.0419055425        0.5696752158
        2.7400000000        0.1156981348     2823.4404030978        0.5646035511
        2.7500000000        0.1137883313     2725.6445020507        0.5467356052
        2.7600000000        0.1124854993     2655.6985087010        0.5474780767
        2.7700000000        0.1103992468     2542.2974533405        0.5397633796
        2.7800000000        0.1088045142     2471.0739556290        0.5340623386
        2.7900000000        0.1073590710     2396.8656062950        0.5194842407
        2.8000000000        0.1057632898     2316.9265641650        0.5169811563
        2.8100000000        0.1046557678     2272.2250628670        0.5064312687
        2.8200000000        0.1032422693     2210.6320937564        0.5060949391
        2.8300000000        0.1017489746     2142.7973526846        0.4942229472
        2.8400000000        0.1003996399     2087.8412508042        0.4946912303
        2.8500000000        0.0992890344     2024.8134121541        0.4874965227
        2.8600000000        0.0986395105     1979.7105639712        0.4780037296
        2.8700000000        0.0973575159     1929.2345245281        0.4726685383
        2.8800000000        0.0956032214     1866.8400128313        0.4657258992
        2.8900000000        0.0948066760     1820.2062768352        0.4529185595
        2.9000000000        0.0944595471     1801.8770325700        0.4532691453
        2.9100000000        0.0928115259     1736.7588913419        0.4424206306
        2.9200000000        0.0913457556     1686.3264086172        0.4351671156
        2.9300000000        0.0909121362     1652.6827845834        0.4391895786
        2.9400000000        0.0901522583     1620.6174283307        0.4336607154
        2.9500000000        0.0895175098     1597.9539905882        0.4213157479
        2.9600000000        0.0884112720     1554.0361297550        0.4130566804
        2.9700000000        0.0878110266     1536.0487622302        0.4134798827
        2.9800000000        0.0868051819     1496.4064711892        0.4125955847
        2.9900000000        0.0858806824     1453.9722265693        0.4073781185
        3.0000000000        0.0849197668     1420.6543192133        0.3961186878
        3.0100000000        0.0842273987     1395.3169146402        0.3961122075
        3.0200000000        0.0839008838     1374.0411492070        0.3920826413
        3.0300000000        0.0829495581     1340.4639262638        0.3864658530
        3.0400000000        0.0822229663     1312.3918665918        0.3866308639
        3.0500000000        0.0813113538     1278.6600499549        0.3783298904
        3.0600000000        0.0807504871     1256.2943225396        0.3769350502
        3.0700000000        0.0802828809     1241.4245141665        0.3748129470
        3.0800000000        0.0794551257     1206.2182794489        0.3641283584
        3.0900000000        0.0787163672     1191.5303598985        0.3621832534
        3.1000000000        0.0784071802     1165.3732520815        0.3619508187
        3.1100000000        0.0774925110     1148.3599815724        0.3545659908
        3.1200000000        0.0772889709     1133.2757599331        0.3509692930
        3.1300000000        0.0765575439     1102.0639662123        0.3536424476
        3.1400000000        0.0760194238     1093.4736065821        0.3444420017
        3.1500000000        0.0754733801     1073.0450293399        0.3425504335
        3.1600000000        0.0747118555     1043.7557818343        0.3405602304
        3.1700000000        0.0743168799     1030.9409220078        0.3308832272
        3.1800000000        0.0736902026     1010.0093466607        0.3357651361
        3.1900000000        0.0731098193      990.8448362235        0.3279020556
        3.2000000000        0.0729082056      982.4223336594        0.3284102435
        3.2100000000        0.0726849280      969.9506579824        0.3206838819
        3.2200000000        0.0718260120      954.5485807758        0.3186092528
        3.2300000000        0.0715641321      938.1057295068        0.3161035876
        3.2400000000        0.0712017676      925.1466618605        0.3111993196
        3.2500000000        0.0705618066      905.4431283126        0.3066668724
        3.2600000000        0.0700017761      888.1175209178        0.3090267828
        3.2700000000        0.0700138855      884.0283303753        0.3031717719
        3.2800000000        0.0694346460      869.5376488838        0.2997672800
        3.2900000000        0.0688187842      856.4088148665        0.2979789999
        3.3000000000        0.0683806665      841.4789438336        0.2956812616
        3.3100000000        0.0682803650      835.2636742232        0.2918064222
        3.3200000000        0.0676394946      821.4160945242        0.2912576622
        3.3300000000        0.0673719971      809.0604166199        0.2864949722
        3.3400000000        0.0664204944      789.8054939345        0.2845460675
        3.3500000000        0.0666352124      785.7117566211        0.2773906170
        3.3600000000        0.0661724512      774.8006154321        0.2761142899
        3.3700000000        0.0659496509      765.4377744760        0.2824684534
        3.3800000000        0.0654641382      751.1977249994        0.2731542715
        3.3900000000        0.0649183423      744.6868730719        0.2721109160
        3.4000000000        0.0649021423      733.9893815316        0.2716228599
        3.4100000000        0.0646967395      726.2411764178        0.2712904578
        3.4200000000        0.0643748462      718.6710759577        0.2616213629
        3.4300000000        0.0635485840      701.6742553754        0.2608491674
        3.4400000000        0.0636519836      695.8381432018        0.2551474371
        3.4500000000        0.0633490576      684.7410500814        0.2631243542
        3.4600000000        0.0630320496      685.1521300664        0.2600651178
        3.4700000000        0.0629278918      678.2592974695        0.2525496388
        3.4800000000        0.0625626538      665.7566720733        0.2501579501
        3.4900000000        0.0618438269      655.1397906401        0.2539200916
        3.5000000000        0.0615417090      641.9192685531        0.2515376803
        3.5100000000        0.0615870337      640.7278416125        0.2469626978
        3.5200000000        0.0612381494      628.8029310062        0.2473575596
        3.5300000000        0.0606840576      623.1940146670        0.2411247473
        3.5400000000        0.0608343152      620.3698042939        0.2401323648
        3.5500000000        0.0605018848      610.7070753676        0.2371968145
        3.5600000000        0.0600717896      602.0496390203        0.2380321234
        3.5700000000        0.0599025256      598.9588258586        0.2333705470
        3.5800000000        0.0592561719      584.1072058597        0.2325721785
        3.5900000000        0.0593116699      576.8284483224        0.2267503226
        3.6000000000        0.0594766736      581.1612210631        0.2283343816
        3.6100000000        0.0585164441      563.1761886417        0.2255291680
        3.6200000000        0.0587741943      565.6504898341        0.2293873933
        3.6300000000        0.0583510620      557.4188599276        0.2241039419
        3.6400000000        0.0581597229      553.6278508937        0.2244679583
        3.6500000000        0.0580714917      548.2622279403        0.2188251135
        3.6600000000        0.0577396472      541.9828770911        0.2207799247
        3.6700000000        0.0571382568      522.5511534930        0.2172015308
        3.6800000000        0.0569070874      525.6605757567        0.2162280966
        3.6900000000        0.0572383594      529.5229086920        0.2163621702
        3.7000000000        0.0567790186      515.1480396916        0.2107443054
        3.7100000000        0.0565692249      512.2005395902        0.2110377678
        3.7200000000        0.0565672192      515.4589179696        0.2077982434
        3.7300000000        0.0559957068      497.9292129472        0.2020091455
        3.7400000000        0.0563802893      507.9865750279        0.2049274980
        3.7500000000        0.0557391394      497.2969065754        0.2104933855
        3.7600000000        0.0553819678      486.2554659606        0.1989489250
        3.7700000000        0.0555824182      485.9011592607        0.1997337123
        3.7800000000        0.0550891064      479.5566607275        0.1996264502
        3.7900000000        0.0551510730      476.1003281258        0.2006931014
        3.8000000000        0.0547376147      472.2242438195        0.1973953613
        3.8100000000        0.0544096448      461.6522109543        0.1927616882
        3.8200000000        0.0543274707      460.2456550867        0.1948667208
        3.8300000000        0.0544733008      459.3357780586        0.1928746270
        3.8400000000        0.0543353235      455.4089725012        0.1929154314
        3.8500000000        0.0536629114      448.3869575196        0.1890859315
        3.8600000000        0.0537651807      451.4263561536        0.1902333922
        3.8700000000        0.0535240442      440.4592388047        0.1875687031
        3.8800000000        0.0533479382      436.8299628213        0.1828146667
        3.8900000000        0.0530608142      436.8041423034        0.1862429025
        3.9000000000        0.0532936511      437.5565624722        0.1827787068
        3.9100000000        0.0528123376      422.7157631899        0.1839249810
        3.9200000000        0.0527667700      424.8911720881        0.1812384760
        3.9300000000        0.0527302832      423.3375922249        0.1795816253
        3.9400000000        0.0527178064      418.8365709762        0.1773916515
        3.9500000000        0.0524068726      416.6660498718        0.1774881947
        3.9600000000        0.0520226563      404.0441402929        0.1733300341
        3.9700000000        0.0519906921      407.1759062104        0.1739509030
        3.9800000000        0.0519577551      407.1432703569        0.1719657826
        3.9900000000        0.0516209766      401.5832284174        0.1723433908
        4.0000000000        0.0518629053      401.8859622529        0.1715198717
        4.0100000000        0.0514881812      394.8666103266        0.1694306751
        4.0200000000        0.0513571936      389.1282421071        0.1678344813
        4.0300000000        0.0510504407      389.1573347118        0.1669758895
        4.0400000000        0.0514075146      390.4196635453        0.1685671045
        4.0500000000        0.0507657410      379.5665087126        0.1674596030
        4.0600000000        0.0506627881      376.7591576594        0.1662897266
        4.0700000000        0.0508500037      379.7805075705        0.1663489522
        4.0800000000        0.0506407568      374.1461832995        0.1602557011
        4.0900000000        0.0498560461      364.7156623864        0.1588171602
        4.1000000000        0.0502575513      361.3859846752        0.1575056943
        4.1100000000        0.0503471863      366.7103452356        0.1562319905
        4.1200000000        0.0500676465      362.8939013755        0.1598175961
        4.1300000000        0.0498546423      358.8055564876        0.1561607233
        4.1400000000        0.0501891150      362.6069496921        0.1578092981
        4.1500000000        0.0500812317      356.6657345493        0.1541425784
        4.1600000000        0.0493717419      352.3803192234        0.1550568281
        4.1700000000        0.0492248621      348.0998480403        0.1544129212
        4.1800000000        0.0493389807      345.3123078682        0.1546679542
        4.1900000000        0.0492966711      345.5456486531        0.1504753512
        4.2000000000        0.0491152222      341.1263777023        0.1502175324
        4.2100000000        0.0486209497      339.3763321706        0.1483528275
        4.2200000000        0.0487267383      335.9433261629        0.1503742852
        4.2300000000        0.0486334631      337.4950374837        0.1486138477
        4.2400000000        0.0484809436      327.7064545928        0.1461986483
        4.2500000000        0.0483079785      324.4799318313        0.1450278444
        4.2600000000        0.0481478760      325.2048880914        0.1472943787
        4.2700000000        0.0484907007      326.5529646843        0.1426160161
        4.2800000000        0.0480618860      322.2304451460        0.1408323232
        4.2900000000        0.0480288745      320.3005392175        0.1423196124
        4.3000000000        0.0479048279      316.2140139487        0.1402759302
        4.3100000000        0.0474495483      314.0938431522        0.1411487970
        4.3200000000        0.0477410901      314.3686407447        0.1410185941
        4.3300000000        0.0475166760      312.5289834415        0.1373878134
        4.3400000000        0.0471950513      301.9796305089        0.1378917051
        4.3500000000        0.0472422461      307.0008974429        0.1365741553
        4.3600000000        0.0472901782      307.9742508841        0.1357026003
        4.3700000000        0.0469811511      301.5384180965        0.1390693827
        4.3800000000        0.0469664612      303.8178392710        0.1327077763
        4.3900000000        0.0468808582      298.3427178850        0.1341309900
        4.4000000000        0.0469099060      300.1673692919        0.1321385675
        4.4100000000        0.0469710681      297.1071496837        0.1329437525
        4.4200000000        0.0462263293      288.2658878695        0.1307443035
        4.4300000000        0.0463076306      287.9736021394        0.1338638648
        4.4400000000        0.0465092993      285.0359429284        0.1307575709
        4.4500000000        0.0463964258      287.5762081340        0.1299704492
        4.4600000000        0.0463844861      288.0356280321        0.1296606581
        4.4700000000        0.0464801404      283.7592907599        0.1295723768
        4.4800000000        0.0459232703      282.3729382542        0.1285587820
        4.4900000000        0.0456100000      277.0047488798        0.1273864750
        4.5000000000        0.0456607153      277.1703117894        0.1246637744
        4.5100000000        0.0461742566      283.0051426502        0.1260948113
        4.5200000000        0.0453699341      272.4765555509        0.1280887584
        4.5300000000        0.0458301880      274.5341480656        0.1250044208
        4.5400000000        0.0452161023      271.3099223765        0.1256716573
        4.5500000000        0.0454763916      271.5842406087        0.1223969514
        4.5600000000        0.0456486072      272.4379633618        0.1245923501
        4.5700000000        0.0454513123      269.6956942351        0.1199587727
        4.5800000000        0.0454697131      268.3968978007        0.1225103342
        4.5900000000        0.0452205566      265.3462213023        0.1217794135
        4.6000000000        0.0445591968      259.6895217475        0.1201467324
        4.6100000000        0.0445635486      255.3660645612        0.1175378674
        4.6200000000        0.0451452832      262.2668104518        0.1174070577
        4.6300000000        0.0448121033      261.0165156231        0.1168112640
        4.6400000000        0.0446226184      255.2603637484        0.1141256173
        4.6500000000        0.0444061548      252.4078888238        0.1171003783
        4.6600000000        0.0443848596      251.5380050141        0.1144469611
        4.6700000000        0.0443811072      252.7455251800        0.1156892265
        4.6800000000        0.0441133801      249.2633570854        0.1153483228
        4.6900000000        0.0437805847      244.3985472571        0.1151852280
        4.7000000000        0.0437152649      244.1912760349        0.1147842428
        4.7100000000        0.0440956482      243.3120830832        0.1141640159
        4.7200000000        0.0440966345      249.8484786727        0.1138740546
        4.7300000000        0.0438165979      242.5935322984        0.1119550319
        4.7400000000        0.0438573535      243.0498981846        0.1111306489
        4.7500000000        0.0437737195      238.3285380119        0.1117567741
        4.7600000000        0.0436147083      236.9048238476        0.1100991001
        4.7700000000        0.0440669568      243.7727188411        0.1098565094
        4.7800000000        0.0435192542      236.2400044957        0.1078638292
        4.7900000000        0.0437160120      237.2890317743        0.1100560956
        4.8000000000        0.0431608789      231.4172090359        0.1097221460
        4.8100000000        0.0434801941      234.3832133411        0.1064818361
        4.8200000000        0.0433318250      232.6279575986        0.1047596225
        4.8300000000        0.0428408569      226.7124604190        0.1062333813
        4.8400000000        0.0432756970      231.2326506956        0.1047225075
        4.8500000000        0.0432075012      228.8619322512        0.1040344306
        4.8600000000        0.0434043188      231.4011736480        0.1054594470
        4.8700000000        0.0427323706      226.0598789707        0.1039102826
        4.8800000000        0.0426759058      224.6913005090        0.1021357539
        4.8900000000        0.0430944897      226.7923060340        0.1046504140
        4.9000000000        0.0428617664      224.0958879640        0.0996113171
        4.9100000000        0.0425238464      221.7726310030        0.1020139231
        4.9200000000        0.0429897852      224.2260886237        0.1010560579
        4.9300000000        0.0425986243      219.8720293849        0.1011552310
        4.9400000000        0.0423707227      218.9275264647        0.0984585234
        4.9500000000        0.0424329590      218.7389400359        0.1010064398
        4.9600000000        0.0428806714      220.4180212325        0.1027396487
        4.9700000000        0.0420043359      213.0374115184        0.0980352092
        4.9800000000        0.0420701050      210.7602297098        0.0999954761
        4.9900000000        0.0418379370      210.1207747511        0.0978061339
        5.0000000000        0.0423379419      214.2496253655        0.0977577102
