# lattice size: 64 * 64
# algorithm: Wolff
# warming-up steps: 1000
# evolution steps: 5000
        0.1000000000        1.0000000000        0.0000000000        0.0000000000
        0.2000000000        1.0000000000        0.0000000000        0.0000000000
        0.3000000000        1.0000000000        0.0000000000        0.0000000000
        0.4000000000        0.9999999939        0.0001249975        0.0000012207
        0.5000000000        0.9999998230        0.0028989464        0.0000226480
        0.6000000000        0.9999967773        0.0443762665        0.0002879621
        0.7000000000        0.9999782043        0.2572571034        0.0014253900
        0.8000000000        0.9999073853        0.9636169742        0.0046025616
        0.9000000000        0.9997103577        2.7896270673        0.0115759559
        1.0000000000        0.9992761108        6.4500784948        0.0234353482
        1.1000000000        0.9984454285       12.9833412492        0.0413150022
        1.2000000000        0.9970221191       24.0546110334        0.0668983453
        1.3000000000        0.9947611267       42.0031127061        0.1017587075
        1.4000000000        0.9913935364       68.9190415666        0.1441327331
        1.5000000000        0.9864794434      110.9523653078        0.1975931067
        1.6000000000        0.9796259399      176.6931627365        0.2623710787
        1.7000000000        0.9700330811      282.6840704406        0.3396524048
        1.8000000000        0.9568633972      463.9176996518        0.4376186857
        1.9000000000        0.9383671143      803.2137511102        0.5584581317
        2.0000000000        0.9111747437     1563.5661509689        0.7182731348
        2.1000000000        0.8687666138     3809.0246805708        0.9538428124
        2.2000000000        0.7845887817    20530.1209986709        1.4203629228
        2.3000000000        0.4337139160   287103.3164952869        2.1224476185
        2.4000000000        0.1588222656    91799.3183350000        1.1536958038
        2.5000000000        0.0991124573    37245.7180394437        0.8978141860
        2.6000000000        0.0748971313    20162.9810785298        0.7158777880
        2.7000000000        0.0628746155    13915.1217740442        0.5971966345
        2.8000000000        0.0528990295     9255.7476788998        0.5249178735
        2.9000000000        0.0469110107     7434.1073599138        0.4193022661
        3.0000000000        0.0427576294     5567.3244358125        0.4149064120
        3.1000000000        0.0382978210     4726.6068525756        0.3977594971
        3.2000000000        0.0354111877     3939.1710762967        0.3141345145
        3.3000000000        0.0355653381     3499.7183729877        0.2646422462
        3.4000000000        0.0325534302     3088.8529649051        0.2848812589
        3.5000000000        0.0319274963     2747.5402817855        0.2387627900
        3.6000000000        0.0297969971     2373.1368465972        0.2296788728
        3.7000000000        0.0273723816     1928.1371612363        0.2108506301
        3.8000000000        0.0271875427     1836.9966773604        0.1904069727
        3.9000000000        0.0266037170     1769.7029559280        0.1596924984
        4.0000000000        0.0265376831     1669.2379768194        0.1964747301
        4.1000000000        0.0248850952     1471.4537825799        0.1613362632
        4.2000000000        0.0253656250     1301.1242891048        0.1334811662
        4.3000000000        0.0237316101     1331.3396530568        0.1335459318
        4.4000000000        0.0235806396     1172.4413982523        0.1566012760
        4.5000000000        0.0231764221     1246.6424415799        0.1304554867
        4.6000000000        0.0238247986     1121.6446879042        0.1135911609
        4.7000000000        0.0219854553      992.4373407701        0.1291953844
        4.8000000000        0.0237364075     1209.1114121447        0.1124458281
        4.9000000000        0.0209608765      850.6077738648        0.1017521103
        5.0000000000        0.0217833618      914.8453864755        0.0919228724
