# lattice size: 128 * 128
# algorithm: Wolff
# warming-up steps: 100
# evolution steps: 500
        0.0100000000        1.0000000000        0.0000000000        0.0000000000
        0.0200000000        1.0000000000        0.0000000000        0.0000000000
        0.0300000000        1.0000000000        0.0000000000        0.0000000000
        0.0400000000        1.0000000000        0.0000000000        0.0000000000
        0.0500000000        1.0000000000        0.0000000000        0.0000000000
        0.0600000000        1.0000000000        0.0000000000        0.0000000000
        0.0700000000        1.0000000000        0.0000000000        0.0000000000
        0.0800000000        1.0000000000        0.0000000000        0.0000000000
        0.0900000000        1.0000000000        0.0000000000        0.0000000000
        0.1000000000        1.0000000000        0.0000000000        0.0000000000
        0.1100000000        1.0000000000        0.0000000000        0.0000000000
        0.1200000000        1.0000000000        0.0000000000        0.0000000000
        0.1300000000        1.0000000000        0.0000000000        0.0000000000
        0.1400000000        1.0000000000        0.0000000000        0.0000000000
        0.1500000000        1.0000000000        0.0000000000        0.0000000000
        0.1600000000        1.0000000000        0.0000000000        0.0000000000
        0.1700000000        1.0000000000        0.0000000000        0.0000000000
        0.1800000000        1.0000000000        0.0000000000        0.0000000000
        0.1900000000        1.0000000000        0.0000000000        0.0000000000
        0.2000000000        1.0000000000        0.0000000000        0.0000000000
        0.2100000000        1.0000000000        0.0000000000        0.0000000000
        0.2200000000        1.0000000000        0.0000000000        0.0000000000
        0.2300000000        1.0000000000        0.0000000000        0.0000000000
        0.2400000000        1.0000000000        0.0000000000        0.0000000000
        0.2500000000        1.0000000000        0.0000000000        0.0000000000
        0.2600000000        1.0000000000        0.0000000000        0.0000000000
        0.2700000000        1.0000000000        0.0000000000        0.0000000000
        0.2800000000        1.0000000000        0.0000000000        0.0000000000
        0.2900000000        1.0000000000        0.0000000000        0.0000000000
        0.3000000000        1.0000000000        0.0000000000        0.0000000000
        0.3100000000        1.0000000000        0.0000000000        0.0000000000
        0.3200000000        1.0000000000        0.0000000000        0.0000000000
        0.3300000000        1.0000000000        0.0000000000        0.0000000000
        0.3400000000        1.0000000000        0.0000000000        0.0000000000
        0.3500000000        1.0000000000        0.0000000000        0.0000000000
        0.3600000000        1.0000000000        0.0000000000        0.0000000000
        0.3700000000        1.0000000000        0.0000000000        0.0000000000
        0.3800000000        1.0000000000        0.0000000000        0.0000000000
        0.3900000000        1.0000000000        0.0000000000        0.0000000000
        0.4000000000        0.9999999847        0.0012497604        0.0000030514
        0.4100000000        0.9999999695        0.0024384842        0.0000058080
        0.4200000000        0.9999999695        0.0023804250        0.0000055347
        0.4300000000        0.9999999847        0.0011625678        0.0000026405
        0.4400000000        0.9999999847        0.0011361458        0.0000025218
        0.4500000000        0.9999999847        0.0011108981        0.0000024110
        0.4600000000        0.9999999390        0.0043456321        0.0000092257
        0.4700000000        0.9999999390        0.0042531719        0.0000088373
        0.4800000000        0.9999999390        0.0041645641        0.0000084729
        0.4900000000        0.9999999237        0.0050988124        0.0000101619
        0.5000000000        0.9999996948        0.0199499130        0.0000389649
        0.5100000000        0.9999997559        0.0176157437        0.0000304495
        0.5200000000        0.9999995422        0.0287379783        0.0000539700
        0.5300000000        0.9999995270        0.0291319951        0.0000536777
        0.5400000000        0.9999993896        0.0368518962        0.0000666447
        0.5500000000        0.9999991302        0.0514489954        0.0000913512
        0.5600000000        0.9999989014        0.0637071473        0.0001110964
        0.5700000000        0.9999982147        0.1046393524        0.0001792752
        0.5800000000        0.9999980011        0.1128059523        0.0001874182
        0.5900000000        0.9999974823        0.1420312514        0.0002326629
        0.6000000000        0.9999971619        0.1530629396        0.0002491259
        0.6100000000        0.9999960480        0.2119793755        0.0003393625
        0.6200000000        0.9999951935        0.2504813575        0.0003923604
        0.6300000000        0.9999939880        0.3131710348        0.0004821235
        0.6400000000        0.9999923401        0.3941402305        0.0005993989
        0.6500000000        0.9999907379        0.4638029979        0.0006968194
        0.6600000000        0.9999888306        0.5447137085        0.0007985433
        0.6700000000        0.9999866180        0.6812379876        0.0009882860
        0.6800000000        0.9999840851        0.7728079663        0.0011002378
        0.6900000000        0.9999810638        0.9090506512        0.0012757458
        0.7000000000        0.9999789276        1.0275749224        0.0014189890
        0.7100000000        0.9999737091        1.2351470514        0.0016825161
        0.7200000000        0.9999685974        1.4670690729        0.0019635683
        0.7300000000        0.9999649506        1.5297766418        0.0020348279
        0.7400000000        0.9999600220        1.8256419414        0.0023759929
        0.7500000000        0.9999536133        2.0485333204        0.0026175482
        0.7600000000        0.9999450989        2.3932891457        0.0030217052
        0.7700000000        0.9999361877        2.8388698380        0.0035250954
        0.7800000000        0.9999286041        3.0489550187        0.0037331461
        0.7900000000        0.9999166870        3.5326265459        0.0042781152
        0.8000000000        0.9999073181        3.9389472082        0.0047125499
        0.8100000000        0.9998933105        4.5067851926        0.0052930232
        0.8200000000        0.9998804016        4.9358045909        0.0057507088
        0.8300000000        0.9998652191        5.4603998920        0.0062342363
        0.8400000000        0.9998495483        6.1187797359        0.0069173400
        0.8500000000        0.9998315887        6.7871051676        0.0075378595
        0.8600000000        0.9998112030        7.4666330634        0.0082083232
        0.8700000000        0.9997872620        8.3486089419        0.0090270036
        0.8800000000        0.9997655487        9.2582936653        0.0099222796
        0.8900000000        0.9997378235       10.1344716348        0.0107064426
        0.9000000000        0.9997137146       10.9613442090        0.0113381250
        0.9100000000        0.9996797180       12.0634546319        0.0123741939
        0.9200000000        0.9996492767       13.3012075463        0.0134149758
        0.9300000000        0.9996142120       14.2727090787        0.0142380009
        0.9400000000        0.9995700684       15.5053872377        0.0152207794
        0.9500000000        0.9995354156       16.9165915251        0.0164589909
        0.9600000000        0.9994869995       18.8551823298        0.0180187510
        0.9700000000        0.9994360046       20.7414017817        0.0195339222
        0.9800000000        0.9993836060       22.8206112373        0.0212161991
        0.9900000000        0.9993403625       23.9575189773        0.0221556668
        1.0000000000        0.9992738190       25.4150449336        0.0231038275
        1.0100000000        0.9992103882       27.6485455508        0.0249132021
        1.0200000000        0.9991528168       30.2236862335        0.0267919048
        1.0300000000        0.9990807190       32.4875900468        0.0284205920
        1.0400000000        0.9989984131       34.8893269037        0.0301150059
        1.0500000000        0.9989299927       36.4628943091        0.0311007187
        1.0600000000        0.9988287811       40.0416833893        0.0337752997
        1.0700000000        0.9987498627       42.7588176783        0.0354551285
        1.0800000000        0.9986588287       44.9572323373        0.0368833555
        1.0900000000        0.9985560913       49.8232577645        0.0403108247
        1.1000000000        0.9984556122       50.3591267900        0.0400560161
        1.1100000000        0.9983359222       55.6406954656        0.0439753397
        1.1200000000        0.9982179108       60.9784776079        0.0473462650
        1.1300000000        0.9980868073       63.4464220927        0.0484458935
        1.1400000000        0.9979721527       66.8567648321        0.0506097917
        1.1500000000        0.9978137817       70.9558599928        0.0527330975
        1.1600000000        0.9976864929       76.3059308560        0.0561870182
        1.1700000000        0.9975251770       82.5788408263        0.0600442713
        1.1800000000        0.9973560028       87.2593893843        0.0624417395
        1.1900000000        0.9972073517       90.1330692678        0.0634220303
        1.2000000000        0.9970182800       94.5802031457        0.0662062039
        1.2100000000        0.9968422699      102.6718478804        0.0705982346
        1.2200000000        0.9966395416      109.0202171783        0.0742037414
        1.2300000000        0.9964558716      114.2491959217        0.0771040594
        1.2400000000        0.9962467346      121.1390788517        0.0803065170
        1.2500000000        0.9960267181      133.4202775240        0.0868039898
        1.2600000000        0.9957901764      133.1153261283        0.0860236824
        1.2700000000        0.9955411987      140.7552685090        0.0891584450
        1.2800000000        0.9953045044      151.4244054910        0.0937976755
        1.2900000000        0.9950553131      161.9696208904        0.0997662400
        1.3000000000        0.9947549438      168.3052115257        0.1016969646
        1.3100000000        0.9945001526      173.6984807344        0.1038631248
        1.3200000000        0.9942100372      186.0175473220        0.1094616584
        1.3300000000        0.9939130707      190.2839488105        0.1102807922
        1.3400000000        0.9935723724      206.3826454887        0.1176178590
        1.3500000000        0.9932429352      218.7278444016        0.1238242759
        1.3600000000        0.9928899384      230.4758628063        0.1283819647
        1.3700000000        0.9925345154      236.8460509246        0.1297821900
        1.3800000000        0.9921782990      249.7759235294        0.1344360673
        1.3900000000        0.9918280487      264.9469312575        0.1418426765
        1.4000000000        0.9913579865      276.8642960063        0.1450998858
        1.4100000000        0.9909667664      284.9666664998        0.1474864154
        1.4200000000        0.9905436554      297.1742798745        0.1520745423
        1.4300000000        0.9900666809      317.4141564569        0.1577722106
        1.4400000000        0.9896158142      324.6485484557        0.1589467528
        1.4500000000        0.9891696930      350.0559213449        0.1687205881
        1.4600000000        0.9886669922      361.9319178062        0.1712082700
        1.4700000000        0.9881427917      382.5632025595        0.1793369626
        1.4800000000        0.9876262360      397.1790824186        0.1824292140
        1.4900000000        0.9870569763      416.8426696086        0.1869118240
        1.5000000000        0.9865033112      442.3121099671        0.1960062427
        1.5100000000        0.9859637909      450.8950691744        0.1982089460
        1.5200000000        0.9852807007      496.9395256748        0.2135042100
        1.5300000000        0.9846746216      503.1619078388        0.2124447173
        1.5400000000        0.9839962769      537.2279058416        0.2232688951
        1.5500000000        0.9833691254      557.4708773821        0.2243388042
        1.5600000000        0.9826767120      587.5351201647        0.2366308517
        1.5700000000        0.9818813629      625.7663643094        0.2448015648
        1.5800000000        0.9812221985      637.1704555576        0.2475801020
        1.5900000000        0.9804309540      680.3880688342        0.2561557645
        1.6000000000        0.9796186523      725.0630099885        0.2674650125
        1.6100000000        0.9788435669      726.5402925496        0.2669447834
        1.6200000000        0.9780201416      798.0691827190        0.2840713108
        1.6300000000        0.9771169281      830.3318932195        0.2928330256
        1.6400000000        0.9761505737      870.6670725491        0.2975160731
        1.6500000000        0.9752095032      872.7520871162        0.2937321943
        1.6600000000        0.9742606964      946.7698719487        0.3153883055
        1.6700000000        0.9732839508      991.8159891745        0.3196181488
        1.6800000000        0.9722644653     1021.2508565436        0.3282760564
        1.6900000000        0.9711953583     1080.1670458366        0.3332293605
        1.7000000000        0.9700233765     1108.0389594155        0.3315154627
        1.7100000000        0.9689172058     1176.8883858159        0.3520788686
        1.7200000000        0.9677788391     1293.6843998557        0.3730842875
        1.7300000000        0.9664875946     1333.3563453372        0.3749701711
        1.7400000000        0.9652435150     1390.1507327269        0.3823401264
        1.7500000000        0.9639911499     1455.5011651346        0.3872053969
        1.7600000000        0.9626487732     1503.1855646182        0.3917204812
        1.7700000000        0.9612773132     1575.6530755826        0.4051904151
        1.7800000000        0.9599609833     1697.0907300376        0.4205735038
        1.7900000000        0.9584039612     1805.5320724928        0.4433090803
        1.8000000000        0.9568795776     1851.6193194522        0.4350898129
        1.8100000000        0.9554455566     2008.1224309311        0.4627869653
        1.8200000000        0.9537308960     2030.5168522092        0.4514290902
        1.8300000000        0.9519536133     2181.1437901578        0.4722667933
        1.8400000000        0.9501458435     2329.6239618212        0.4862207108
        1.8500000000        0.9483232117     2515.8349966358        0.5075691276
        1.8600000000        0.9465491180     2625.1830696098        0.5274147944
        1.8700000000        0.9445878143     2622.1686815196        0.5031425368
        1.8800000000        0.9426269073     2837.0619677800        0.5367820576
        1.8900000000        0.9404904175     2998.5978703493        0.5317774111
        1.9000000000        0.9382463226     3305.1176999745        0.5693486746
        1.9100000000        0.9360715485     3379.9638669684        0.5617801853
        1.9200000000        0.9337310486     3574.9957030018        0.5757772652
        1.9300000000        0.9314042358     3922.8626274538        0.6140154906
        1.9400000000        0.9287295685     4072.4393414621        0.6147459520
        1.9500000000        0.9262010193     4457.3287147284        0.6317539242
        1.9600000000        0.9233607025     4894.6962790678        0.6809679209
        1.9700000000        0.9206014252     5011.0432034973        0.6566300192
        1.9800000000        0.9176685028     5654.8411512465        0.7127822262
        1.9900000000        0.9145609283     5783.6496788653        0.6941822176
        2.0000000000        0.9113746643     6357.2387968749        0.7337614374
        2.0100000000        0.9078257904     6879.1066094269        0.7425933373
        2.0200000000        0.9043704376     7516.6261744529        0.7909159195
        2.0300000000        0.9009305878     8081.5771007039        0.7956580191
        2.0400000000        0.8967213898     8702.7445438300        0.8101764085
        2.0500000000        0.8929317169     9182.6725631225        0.8083831910
        2.0600000000        0.8885824585    10434.9270752477        0.8556284367
        2.0700000000        0.8837710571    11434.3676207722        0.9002600453
        2.0800000000        0.8790190735    12464.2452152589        0.8929598699
        2.0900000000        0.8741089325    13738.0001911136        0.9219063552
        2.1000000000        0.8685528412    15773.7732309245        0.9693237020
        2.1100000000        0.8626715698    17574.7108431224        0.9820959578
        2.1200000000        0.8568865662    20213.4081744220        1.0138988297
        2.1300000000        0.8508412628    22190.1736710973        1.0788941024
        2.1400000000        0.8439623566    27756.7309903765        1.1435970406
        2.1500000000        0.8357153778    28989.7127253095        1.1283528881
        2.1600000000        0.8278498840    34249.8849276592        1.2158995133
        2.1700000000        0.8181531219    40551.4484651765        1.2145650297
        2.1800000000        0.8090729523    49421.4304465357        1.2678558745
        2.1900000000        0.7974877319    59653.8536433625        1.2990737138
        2.2000000000        0.7847288208    78803.7122686479        1.3809127282
        2.2100000000        0.7703724976   103003.9741678747        1.4776356564
        2.2200000000        0.7519204102   146190.0985153143        1.5862291536
        2.2300000000        0.7329524994   224956.0794667816        1.7423679260
        2.2400000000        0.7060979767   399573.2444037623        1.7808968894
        2.2500000000        0.6727731018   724871.4415510045        2.0003029979
        2.2600000000        0.6192097321  1371878.4303141271        2.3087881059
        2.2700000000        0.5402945557  2882441.4600898703        2.6951567456
        2.2800000000        0.4546182709  3651401.9629723486        2.5670038978
        2.2900000000        0.3475155945  3906709.6202095067        2.3189024352
        2.3000000000        0.2685205536  2987200.5055388939        1.8320291159
        2.3100000000        0.2200922546  2334207.6813540100        1.8210795776
        2.3200000000        0.1781037292  1797734.6079085169        1.4572588468
        2.3300000000        0.1521779785  1376984.4709630935        1.5559389592
        2.3400000000        0.1380994720  1133552.8619345920        1.2410089944
        2.3500000000        0.1231902924   955836.6877340182        1.2553129514
        2.3600000000        0.1086092987   755373.6043230684        1.2351276515
        2.3700000000        0.0941289368   599625.4736404025        1.2330951629
        2.3800000000        0.0897755737   528130.7219794133        1.3008274991
        2.3900000000        0.0819576263   415755.2328288452        0.9595566834
        2.4000000000        0.0782019501   401270.6337539336        1.3532375749
        2.4100000000        0.0709747620   320148.4695642126        0.9679199233
        2.4200000000        0.0666592102   312032.0244296496        1.0172006700
        2.4300000000        0.0675516510   300516.8676382470        1.2745442051
        2.4400000000        0.0644800110   244072.3118687508        1.1704199738
        2.4500000000        0.0658237762   253016.9228079345        0.8525358803
        2.4600000000        0.0580498962   206202.6138169722        0.7414990202
        2.4700000000        0.0577630463   188278.7577307445        0.8272802040
        2.4800000000        0.0501613770   155885.1430096780        0.7087959158
        2.4900000000        0.0545081940   177408.1277610198        1.0039791076
        2.5000000000        0.0484745636   128373.5458189754        0.7166294040
        2.5100000000        0.0496648712   150100.5904240792        1.1566957135
        2.5200000000        0.0469687347   135304.4936396583        0.4997478336
        2.5300000000        0.0478923492   146258.4315976044        0.4791605125
        2.5400000000        0.0417898254   120206.8552991147        0.5973581801
        2.5500000000        0.0429410248   121635.3094733093        0.6686586389
        2.5600000000        0.0394056091    90587.4272413090        0.8843565422
        2.5700000000        0.0383665161    76546.0387513622        0.7325813460
        2.5800000000        0.0386985321    89245.9403679994        0.7127626380
        2.5900000000        0.0385925598    89600.8153280891        0.9393673486
        2.6000000000        0.0384854584    93663.3710218995        0.8305669285
        2.6100000000        0.0375664673    78544.7597237551        0.6034313352
        2.6200000000        0.0340074310    62763.9742003581        0.7247055701
        2.6300000000        0.0343860474    62727.3687600764        0.9122653364
        2.6400000000        0.0308899536    55695.3753026518        1.1431861894
        2.6500000000        0.0351793671    73769.7792635617        0.7638277990
        2.6600000000        0.0348054047    69846.3011736610        0.5644915219
        2.6700000000        0.0349112549    79118.3699640453        0.4571981197
        2.6800000000        0.0374174194    95832.7469369408        0.6079747435
        2.6900000000        0.0243881836    40689.5796371749        0.6649831464
        2.7000000000        0.0301525726    50602.3381888660        0.4834955830
        2.7100000000        0.0319042206    66048.6453499773        0.6226376613
        2.7200000000        0.0319261780    61523.6186903496        0.2877073275
        2.7300000000        0.0268005371    34670.4073260075        0.4760132890
        2.7400000000        0.0283940277    37255.5492116562        0.5663060385
        2.7500000000        0.0286707458    34319.4247919093        0.6121210534
        2.7600000000        0.0282010345    40317.4508720790        0.7688148434
        2.7700000000        0.0322564087    48108.4826277981        0.7312832815
        2.7800000000        0.0323177338    58852.8436010570        0.6404494385
        2.7900000000        0.0293763275    48140.8634218417        0.3539257451
        2.8000000000        0.0300500031    51651.6208605137        0.3351034953
        2.8100000000        0.0275669098    40003.4403330741        0.3423715821
        2.8200000000        0.0257795868    31678.5909778149        0.3197318257
        2.8300000000        0.0269233246    33481.6634317802        0.3422210256
        2.8400000000        0.0216328430    30384.5010365319        0.2697259856
        2.8500000000        0.0290969238    33246.0620435090        0.3458757955
        2.8600000000        0.0243524323    32661.0170996287        0.3436079612
        2.8700000000        0.0210801849    24912.9976672258        0.4047402409
        2.8800000000        0.0293461456    37194.2388359160        0.2908301845
        2.8900000000        0.0231241455    25677.5692193773        0.2931960415
        2.9000000000        0.0276074371    44982.6675654960        0.5268707763
        2.9100000000        0.0235570068    31481.7804934710        0.5226572123
        2.9200000000        0.0278148651    34099.4419172733        0.4511480468
        2.9300000000        0.0222444000    26594.7470887160        0.5096736407
        2.9400000000        0.0214489136    23856.8154554423        0.4147808334
        2.9500000000        0.0230976715    26053.4683593010        0.4156192788
        2.9600000000        0.0212696381    24246.0514922088        0.3425965491
        2.9700000000        0.0256644897    26024.2921989901        0.2495940720
        2.9800000000        0.0207669067    22568.1288506713        0.2711061196
        2.9900000000        0.0213192139    25148.3607237460        0.2682725975
        3.0000000000        0.0191208954    24232.6008031460        0.5015305497
        3.0100000000        0.0250978546    34432.5982356937        0.3595091432
        3.0200000000        0.0185547943    20952.6279791185        0.3263683447
        3.0300000000        0.0178524170    12065.5646745875        0.2375438001
        3.0400000000        0.0203588867    21081.7419078949        0.2007577046
        3.0500000000        0.0183940430    18820.7742872132        0.3126409928
        3.0600000000        0.0183932343    15111.0961282476        0.2958922221
        3.0700000000        0.0189560089    15939.5262499798        0.3235742067
        3.0800000000        0.0190009613    14485.4668220577        0.3143805347
        3.0900000000        0.0199972534    17346.1724190940        0.3667174024
        3.1000000000        0.0229585876    26197.7472379841        0.5714503920
        3.1100000000        0.0198788910    18065.6375986939        0.4706600330
        3.1200000000        0.0161675720    13537.8323044071        0.4492892767
        3.1300000000        0.0211340637    25504.2505238820        0.4208259414
        3.1400000000        0.0206704102    22660.1729630575        0.2307374517
        3.1500000000        0.0159314117    12660.8297110914        0.2606732661
        3.1600000000        0.0190283356    19161.1044366892        0.3139730244
        3.1700000000        0.0166033783    17765.9787428826        0.2747053133
        3.1800000000        0.0235653534    22101.2529944774        0.2492015582
        3.1900000000        0.0200304260    17947.6138362854        0.2304205202
        3.2000000000        0.0200793152    22158.2748686721        0.2409610216
        3.2100000000        0.0197329559    13203.5785443731        0.2130219284
        3.2200000000        0.0151780243     8448.4576116266        0.1568004751
        3.2300000000        0.0170780029    14032.3601746131        0.1143018795
        3.2400000000        0.0191475525    14284.8255918983        0.2325938841
        3.2500000000        0.0190275879    22141.5576910771        0.2852597297
        3.2600000000        0.0197356110    17921.5029821896        0.2398253814
        3.2700000000        0.0170662537    13193.6787821867        0.2423931514
        3.2800000000        0.0160948944     9851.4133379383        0.2295788374
        3.2900000000        0.0160933685    11564.4039698899        0.2468891097
        3.3000000000        0.0193619843    16284.3538134660        0.3208324315
        3.3100000000        0.0167809601    16137.2668608574        0.2047157580
        3.3200000000        0.0201919250    17420.1169276357        0.1992334588
        3.3300000000        0.0191602325    19507.0262157472        0.2645588017
        3.3400000000        0.0140397186    10144.2963426460        0.2525200291
        3.3500000000        0.0151367035    12647.5750746083        0.1441480629
        3.3600000000        0.0179861145    23716.9230534972        0.1125596024
        3.3700000000        0.0161340027    15784.1174301930        0.1104844676
        3.3800000000        0.0171721649    15607.4631282361        0.1351815917
        3.3900000000        0.0192566528    12596.1707961653        0.1425933846
        3.4000000000        0.0146906433    10133.5820081619        0.1803191447
        3.4100000000        0.0146083679     9778.4979494869        0.2645689944
        3.4200000000        0.0143301544    11419.3180942801        0.2293266962
        3.4300000000        0.0146483612     7889.4141394862        0.3347371914
        3.4400000000        0.0160757446    13114.2153415699        0.3356922853
        3.4500000000        0.0146185303     8552.7014202899        0.3476035780
        3.4600000000        0.0191517792    14581.5535556179        0.3910448328
        3.4700000000        0.0153313141    11092.2701907602        0.2739230583
        3.4800000000        0.0134441833     6514.5133246409        0.1870030106
        3.4900000000        0.0157844086    11368.0782985495        0.1051772514
        3.5000000000        0.0139341736    13963.9718553573        0.2019555967
        3.5100000000        0.0154274597     9842.1299338320        0.1379098254
        3.5200000000        0.0158811340     9204.3143147018        0.1820974261
        3.5300000000        0.0148712311    11769.3768200957        0.1098673173
        3.5400000000        0.0136241913    10471.7395899542        0.1896527835
        3.5500000000        0.0140015717     7486.8108723768        0.2221290750
        3.5600000000        0.0130643616     5757.4488308287        0.1965457342
        3.5700000000        0.0152156219    10318.9897191703        0.3491490177
        3.5800000000        0.0146114807     8123.1565278632        0.2142587219
        3.5900000000        0.0166786499     7814.7269724235        0.1528240861
        3.6000000000        0.0164479370    13778.9426975001        0.1737414723
        3.6100000000        0.0156322174    11698.6383703429        0.2492788652
        3.6200000000        0.0145925140    11097.8557972204        0.1875817038
        3.6300000000        0.0147705536     7495.7546830407        0.1709879364
        3.6400000000        0.0148500977     8697.1943912089        0.2497926270
        3.6500000000        0.0108402710     4818.6302879453        0.2543005720
        3.6600000000        0.0094801941     3421.4801496585        0.1897096236
        3.6700000000        0.0129689789     7544.8014948059        0.1683397453
        3.6800000000        0.0120466309     8656.0420152175        0.1873813600
        3.6900000000        0.0167896881     9985.5258089262        0.2652348735
        3.7000000000        0.0167913055     8064.6678847129        0.1305389301
        3.7100000000        0.0171022339    11960.9926660379        0.1030282510
        3.7200000000        0.0166472473    13028.3985881050        0.1515345151
        3.7300000000        0.0137810516    10717.2468829592        0.2132614692
        3.7400000000        0.0147762909     7098.9172519887        0.1877637044
        3.7500000000        0.0104965668     3321.6653098500        0.2367893618
        3.7600000000        0.0126452637     6532.2626595745        0.2590180371
        3.7700000000        0.0149214630    13397.7351550233        0.2980121679
        3.7800000000        0.0123810120     5764.0655158069        0.2312021390
        3.7900000000        0.0140169525     5933.2487100100        0.3048191074
        3.8000000000        0.0163624725     7192.4151716941        0.2263082277
        3.8100000000        0.0138527527     8675.5046372048        0.1581306531
        3.8200000000        0.0118755646     5544.7056163449        0.1897319407
        3.8300000000        0.0126992187     4158.6200793734        0.1628094357
        3.8400000000        0.0131583405     5205.4620601400        0.1719545695
        3.8500000000        0.0117875824     5025.4840727111        0.2059015844
        3.8600000000        0.0121483002     5613.5068846989        0.2474334951
        3.8700000000        0.0147637787     8438.8065490795        0.1826526491
        3.8800000000        0.0155988464     6922.3119556057        0.1495753750
        3.8900000000        0.0154250488     6439.3076668381        0.2007163684
        3.9000000000        0.0122554169     5004.0843711379        0.2919943722
        3.9100000000        0.0127017670     5793.6770631554        0.2304334243
        3.9200000000        0.0124244385     6048.7013153062        0.1830607585
        3.9300000000        0.0153227386     7277.0986564727        0.1854537187
        3.9400000000        0.0151521759     7846.7363869132        0.2560252325
        3.9500000000        0.0130378571     4804.2845949209        0.2076081224
        3.9600000000        0.0167108002     9254.3472967015        0.1772939038
        3.9700000000        0.0164304657     7965.7534734100        0.1263375640
        3.9800000000        0.0180733643     9236.9281417086        0.1044130333
        3.9900000000        0.0153327179     5724.0845547463        0.1246092693
        4.0000000000        0.0146284943     8404.8776836095        0.1553989021
        4.0100000000        0.0170215454     9015.8740246884        0.1400585595
        4.0200000000        0.0156501465     5313.1679741294        0.0807600321
        4.0300000000        0.0119090271     3655.2945890199        0.1366808279
        4.0400000000        0.0116757965     5369.5208504796        0.1174167072
        4.0500000000        0.0115920105     7739.7284315433        0.0944911056
        4.0600000000        0.0141626129    11284.0093300340        0.1408091935
        4.0700000000        0.0136119537     4217.8829648496        0.1163232941
        4.0800000000        0.0090452118     2902.9391640778        0.0867718683
        4.0900000000        0.0099923096     4553.7604410758        0.1735753108
        4.1000000000        0.0105726471     7091.2657573019        0.1800962126
        4.1100000000        0.0119396667     4728.7105157543        0.1996200547
        4.1200000000        0.0112766266     6647.7773266839        0.2060417871
        4.1300000000        0.0128822632     7914.9757944311        0.1276259522
        4.1400000000        0.0130024872     6689.6132674971        0.1230673061
        4.1500000000        0.0141026611     6236.2630448193        0.1469678312
        4.1600000000        0.0131661072     7044.9576725361        0.1650076797
        4.1700000000        0.0122069397     5238.7366901080        0.1603996736
        4.1800000000        0.0108738251     8438.6222319229        0.2066971303
        4.1900000000        0.0133275452    10619.3578705848        0.2098901769
        4.2000000000        0.0118141937     6303.9371871280        0.2202377545
        4.2100000000        0.0083881683     3494.8103543795        0.2287809721
        4.2200000000        0.0099576416     3034.5883137441        0.1416386132
        4.2300000000        0.0123163910     4059.1283999853        0.1300808172
        4.2400000000        0.0126061554     6621.2893182636        0.1198185689
        4.2500000000        0.0143736572    10621.1985872942        0.0993438551
        4.2600000000        0.0136353912     5941.8965246333        0.1088053045
        4.2700000000        0.0118856659     4202.4015556060        0.1023896823
        4.2800000000        0.0122369995     3492.6303549066        0.0995146956
        4.2900000000        0.0096127167     3568.3741777244        0.1083751595
        4.3000000000        0.0114824982     5221.8083242878        0.0984335018
        4.3100000000        0.0096928711     3720.2468993040        0.1221715535
        4.3200000000        0.0116374359     4997.2617152634        0.1829115394
        4.3300000000        0.0133599243     8217.3777549654        0.1985140176
        4.3400000000        0.0135639191     7700.3156736032        0.1199785316
        4.3500000000        0.0122081757     5889.9860111351        0.1016509336
        4.3600000000        0.0118782501     5848.6558312931        0.1303472787
        4.3700000000        0.0116720886     4766.4603065790        0.1090838337
        4.3800000000        0.0116650238     4793.2743515840        0.1149574267
        4.3900000000        0.0106406555     3608.1013138383        0.1192771089
        4.4000000000        0.0125286407     4511.6410237358        0.0961565215
        4.4100000000        0.0130226746     4509.0521242064        0.0427079939
        4.4200000000        0.0102800903     3269.1241988688        0.0410806089
        4.4300000000        0.0113746796     3934.6758267354        0.0431528854
        4.4400000000        0.0104430237     2865.1541211149        0.0559518813
        4.4500000000        0.0132918549     8233.2611934692        0.1151481074
        4.4600000000        0.0133208618     7401.6614347534        0.1157367554
        4.4700000000        0.0107988129     3891.3178478608        0.1306375239
        4.4800000000        0.0085338135     2305.4734098215        0.0976387742
        4.4900000000        0.0084869385     2807.2822939867        0.0711247419
        4.5000000000        0.0093664093     2715.2289087639        0.0873855070
        4.5100000000        0.0102904510     3411.3709530904        0.1079278627
        4.5200000000        0.0104759674     4728.8709373756        0.1314322969
        4.5300000000        0.0114520874     5332.4105604857        0.1655185378
        4.5400000000        0.0113577118     4926.3703342374        0.1567277356
        4.5500000000        0.0135840607     4537.3132963599        0.1512077956
        4.5600000000        0.0130438232     4669.0804605264        0.1521913802
        4.5700000000        0.0110526581     5053.4412416713        0.1033118544
        4.5800000000        0.0108036346     3701.5128721480        0.0957741576
        4.5900000000        0.0114070892     3056.6445993328        0.1293479534
        4.6000000000        0.0117008362     4259.5051864674        0.1393402132
        4.6100000000        0.0117713623     4097.4520511931        0.1291697545
        4.6200000000        0.0112894592     4310.3118783009        0.1264756121
        4.6300000000        0.0119909515     3894.4898768764        0.0913572065
        4.6400000000        0.0138223877     4309.0536301725        0.0740234485
        4.6500000000        0.0122256927     3724.5905412769        0.0517705426
        4.6600000000        0.0092566528     2097.4740512876        0.0806551249
        4.6700000000        0.0098984222     3258.1401738625        0.1162452400
        4.6800000000        0.0111713562     3739.9912409723        0.0743984747
        4.6900000000        0.0148842468     4867.5414430171        0.0684876417
        4.7000000000        0.0152695618     6137.8925207979        0.0627107367
        4.7100000000        0.0154388580     5585.3750583732        0.0443237532
        4.7200000000        0.0138955688     4749.7952913136        0.0620934561
        4.7300000000        0.0111373596     3094.8733297569        0.0693957150
        4.7400000000        0.0092337494     2689.5777103244        0.0887816462
        4.7500000000        0.0089871521     3161.8498378421        0.0958549470
        4.7600000000        0.0077074738     3104.7961175289        0.1222406697
        4.7700000000        0.0088300629     2705.7073903433        0.1504832337
        4.7800000000        0.0101886139     3569.1060951753        0.1125016931
        4.7900000000        0.0097678528     5883.4529577767        0.0553861639
        4.8000000000        0.0100070496     3713.2827124480        0.0657312851
        4.8100000000        0.0089875336     2730.7539754548        0.0940585359
        4.8200000000        0.0100843201     2122.2616053423        0.0798225789
        4.8300000000        0.0097672577     2062.2672431548        0.0885779784
        4.8400000000        0.0096922302     2706.9357425104        0.0868404916
        4.8500000000        0.0092260895     1963.3577979253        0.0812903760
        4.8600000000        0.0106609192     3163.6029028293        0.0994382769
        4.8700000000        0.0067881012     1546.2821839708        0.1237739163
        4.8800000000        0.0078560944     1834.9056038807        0.1354701859
        4.8900000000        0.0080120544     2381.6195030164        0.1370101232
        4.9000000000        0.0095004578     2483.4594530102        0.1833491113
        4.9100000000        0.0108117371     2242.8546924135        0.2078272298
        4.9200000000        0.0101606750     2279.3233219004        0.1893696202
        4.9300000000        0.0089803009     2265.2318954235        0.1413758429
        4.9400000000        0.0088396912     2456.0056537956        0.1612369535
        4.9500000000        0.0081680603     1964.0744544950        0.1118607568
        4.9600000000        0.0103229675     2594.3011507561        0.0890369689
        4.9700000000        0.0116591949     3656.0994792631        0.0778972409
        4.9800000000        0.0094065552     3378.8432351406        0.1087474003
        4.9900000000        0.0114756927     5747.1172715306        0.0933667157
        5.0000000000        0.0118809967     4873.4136413876        0.1082920802
