# lattice size: 128 * 128
algorithm: single spin flip
# warming-up steps: 10000
# evolution steps: 100000
        0.0100000000        1.0000000000        0.0000000000        0.0000000000
        0.0200000000        1.0000000000        0.0000000000        0.0000000000
        0.0300000000        1.0000000000        0.0000000000        0.0000000000
        0.0400000000        1.0000000000        0.0000000000        0.0000000000
        0.0500000000        1.0000000000        0.0000000000        0.0000000000
        0.0600000000        1.0000000000        0.0000000000        0.0000000000
        0.0700000000        1.0000000000        0.0000000000        0.0000000000
        0.0800000000        1.0000000000        0.0000000000        0.0000000000
        0.0900000000        1.0000000000        0.0000000000        0.0000000000
        0.1000000000        1.0000000000        0.0000000000        0.0000000000
        0.1100000000        1.0000000000        0.0000000000        0.0000000000
        0.1200000000        1.0000000000        0.0000000000        0.0000000000
        0.1300000000        1.0000000000        0.0000000000        0.0000000000
        0.1400000000        1.0000000000        0.0000000000        0.0000000000
        0.1500000000        1.0000000000        0.0000000000        0.0000000000
        0.1600000000        1.0000000000        0.0000000000        0.0000000000
        0.1700000000        1.0000000000        0.0000000000        0.0000000000
        0.1800000000        1.0000000000        0.0000000000        0.0000000000
        0.1900000000        1.0000000000        0.0000000000        0.0000000000
        0.2000000000        1.0000000000        0.0000000000        0.0000000000
        0.2100000000        1.0000000000        0.0000000000        0.0000000000
        0.2200000000        1.0000000000        0.0000000000        0.0000000000
        0.2300000000        1.0000000000        0.0000000000        0.0000000000
        0.2400000000        1.0000000000        0.0000000000        0.0000000000
        0.2500000000        1.0000000000        0.0000000000        0.0000000000
        0.2600000000        1.0000000000        0.0000000000        0.0000000000
        0.2700000000        1.0000000000        0.0000000000        0.0000000000
        0.2800000000        1.0000000000        0.0000000000        0.0000000000
        0.2900000000        1.0000000000        0.0000000000        0.0000000000
        0.3000000000        1.0000000000        0.0000000000        0.0000000000
        0.3100000000        1.0000000000        0.0000000000        0.0000000000
        0.3200000000        1.0000000000        0.0000000000        0.0000000000
        0.3300000000        1.0000000000        0.0000000000        0.0000000000
        0.3400000000        1.0000000000        0.0000000000        0.0000000000
        0.3500000000        1.0000000000        0.0000000000        0.0000000000
        0.3600000000        1.0000000000        0.0000000000        0.0000000000
        0.3700000000        1.0000000000        0.0000000000        0.0000000000
        0.3800000000        1.0000000000        0.0000000000        0.0000000000
        0.3900000000        1.0000000000        0.0000000000        0.0000000000
        0.4000000000        1.0000000000        0.0000000000        0.0000000000
        0.4100000000        1.0000000000        0.0000000000        0.0000000000
        0.4200000000        1.0000000000        0.0000000000        0.0000000000
        0.4300000000        1.0000000000        0.0000000000        0.0000000000
        0.4400000000        1.0000000000        0.0000000000        0.0000000000
        0.4500000000        1.0000000000        0.0000000000        0.0000000000
        0.4600000000        1.0000000000        0.0000000000        0.0000000000
        0.4700000000        1.0000000000        0.0000000000        0.0000000000
        0.4800000000        1.0000000000        0.0000000000        0.0000000000
        0.4900000000        1.0000000000        0.0000000000        0.0000000000
        0.5000000000        1.0000000000        0.0000000000        0.0000000000
        0.5100000000        1.0000000000        0.0000000000        0.0000000000
        0.5200000000        1.0000000000        0.0000000000        0.0000000000
        0.5300000000        1.0000000000        0.0000000000        0.0000000000
        0.5400000000        1.0000000000        0.0000000000        0.0000000000
        0.5500000000        0.9999995094        0.0291143764        0.0000516945
        0.5600000000        0.9999999856        0.0008436186        0.0000014712
        0.5700000000        0.9999997344        0.0152343198        0.0000261005
        0.5800000000        0.9999970705        0.1615324925        0.0002719769
        0.5900000000        1.0000000000        0.0000000000        0.0000000000
        0.6000000000        0.9999951634        0.2966510256        0.0004828305
        0.6100000000        0.9999899770        0.6806026228        0.0010895918
        0.6200000000        0.9999939091        0.3058490734        0.0004817432
        0.6300000000        0.9999923748        0.3897455477        0.0006041442
        0.6400000000        0.9999899226        0.4733696580        0.0007223048
        0.6500000000        0.9999871961        0.6052698539        0.0009093597
        0.6600000000        0.9999810376        0.9431559931        0.0013955314
        0.6700000000        0.9999886987        0.5319519274        0.0007753498
        0.6800000000        0.9999892925        0.5160681903        0.0007411365
        0.6900000000        0.9999623184        1.4723160992        0.0020837807
        0.7000000000        0.9999707803        1.6269629768        0.0022697587
        0.7100000000        0.9999748256        1.1433152666        0.0015725616
        0.7200000000        0.9999724790        1.1149004102        0.0015121805
        0.7300000000        0.9999548206        2.0795803772        0.0027819729
        0.7400000000        0.9999694659        1.4919678504        0.0019689187
        0.7500000000        0.9999590514        1.5656664371        0.0020386282
        0.7600000000        0.9999484480        2.3646246838        0.0030384261
        0.7700000000        0.9999294573        2.5850783308        0.0032172657
        0.7800000000        0.9999201797        2.6803968427        0.0033558655
        0.7900000000        0.9999025161        4.6833423874        0.0054354561
        0.8000000000        0.9999066278        4.0684516728        0.0048516359
        0.8100000000        0.9999009761        4.8265788658        0.0056072356
        0.8200000000        0.9999041783        3.7843970264        0.0044941046
        0.8300000000        0.9998772604        5.6854213936        0.0066498589
        0.8400000000        0.9998523615        6.8443785111        0.0076428840
        0.8500000000        0.9998305311        6.5663681311        0.0073571883
        0.8600000000        0.9998115827        5.7960360549        0.0065115531
        0.8700000000        0.9997925407        9.1668379375        0.0098189339
        0.8800000000        0.9997941257        7.7642414042        0.0083671802
        0.8900000000        0.9997549530        9.6689544702        0.0099803921
        0.9000000000        0.9996524825       10.4205968314        0.0111470269
        0.9100000000        0.9996838677       11.2400227851        0.0118905827
        0.9200000000        0.9996541561       16.1226042911        0.0161405434
        0.9300000000        0.9995991392       12.3437204028        0.0120013073
        0.9400000000        0.9995867811       16.2580608370        0.0163757551
        0.9500000000        0.9995233995       20.1774786021        0.0196892130
        0.9600000000        0.9994598977       17.1820520423        0.0165826382
        0.9700000000        0.9994082768       20.4529570857        0.0187806200
        0.9800000000        0.9994258853       17.5945198049        0.0161996410
        0.9900000000        0.9993549829       23.6082388596        0.0213660256
        1.0000000000        0.9992500587       28.4394744933        0.0253608817
        1.0100000000        0.9991523233       22.4065306163        0.0199653127
        1.0200000000        0.9991264970       31.7846143070        0.0280505416
        1.0300000000        0.9990456799       39.6769884142        0.0341799597
        1.0400000000        0.9990799693       40.6361116526        0.0333652820
        1.0500000000        0.9989475781       31.3360231547        0.0260910208
        1.0600000000        0.9987910349       43.4166763751        0.0365155006
        1.0700000000        0.9987198764       38.8852477909        0.0326462758
        1.0800000000        0.9986819682       37.6361071512        0.0303630684
        1.0900000000        0.9986290691       56.0551660323        0.0457337229
        1.1000000000        0.9984088107       44.5218009569        0.0361004199
        1.1100000000        0.9984468486       55.0269645882        0.0448105956
        1.1200000000        0.9982276007       85.7276917302        0.0663418659
        1.1300000000        0.9981896180       65.7185919781        0.0500036063
        1.1400000000        0.9979899945       55.5604048204        0.0420302314
        1.1500000000        0.9978888136       88.9238099948        0.0647634804
        1.1600000000        0.9977968644       57.3425931920        0.0430545559
        1.1700000000        0.9976729267       73.4917881907        0.0540575933
        1.1800000000        0.9973145913       73.1319977570        0.0532539266
        1.1900000000        0.9971691618       97.1868927990        0.0675119151
        1.2000000000        0.9970905039       87.0087692638        0.0645635667
        1.2100000000        0.9967807359       93.4714138754        0.0633222155
        1.2200000000        0.9966248145      119.3816031100        0.0782458335
        1.2300000000        0.9965273521      109.8892037704        0.0734195171
        1.2400000000        0.9962949621      146.6410956556        0.1021465628
        1.2500000000        0.9960626672      148.6681714296        0.1028251361
        1.2600000000        0.9957883118      143.2942750198        0.0924168437
        1.2700000000        0.9956216394      162.4682691623        0.1040608922
        1.2800000000        0.9953329977      143.1458298350        0.0881994680
        1.2900000000        0.9950522660      135.8789888925        0.0894016098
        1.3000000000        0.9947474347      121.6814981057        0.0798904039
        1.3100000000        0.9944153230      198.9228326856        0.1188099864
        1.3200000000        0.9940647138      172.8634517301        0.1008839480
        1.3300000000        0.9939418526      248.1800655673        0.1397284405
        1.3400000000        0.9936875413      165.6748223883        0.0934601081
        1.3500000000        0.9932559353      202.4114176079        0.1107508843
        1.3600000000        0.9927050335      270.1946794110        0.1490169963
        1.3700000000        0.9928598981      230.3558579979        0.1253858373
        1.3800000000        0.9923579439      183.0018156249        0.1034814836
        1.3900000000        0.9918066688      272.8077256637        0.1479183913
        1.4000000000        0.9913164932      326.1505065645        0.1590208585
        1.4100000000        0.9912735424      303.5775344423        0.1597794285
        1.4200000000        0.9906783174      296.1471014249        0.1535166213
        1.4300000000        0.9903088593      331.4794271976        0.1695553301
        1.4400000000        0.9895462637      304.6782569960        0.1536538310
        1.4500000000        0.9890218828      514.5930567898        0.2397092501
        1.4600000000        0.9886689413      287.6926929779        0.1334721011
        1.4700000000        0.9880880665      334.6981705857        0.1529288553
        1.4800000000        0.9875438314      416.1432401554        0.1883109292
        1.4900000000        0.9871256699      377.7065028080        0.1708459820
        1.5000000000        0.9865781551      430.5745343169        0.1842134090
        1.5100000000        0.9858830589      520.4427133728        0.2185523384
        1.5200000000        0.9854360497      334.7842766658        0.1547984265
        1.5300000000        0.9847978394      532.4096093770        0.1904955343
        1.5400000000        0.9841446265      579.2829497681        0.2409185433
        1.5500000000        0.9830552084      435.8918847769        0.1758621882
        1.5600000000        0.9828583646      482.8469740084        0.1740997872
        1.5700000000        0.9818817297      583.9693738207        0.2006692778
        1.5800000000        0.9811938158      620.3511216029        0.2534336822
        1.5900000000        0.9807036480      724.9366610680        0.2724937031
        1.6000000000        0.9793438691      580.6786534935        0.2440993815
        1.6100000000        0.9794990148      598.1231895108        0.2363199632
        1.6200000000        0.9783023130      653.9081575694        0.2564705001
        1.6300000000        0.9778423060      785.5443207033        0.2572364131
        1.6400000000        0.9763832353      667.2135702175        0.2285918424
        1.6500000000        0.9758030943      879.4131365870        0.3082640956
        1.6600000000        0.9747893306      667.8980973830        0.2564844113
        1.6700000000        0.9742528068     1089.3447801382        0.3483121159
        1.6800000000        0.9725391722      829.9338923324        0.2800903553
        1.6900000000        0.9717425160      855.9947346971        0.3189298434
        1.7000000000        0.9713018002      929.8422761524        0.3122613673
        1.7100000000        0.9695941980     1010.2223472463        0.2883010547
        1.7200000000        0.9675272675     1098.1830665365        0.3344990331
        1.7300000000        0.9656779254      968.5365130447        0.2863238467
        1.7400000000        0.9647994824     1375.3046746740        0.4112103148
        1.7500000000        0.9642114795     1174.5322073017        0.3180933592
        1.7600000000        0.9632282674     1571.7710548165        0.4277413046
        1.7700000000        0.9614896258     1690.4263934342        0.4160221829
        1.7800000000        0.9594332964     3333.6775862936        0.7904899987
        1.7900000000        0.9582688538     2008.2029096075        0.4565382185
        1.8000000000        0.9570858414     1456.9493217601        0.3463310115
        1.8100000000        0.9563856901     1546.6765371640        0.3767057992
        1.8200000000        0.9555866264     1419.4742986789        0.4060437295
        1.8300000000        0.9532566891     1707.8533178796        0.4463530213
        1.8400000000        0.9509124262     2080.2040040331        0.5017730327
        1.8500000000        0.9497380375     2668.3287443986        0.5694225966
        1.8600000000        0.9481341978     1712.3532885505        0.4312629549
        1.8700000000        0.9458740228     2380.9711679258        0.5264896526
        1.8800000000        0.9428216309     3121.9944315705        0.5976106447
        1.8900000000        0.9407756379     2127.9735304218        0.5555486500
        1.9000000000        0.9406484690     2264.3000424849        0.5095855866
        1.9100000000        0.9367420373     2454.0148155383        0.4459151686
        1.9200000000        0.9350293056     3390.1560035379        0.6496093199
        1.9300000000        0.9302309501     6005.2101772684        0.8486117596
        1.9400000000        0.9281127930     4878.0587448287        0.6152500846
        1.9500000000        0.9278966276     3197.0500757603        0.5568407606
        1.9600000000        0.9262840459     3479.8300293787        0.5052009949
        1.9700000000        0.9228459730     3963.7312719967        0.6540639094
        1.9800000000        0.9201479618     3011.2727164319        0.4397014217
        1.9900000000        0.9148839910     5157.2535831575        0.5039738384
        2.0000000000        0.9136486684     3120.1008628309        0.4738026533
        2.0100000000        0.9116492942     2413.1036193810        0.3227122460
        2.0200000000        0.9067966024     4560.7597043314        0.6143621825
        2.0300000000        0.9030424716     8317.4297492052        0.8794183114
        2.0400000000        0.9008251463     8469.5881529182        0.8106630699
        2.0500000000        0.8977739014     7023.9313941031        0.7053436315
        2.0600000000        0.8902506689     9474.0781856827        0.9687499098
        2.0700000000        0.8883458121     7745.2492313684        1.0158632863
        2.0800000000        0.8861972289     9040.9684582255        0.9171027220
        2.0900000000        0.8786727200    12725.8230348951        1.0947663513
        2.1000000000        0.8746848502    11717.4896312186        0.9038732449
        2.1100000000        0.8731472108    12205.9457422715        1.1494309464
        2.1200000000        0.8689540781    14976.5480758728        1.1030229917
        2.1300000000        0.8636891068     8019.2660904267        0.5701107523
        2.1400000000        0.8585580601    12907.3448141462        1.0322842810
        2.1500000000        0.8504665804    10752.0444064917        0.9522505373
        2.1600000000        0.8434205522    16953.9560678519        1.2195161884
        2.1700000000        0.8390206979    14955.7976758151        0.8905827246
        2.1800000000        0.8330456973    20858.6345340954        1.1362998256
        2.1900000000        0.8262347475    14552.9104355127        0.8264197317
        2.2000000000        0.8166233598    15983.8008836047        0.6848052436
        2.2100000000        0.8094919309    19045.7061439888        1.1218427461
        2.2200000000        0.7963473304    25430.3959348718        1.1461788414
        2.2300000000        0.7884419316    30400.1421568373        1.3459753666
        2.2400000000        0.7831826890    18772.9333663227        0.9563431498
        2.2500000000        0.7725852602    20481.8330291510        0.7729575888
        2.2600000000        0.7657030482    34709.2467625321        1.3515551830
        2.2700000000        0.7556242178    37283.3102706771        1.1331374832
        2.2800000000        0.7447638327    37866.9418126868        1.2580968834
        2.2900000000        0.7359368627    45341.2867054539        1.3224311793
        2.3000000000        0.7222830281    61450.1761545566        1.5262119050
        2.3100000000        0.7054355052    59757.4620831066        0.9541562208
        2.3200000000        0.6926191860    69015.6445790276        1.4977777199
        2.3300000000        0.6748285738    69415.0908518249        1.3672267025
        2.3400000000        0.6634719239    69038.9000195343        1.5002118366
        2.3500000000        0.6531797476    60744.6719008052        1.1161213212
        2.3600000000        0.6376645438    42189.0871919756        1.0149291305
        2.3700000000        0.6204890703    72099.3217445126        0.8092029176
        2.3800000000        0.5982734072   111926.6505732822        1.7702592343
        2.3900000000        0.5811544989   104853.8410193317        1.4999276722
        2.4000000000        0.5595501630    85692.5443788248        1.0854179118
        2.4100000000        0.5373819382   130350.7666963207        1.0862473598
        2.4200000000        0.5180461463   169555.2027124640        1.3943813943
        2.4300000000        0.5004597689   176790.3458238144        1.6778614008
        2.4400000000        0.4754033132   182890.9978823162        1.9118052076
        2.4500000000        0.4498413525   212306.3875863207        1.5730631509
        2.4600000000        0.4286670892   264019.7687348678        1.5957871478
        2.4700000000        0.4101522349   293898.4454331983        1.4179456926
        2.4800000000        0.3885733044   210940.1151994401        1.1057649296
        2.4900000000        0.3664205994   173625.9303863066        0.9895839000
        2.5000000000        0.3447602341   156508.7121043256        1.2503258934
        2.5100000000        0.3191065979   103641.3891548792        1.0407681305
        2.5200000000        0.2999147303    97097.1111330754        0.6742899945
        2.5300000000        0.2774323615   101341.6747085872        0.9979935563
        2.5400000000        0.2500998016   113174.1844925477        0.7256776232
        2.5500000000        0.2322218530   147987.8464869189        1.0848811578
        2.5600000000        0.2137832039   280279.8630110953        1.2816432258
        2.5700000000        0.1883984301   396968.6599229918        1.0233857369
        2.5800000000        0.1708184959   356676.9377311714        0.6179225226
        2.5900000000        0.1516130451   284787.7804290099        0.9911136841
        2.6000000000        0.1296839985   288338.9393005114        0.4579562039
        2.6100000000        0.1151564172   274276.4794717250        0.6314147429
        2.6200000000        0.1000447696   210106.9311226783        0.5982081677
        2.6300000000        0.0853923072   267210.0564507531        0.5898768814
        2.6400000000        0.0688095369   315768.1620853880        0.7314359314
        2.6500000000        0.0558654713   386570.9866152797        0.7515847759
        2.6600000000        0.0490877794   448195.4853604527        0.5407740596
        2.6700000000        0.0421220468   291999.5186926650        0.5399206919
        2.6800000000        0.0335952186   251750.4113711043        0.5950680695
        2.6900000000        0.0252306857   218237.5267672691        0.5059613082
        2.7000000000        0.0167441545   158862.7279503964        0.4514060001
        2.7100000000        0.0128388045   105154.6785270501        0.6755916102
        2.7200000000        0.0153151599    96403.3695220533        0.4193041233
        2.7300000000        0.0167586082   121156.2964919507        0.5101135229
        2.7400000000        0.0226081332   105712.8883230520        0.6076246222
        2.7500000000        0.0237764613   139871.6364366192        0.3320381635
        2.7600000000        0.0172329757   112028.8792523945        0.4103876050
        2.7700000000        0.0101985051    90999.1095557137        0.4335513599
        2.7800000000        0.0104533311    39856.7393828320        0.5238306982
        2.7900000000        0.0067094889    69162.9027210646        0.4870025787
        2.8000000000        0.0014925442    37673.3792601254        0.5071438735
        2.8100000000        0.0000109302    63994.9742545746        0.4321075055
        2.8200000000        0.0038255225    87199.2284941247        0.4413219191
        2.8300000000        0.0051302935    68508.4639354293        0.6354439196
        2.8400000000        0.0051868503   106781.7305659739        0.5501793144
        2.8500000000        0.0031102625   102779.2789109018        0.3503538483
        2.8600000000        0.0023187118    89956.5879328410        0.4397867355
        2.8700000000        0.0064479405   101650.2464641301        0.5057585354
        2.8800000000        0.0052479128    86237.9412357127        0.4681336497
        2.8900000000        0.0015533088    79271.2396590069        0.4352471881
        2.9000000000        0.0035766821    80149.1417109906        0.3953574459
        2.9100000000        0.0022556985    55480.7968890920        0.3698233764
        2.9200000000        0.0005071957    63289.6418493459        0.3971400721
        2.9300000000        0.0023751471    48050.3194383457        0.4308483713
        2.9400000000        0.0031597573    51153.8808301151        0.4758922719
        2.9500000000        0.0018832691    71795.5513709601        0.4741419986
        2.9600000000        0.0001946213    58617.6954110627        0.3553549235
        2.9700000000        0.0044777110    40625.7794004611        0.3757503125
        2.9800000000        0.0039198392    58216.7694416606        0.3843586890
        2.9900000000        0.0080004330    60145.1282688904        0.4204216192
        3.0000000000        0.0076728617    55743.9321514112        0.3866684331
        3.0100000000        0.0036175420    74344.6711057276        0.3986988822
        3.0200000000        0.0005644517    67196.6414545632        0.4349816479
        3.0300000000        0.0033540357    72128.1208632904        0.3522285143
        3.0400000000        0.0086381529    71369.1709396016        0.3513460677
        3.0500000000        0.0041936242    69384.3060143333        0.3619038651
        3.0600000000        0.0014699011    70931.5828428830        0.4474034470
        3.0700000000        0.0024081950    51404.1434575972        0.3371834299
        3.0800000000        0.0101731684    72775.3307758157        0.4775146598
        3.0900000000        0.0028890415    73353.6912221435        0.3021859703
        3.1000000000        0.0019907877    57278.6459489498        0.4729284901
        3.1100000000        0.0027850175    43768.8503198878        0.4544817959
        3.1200000000        0.0019209533    55309.9176944787        0.3664826254
        3.1300000000        0.0066722231    49009.1150844500        0.4311759141
        3.1400000000        0.0081820173    52995.9859850245        0.3151483712
        3.1500000000        0.0047273569    45339.1100229876        0.3305930900
        3.1600000000        0.0105390405    53272.2224426869        0.3032347650
        3.1700000000        0.0044937831    38753.9374780980        0.3471984050
        3.1800000000        0.0005481868    43640.3328907149        0.3368067072
        3.1900000000        0.0008392747    66637.2378693707        0.3456250996
        3.2000000000        0.0011381704    31778.5152589731        0.2670369027
        3.2100000000        0.0033087176    31846.6489798832        0.3936082584
        3.2200000000        0.0000900621    44427.2764785847        0.3587583331
        3.2300000000        0.0049410865    32447.0890134540        0.2946712155
        3.2400000000        0.0030141352    29735.2290687511        0.2917828042
        3.2500000000        0.0089144711    40779.2438426025        0.3474632738
        3.2600000000        0.0093617963    49423.4828320038        0.3453279277
        3.2700000000        0.0015693714    45607.0569672671        0.2571559047
        3.2800000000        0.0024568781    35402.0722803924        0.2788678868
        3.2900000000        0.0012832861    38855.3554686732        0.3192822514
        3.3000000000        0.0000091553    34992.8374848488        0.3848788808
        3.3100000000        0.0027070132    34095.1660962519        0.2963148834
        3.3200000000        0.0036937031    22233.0809067439        0.3241238078
        3.3300000000        0.0053433268    25940.3655413765        0.2741606249
        3.3400000000        0.0052130799    34643.9718789710        0.2407945134
        3.3500000000        0.0077726885    24606.0807700648        0.2498880471
        3.3600000000        0.0001411594    29324.1831366996        0.2775413190
        3.3700000000        0.0028023112    32387.3899095027        0.2373837286
        3.3800000000        0.0038860247    30417.7251510638        0.3369712525
        3.3900000000        0.0068645255    25001.0422099768        0.2472361752
        3.4000000000        0.0004352918    34539.9951891644        0.2953467353
        3.4100000000        0.0037334885    24096.5107632849        0.2546996351
        3.4200000000        0.0096891489    19365.5586371996        0.3086373325
        3.4300000000        0.0025104022    28628.3999381971        0.3409506301
        3.4400000000        0.0060050760    28853.1535183906        0.2830513717
        3.4500000000        0.0105338733    28414.0411955016        0.2687487384
        3.4600000000        0.0036118055    33187.6852736673        0.2514045693
        3.4700000000        0.0009587535    39197.5678827014        0.2685937550
        3.4800000000        0.0043367666    30575.8817697651        0.2281788979
        3.4900000000        0.0060013295    23461.0261148319        0.2436322758
        3.5000000000        0.0108768368    26071.1162808191        0.2680427950
        3.5100000000        0.0054526438    22386.6810116431        0.2046977959
        3.5200000000        0.0024425322    18471.9644146848        0.2686323576
        3.5300000000        0.0041305852    16992.0161401184        0.2229002204
        3.5400000000        0.0002554842    21595.0689423402        0.2257632673
        3.5500000000        0.0003070667    37328.1196437080        0.2388966125
        3.5600000000        0.0042096481    28899.1064358602        0.2841644370
        3.5700000000        0.0002251157    18502.2563524574        0.2283445804
        3.5800000000        0.0029515919    22118.7853761869        0.2292871165
        3.5900000000        0.0036685930    23145.3214570248        0.2396281772
        3.6000000000        0.0020408050    26500.0395583860        0.2161233131
        3.6100000000        0.0009276100    29481.8914129777        0.2455214698
        3.6200000000        0.0013594675    21911.6965689352        0.2072825098
        3.6300000000        0.0036779108    12525.0637611077        0.2263808585
        3.6400000000        0.0018189686    22815.2326486471        0.2404300183
        3.6500000000        0.0015114144    26720.9838705529        0.2460243291
        3.6600000000        0.0054344093    37752.5427825514        0.2247405641
        3.6700000000        0.0043821317    25093.9453776716        0.2311765266
        3.6800000000        0.0005048393    16231.3510483948        0.2029470515
        3.6900000000        0.0040788728    23017.8243326200        0.1994292638
        3.7000000000        0.0003203085    21374.9956373612        0.2151176224
        3.7100000000        0.0040266109    21714.4621524476        0.2635854045
        3.7200000000        0.0003318122    33507.9947782855        0.1707589460
        3.7300000000        0.0011297189    21987.6325370594        0.2170804515
        3.7400000000        0.0030154890    24764.9182886881        0.2075322010
        3.7500000000        0.0014068830    28217.3797940635        0.1838694430
        3.7600000000        0.0024659566    19292.2620972104        0.2091087047
        3.7700000000        0.0040868132    11126.2615663315        0.2194392366
        3.7800000000        0.0047134956    15864.1656637851        0.2335531363
        3.7900000000        0.0054348051    16453.6723357538        0.1686713395
        3.8000000000        0.0000894357    18503.1572281451        0.1589540825
        3.8100000000        0.0021381852    30464.0471559896        0.1793666082
        3.8200000000        0.0026932475    23498.0062556971        0.2251201993
        3.8300000000        0.0017165446    17454.7156923872        0.2115748589
        3.8400000000        0.0013041621    23873.4332131954        0.1807067973
        3.8500000000        0.0045420205    15631.7554325833        0.1739438704
        3.8600000000        0.0039347404    15176.7417792998        0.1908350021
        3.8700000000        0.0029299530    20969.2557405887        0.1762662194
        3.8800000000        0.0060477843    20652.9214532495        0.1801710391
        3.8900000000        0.0028065615    19605.7307373626        0.1785020727
        3.9000000000        0.0056942706    19783.6937349477        0.1995328725
        3.9100000000        0.0069948147    18139.8693160451        0.1621205206
        3.9200000000        0.0065934050    10741.5760933188        0.1664564470
        3.9300000000        0.0011349056    22374.3438479490        0.1824108019
        3.9400000000        0.0022382439    17915.2501217378        0.1883653477
        3.9500000000        0.0011770453    17058.7523291688        0.1800033029
        3.9600000000        0.0017378175    18287.5041147878        0.1542946833
        3.9700000000        0.0035488514    14314.3388883011        0.1959273742
        3.9800000000        0.0019121944    13945.4208858245        0.1781901268
        3.9900000000        0.0019637829    13393.5739162388        0.1426069354
        4.0000000000        0.0012156629    18537.7586983127        0.2096820007
        4.0100000000        0.0039345630    13353.7762232783        0.1766702607
        4.0200000000        0.0052569258    15155.8411795702        0.1507938880
        4.0300000000        0.0003831626    13357.6102605648        0.1688526195
        4.0400000000        0.0004935626    14240.0128941979        0.1731793505
        4.0500000000        0.0000194043    20707.4728498455        0.1599856059
        4.0600000000        0.0026182259    14353.7733814859        0.1819143725
        4.0700000000        0.0023255249    15269.5673594694        0.1514188241
        4.0800000000        0.0000645563    19733.1577663884        0.1638489953
        4.0900000000        0.0000198393    24806.8047124997        0.1525247044
        4.1000000000        0.0060196871    18567.7930458291        0.1795617763
        4.1100000000        0.0011917553    15424.3135218483        0.1351185003
        4.1200000000        0.0033271610    14977.1210272471        0.1541668724
        4.1300000000        0.0056524794    13956.7486303877        0.1669016787
        4.1400000000        0.0053064256    13694.7793941845        0.1723183077
        4.1500000000        0.0008789154    12916.1851204766        0.1585103367
        4.1600000000        0.0051405636    15564.7243801173        0.1645365592
        4.1700000000        0.0005302457    11939.1757738306        0.1612550790
        4.1800000000        0.0018976249    16892.2655026327        0.1766301051
        4.1900000000        0.0000231457    12453.1142901289        0.1618536814
        4.2000000000        0.0004292480    19864.2833355340        0.1641059178
        4.2100000000        0.0007411880    16459.3512296580        0.1937426525
        4.2200000000        0.0019872729    17055.6900455285        0.1512034209
        4.2300000000        0.0006380511    16659.6592959732        0.1674728194
        4.2400000000        0.0025928247    12031.1563945507        0.1487975836
        4.2500000000        0.0058069256    14884.0481993655        0.1236084275
        4.2600000000        0.0033638284    14832.0841922986        0.1602168714
        4.2700000000        0.0011123225    16724.4961442473        0.1471497472
        4.2800000000        0.0042064324    14661.1626079252        0.1150179204
        4.2900000000        0.0014640695    18143.0063133081        0.1738340175
        4.3000000000        0.0015368079    14238.0507482598        0.1518043710
        4.3100000000        0.0017122425    15918.4002071793        0.1414186690
        4.3200000000        0.0015818425    11541.2913855641        0.1634254941
        4.3300000000        0.0032319009    13268.1465425761        0.0964056021
        4.3400000000        0.0006243760    10672.7197016994        0.1249399103
        4.3500000000        0.0026007492     8829.0384761023        0.1351364778
        4.3600000000        0.0013600577     8785.8193810221        0.1312987568
        4.3700000000        0.0006783933    14335.6155908059        0.1496512877
        4.3800000000        0.0006042185    18947.0062444103        0.1424837826
        4.3900000000        0.0025593459    17635.6197146756        0.1488131684
        4.4000000000        0.0008164932    12945.3322978114        0.1286301004
        4.4100000000        0.0001169392    13320.6835306000        0.1391795243
        4.4200000000        0.0013463881     8882.0106126009        0.1375462165
        4.4300000000        0.0020324016    14261.8986598687        0.1156266313
        4.4400000000        0.0032868939    12480.5996824098        0.1248134090
        4.4500000000        0.0046664703    10709.9052357161        0.1260573159
        4.4600000000        0.0047860604     7593.7983827474        0.1210396479
        4.4700000000        0.0013747788    16823.6874534786        0.1285116821
        4.4800000000        0.0016332404    11323.3192922819        0.1133499283
        4.4900000000        0.0063886127    14819.7066235105        0.0932526752
        4.5000000000        0.0008319770     9158.9531996868        0.1434473522
        4.5100000000        0.0025019104    12787.8453978516        0.1011003264
        4.5200000000        0.0003808215    11763.5613566850        0.1369523218
        4.5300000000        0.0018809075    13919.8645438496        0.1129756481
        4.5400000000        0.0014052756     9323.0306161496        0.1174824749
        4.5500000000        0.0025954147    10915.4765897308        0.1034541908
        4.5600000000        0.0007571566    11104.3705135743        0.1122013714
        4.5700000000        0.0003823497    11111.8849799532        0.1354498261
        4.5800000000        0.0007120209    16302.7774305542        0.1216736229
        4.5900000000        0.0047368604    11151.0564858305        0.1177757568
        4.6000000000        0.0015827235    11257.0897122062        0.1142810208
        4.6100000000        0.0011407898    13127.8909910002        0.1270248254
        4.6200000000        0.0023104815    12064.2401584054        0.1229090008
        4.6300000000        0.0027632007    11148.9316951625        0.1040404721
        4.6400000000        0.0032192719    11304.8326272194        0.1055474685
        4.6500000000        0.0036590930    11262.9558478848        0.1120982714
        4.6600000000        0.0016660544    10990.3560960681        0.1107872412
        4.6700000000        0.0000129169    11699.7915406241        0.1570772680
        4.6800000000        0.0020036266    14450.0211881865        0.1010843150
        4.6900000000        0.0012724702     9207.9336934621        0.1078135791
        4.7000000000        0.0020105068    10468.7644047298        0.1075999343
        4.7100000000        0.0010313452    12272.5602199675        0.1168735690
        4.7200000000        0.0021036636    10063.3826358869        0.0946888654
        4.7300000000        0.0000591096    11766.2603181135        0.0950940718
        4.7400000000        0.0022427287    10716.0837357401        0.0937710850
        4.7500000000        0.0031283538    10362.1825612917        0.1088904751
        4.7600000000        0.0013815659     9835.8567992479        0.1043424354
        4.7700000000        0.0006731818     6967.3131457133        0.1072995255
        4.7800000000        0.0028818423    10099.4206440648        0.1195084653
        4.7900000000        0.0065969252     7740.7637599624        0.1251908238
        4.8000000000        0.0004566299    11396.5958585778        0.1105941877
        4.8100000000        0.0024549375    13030.4828936120        0.1085702675
        4.8200000000        0.0012319246     7426.8155950744        0.1153954138
        4.8300000000        0.0002921368     6421.5265925929        0.1109970916
        4.8400000000        0.0028628783     6555.3667882990        0.1097539436
        4.8500000000        0.0035246016     9100.8744335423        0.0940206551
        4.8600000000        0.0003577838     9051.9596268880        0.0919151964
        4.8700000000        0.0008246232     9780.0457085900        0.0983822984
        4.8800000000        0.0010570192    10197.3889676577        0.0961988623
        4.8900000000        0.0002546348     8345.3994663449        0.1073805455
        4.9000000000        0.0034121993     9444.9545269977        0.1210782838
        4.9100000000        0.0027650107     9066.4430560604        0.1050742092
        4.9200000000        0.0037590800     7628.2882955901        0.1109653960
        4.9300000000        0.0016910104    10174.2732197942        0.0877292970
        4.9400000000        0.0004062454    10010.3677585820        0.1059512136
        4.9500000000        0.0019694492     8583.5228463949        0.1072575360
        4.9600000000        0.0031811662     7963.9252440219        0.0955973863
        4.9700000000        0.0020931383     8774.4891694628        0.1029634165
        4.9800000000        0.0021298419     8262.9513391951        0.1042649437
        4.9900000000        0.0003880760     9455.8815132052        0.0835840697
        5.0000000000        0.0023043435     8307.4099870666        0.1059617509
