# lattice size: 128 * 128
# algorithm: Wolff
# warming-up steps: 200
# evolution steps: 2000
        0.0100000000        1.0000000000        0.0000000000        0.0000000000
        0.0200000000        1.0000000000        0.0000000000        0.0000000000
        0.0300000000        1.0000000000        0.0000000000        0.0000000000
        0.0400000000        1.0000000000        0.0000000000        0.0000000000
        0.0500000000        1.0000000000        0.0000000000        0.0000000000
        0.0600000000        1.0000000000        0.0000000000        0.0000000000
        0.0700000000        1.0000000000        0.0000000000        0.0000000000
        0.0800000000        1.0000000000        0.0000000000        0.0000000000
        0.0900000000        1.0000000000        0.0000000000        0.0000000000
        0.1000000000        1.0000000000        0.0000000000        0.0000000000
        0.1100000000        1.0000000000        0.0000000000        0.0000000000
        0.1200000000        1.0000000000        0.0000000000        0.0000000000
        0.1300000000        1.0000000000        0.0000000000        0.0000000000
        0.1400000000        1.0000000000        0.0000000000        0.0000000000
        0.1500000000        1.0000000000        0.0000000000        0.0000000000
        0.1600000000        1.0000000000        0.0000000000        0.0000000000
        0.1700000000        1.0000000000        0.0000000000        0.0000000000
        0.1800000000        1.0000000000        0.0000000000        0.0000000000
        0.1900000000        1.0000000000        0.0000000000        0.0000000000
        0.2000000000        1.0000000000        0.0000000000        0.0000000000
        0.2100000000        1.0000000000        0.0000000000        0.0000000000
        0.2200000000        1.0000000000        0.0000000000        0.0000000000
        0.2300000000        1.0000000000        0.0000000000        0.0000000000
        0.2400000000        1.0000000000        0.0000000000        0.0000000000
        0.2500000000        1.0000000000        0.0000000000        0.0000000000
        0.2600000000        1.0000000000        0.0000000000        0.0000000000
        0.2700000000        1.0000000000        0.0000000000        0.0000000000
        0.2800000000        1.0000000000        0.0000000000        0.0000000000
        0.2900000000        1.0000000000        0.0000000000        0.0000000000
        0.3000000000        1.0000000000        0.0000000000        0.0000000000
        0.3100000000        1.0000000000        0.0000000000        0.0000000000
        0.3200000000        1.0000000000        0.0000000000        0.0000000000
        0.3300000000        1.0000000000        0.0000000000        0.0000000000
        0.3400000000        1.0000000000        0.0000000000        0.0000000000
        0.3500000000        1.0000000000        0.0000000000        0.0000000000
        0.3600000000        1.0000000000        0.0000000000        0.0000000000
        0.3700000000        1.0000000000        0.0000000000        0.0000000000
        0.3800000000        1.0000000000        0.0000000000        0.0000000000
        0.3900000000        1.0000000000        0.0000000000        0.0000000000
        0.4000000000        1.0000000000        0.0000000000        0.0000000000
        0.4100000000        1.0000000000        0.0000000000        0.0000000000
        0.4200000000        0.9999999886        0.0008927924        0.0000020758
        0.4300000000        0.9999999847        0.0011625678        0.0000026405
        0.4400000000        0.9999999695        0.0022722239        0.0000050430
        0.4500000000        0.9999999619        0.0027769804        0.0000060263
        0.4600000000        0.9999999619        0.0027166113        0.0000057671
        0.4700000000        0.9999999275        0.0050502255        0.0000104933
        0.4800000000        0.9999998856        0.0078051661        0.0000158797
        0.4900000000        0.9999998436        0.0104457748        0.0000208183
        0.5000000000        0.9999997749        0.0147228837        0.0000287555
        0.5100000000        0.9999997520        0.0158990131        0.0000304439
        0.5200000000        0.9999995842        0.0261126803        0.0000490397
        0.5300000000        0.9999994202        0.0356787781        0.0000657407
        0.5400000000        0.9999992828        0.0432628172        0.0000782387
        0.5500000000        0.9999990807        0.0552693280        0.0000981344
        0.5600000000        0.9999987297        0.0748962164        0.0001299314
        0.5700000000        0.9999984474        0.0903121735        0.0001540762
        0.5800000000        0.9999979706        0.1144731867        0.0001927418
        0.5900000000        0.9999974823        0.1394889112        0.0002302742
        0.6000000000        0.9999967537        0.1788267990        0.0002887217
        0.6100000000        0.9999961548        0.2070180217        0.0003286725
        0.6200000000        0.9999948120        0.2742338084        0.0004305439
        0.6300000000        0.9999939117        0.3159522537        0.0004876658
        0.6400000000        0.9999921074        0.4080519546        0.0006181173
        0.6500000000        0.9999908333        0.4658749470        0.0006935471
        0.6600000000        0.9999890785        0.5501612118        0.0008072451
        0.6700000000        0.9999864769        0.6765449225        0.0009774737
        0.6800000000        0.9999844017        0.7559747819        0.0010768415
        0.6900000000        0.9999815216        0.8852789367        0.0012406948
        0.7000000000        0.9999777298        1.0433802860        0.0014347079
        0.7100000000        0.9999741745        1.2157960677        0.0016442049
        0.7200000000        0.9999697456        1.3943318278        0.0018627673
        0.7300000000        0.9999650497        1.5895213983        0.0020900928
        0.7400000000        0.9999581871        1.8727221199        0.0024273439
        0.7500000000        0.9999519234        2.1595645348        0.0027592279
        0.7600000000        0.9999451790        2.4472160951        0.0030876770
        0.7700000000        0.9999373970        2.7627793999        0.0034234483
        0.7800000000        0.9999282608        3.0589661919        0.0037493290
        0.7900000000        0.9999183159        3.4636641228        0.0041799113
        0.8000000000        0.9999073257        3.8978591934        0.0046255445
        0.8100000000        0.9998928185        4.4878018859        0.0052646760
        0.8200000000        0.9998811226        4.8440712254        0.0055976215
        0.8300000000        0.9998649902        5.4964529822        0.0062889429
        0.8400000000        0.9998486519        6.1116367933        0.0068650208
        0.8500000000        0.9998310394        6.7818139932        0.0075551328
        0.8600000000        0.9998082771        7.6808907958        0.0084227803
        0.8700000000        0.9997890244        8.2499926803        0.0089495698
        0.8800000000        0.9997638702        9.2057084495        0.0098236964
        0.8900000000        0.9997390327       10.0650240531        0.0105675004
        0.9000000000        0.9997108154       11.1167844137        0.0115580015
        0.9100000000        0.9996806335       12.1158722665        0.0124107313
        0.9200000000        0.9996486740       13.3478532343        0.0134955493
        0.9300000000        0.9996079674       14.4447775618        0.0144110133
        0.9400000000        0.9995742912       15.8485272463        0.0156054364
        0.9500000000        0.9995306587       17.2474538653        0.0167341220
        0.9600000000        0.9994880524       18.4795832572        0.0176913365
        0.9700000000        0.9994364586       20.5367853961        0.0194656693
        0.9800000000        0.9993860474       22.2104785394        0.0207151311
        0.9900000000        0.9993326759       23.7028478974        0.0218085200
        1.0000000000        0.9992750587       25.8178534210        0.0234538132
        1.0100000000        0.9992166748       27.7019247855        0.0248638382
        1.0200000000        0.9991495590       29.7481317146        0.0264246300
        1.0300000000        0.9990782585       31.9855671774        0.0279470113
        1.0400000000        0.9990014648       34.5357211737        0.0296764603
        1.0500000000        0.9989183617       37.2122357857        0.0316992156
        1.0600000000        0.9988369293       39.8036716400        0.0333347484
        1.0700000000        0.9987485466       42.0463064842        0.0349097917
        1.0800000000        0.9986530571       46.2960262817        0.0377208722
        1.0900000000        0.9985466957       49.0349820174        0.0395496966
        1.1000000000        0.9984451523       52.5063464858        0.0418842511
        1.1100000000        0.9983370705       56.4353697472        0.0443069477
        1.1200000000        0.9982161636       58.9011199772        0.0458605444
        1.1300000000        0.9980890884       63.3211547822        0.0484771009
        1.1400000000        0.9979628525       67.9257926711        0.0513088496
        1.1500000000        0.9978230934       71.0224878788        0.0529386596
        1.1600000000        0.9976808472       75.5415870712        0.0556039659
        1.1700000000        0.9975276184       81.5027296798        0.0591830680
        1.1800000000        0.9973688126       85.0665568800        0.0612391562
        1.1900000000        0.9971985817       90.9828235873        0.0641225626
        1.2000000000        0.9970269852       95.8583979060        0.0669654732
        1.2100000000        0.9968371506      103.8344173392        0.0712964240
        1.2200000000        0.9966505318      107.7686800576        0.0729319124
        1.2300000000        0.9964504929      115.3586879736        0.0772807019
        1.2400000000        0.9962382355      121.4571592548        0.0800165657
        1.2500000000        0.9960202255      127.5393028975        0.0828907134
        1.2600000000        0.9957924843      135.0792825459        0.0869006922
        1.2700000000        0.9955531540      143.1160131777        0.0901416410
        1.2800000000        0.9953033180      149.8707371531        0.0933759320
        1.2900000000        0.9950381279      158.2440236742        0.0973597497
        1.3000000000        0.9947689362      167.4545514584        0.1015734759
        1.3100000000        0.9944991150      173.9717540168        0.1038841071
        1.3200000000        0.9941951408      186.7673038759        0.1103688907
        1.3300000000        0.9939001350      195.0808627713        0.1134927986
        1.3400000000        0.9935713005      204.2895813264        0.1164125806
        1.3500000000        0.9932467003      215.4575764912        0.1211530589
        1.3600000000        0.9928922615      229.3420927051        0.1270206464
        1.3700000000        0.9925353127      240.1757375602        0.1309530147
        1.3800000000        0.9921814423      248.4156879826        0.1340461452
        1.3900000000        0.9917795830      260.9961935299        0.1386487377
        1.4000000000        0.9913921547      279.2293163283        0.1451026304
        1.4100000000        0.9909796371      287.7781860583        0.1474347155
        1.4200000000        0.9905418663      304.4914160186        0.1550927799
        1.4300000000        0.9901053238      319.8992435957        0.1595373435
        1.4400000000        0.9896289482      325.3599753810        0.1601533761
        1.4500000000        0.9891496544      351.1023582672        0.1698122853
        1.4600000000        0.9886609268      364.3705990421        0.1732858125
        1.4700000000        0.9881480865      391.0426645660        0.1828081610
        1.4800000000        0.9876214104      405.4310527605        0.1874309221
        1.4900000000        0.9870727921      420.4629192016        0.1913465794
        1.5000000000        0.9865096893      438.7780749798        0.1945760146
        1.5100000000        0.9859119644      466.5561340305        0.2051782152
        1.5200000000        0.9853147087      482.7825891148        0.2077501332
        1.5300000000        0.9846684952      510.4533500921        0.2151919784
        1.5400000000        0.9840324135      533.3480893598        0.2230425420
        1.5500000000        0.9833463135      552.0989896597        0.2247408835
        1.5600000000        0.9826684723      580.9497627692        0.2331588153
        1.5700000000        0.9819303665      617.5951937581        0.2422787616
        1.5800000000        0.9811686897      635.8513617063        0.2447616981
        1.5900000000        0.9804244652      680.6439836820        0.2566500239
        1.6000000000        0.9796113319      718.2178606279        0.2654394283
        1.6100000000        0.9788320122      735.7880489982        0.2677041075
        1.6200000000        0.9779481506      762.9232986290        0.2737521046
        1.6300000000        0.9770873413      820.8335576613        0.2869357592
        1.6400000000        0.9761482620      844.8681876427        0.2905339408
        1.6500000000        0.9752286301      904.2611942327        0.3028843696
        1.6600000000        0.9742634163      940.6060394393        0.3116312914
        1.6700000000        0.9732696877      981.7334242031        0.3144067397
        1.6800000000        0.9722524605     1031.1189308940        0.3248480736
        1.6900000000        0.9711755142     1067.1687602820        0.3317749801
        1.7000000000        0.9700563622     1126.6298460084        0.3393095468
        1.7100000000        0.9689426384     1183.4316406159        0.3503429380
        1.7200000000        0.9677705574     1244.1758129832        0.3572868588
        1.7300000000        0.9665622101     1306.9927152871        0.3661890843
        1.7400000000        0.9653200455     1360.3525498989        0.3751624961
        1.7500000000        0.9639763031     1446.9339714050        0.3902622482
        1.7600000000        0.9626447563     1523.5581383109        0.3993427061
        1.7700000000        0.9613187332     1583.5088545151        0.4045175981
        1.7800000000        0.9598615532     1662.6356592339        0.4128926251
        1.7900000000        0.9583819160     1751.5686610724        0.4282981249
        1.8000000000        0.9568404198     1846.5298510757        0.4358950649
        1.8100000000        0.9553028069     1977.9236097197        0.4517028649
        1.8200000000        0.9536534424     2062.3555142965        0.4630284142
        1.8300000000        0.9519345055     2196.7641595120        0.4759847017
        1.8400000000        0.9502088776     2291.2299483205        0.4847521556
        1.8500000000        0.9483552895     2439.4827212675        0.4978293924
        1.8600000000        0.9465421638     2570.5267855557        0.5059286837
        1.8700000000        0.9445592651     2692.7347427862        0.5225196954
        1.8800000000        0.9425770912     2857.5135575013        0.5324137116
        1.8900000000        0.9404262962     3073.0140411665        0.5504602770
        1.9000000000        0.9383036575     3269.3425364400        0.5599528946
        1.9100000000        0.9360177879     3479.4053137302        0.5812321674
        1.9200000000        0.9337006836     3672.0205708252        0.5896926630
        1.9300000000        0.9313069191     3973.3334208091        0.6124710629
        1.9400000000        0.9287757988     4149.2599589155        0.6230689427
        1.9500000000        0.9261862106     4422.3945814065        0.6314705527
        1.9600000000        0.9234321098     4805.1907785085        0.6619878107
        1.9700000000        0.9206096916     5006.1495117125        0.6590116840
        1.9800000000        0.9176897163     5433.9482567678        0.6879821404
        1.9900000000        0.9145456200     5777.1886805044        0.6910129026
        2.0000000000        0.9113123512     6314.3841675222        0.7232428040
        2.0100000000        0.9079599419     6909.9447158883        0.7477337047
        2.0200000000        0.9044157677     7433.7795368958        0.7687066943
        2.0300000000        0.9006585312     8044.3801167857        0.7867212512
        2.0400000000        0.8968190155     8761.8619865062        0.8112702515
        2.0500000000        0.8926847115     9534.3925695884        0.8266844256
        2.0600000000        0.8884567871    10315.3374630994        0.8504994309
        2.0700000000        0.8841160889    11083.2161043433        0.8603317343
        2.0800000000        0.8793475609    12452.6791579592        0.8991571218
        2.0900000000        0.8741262703    13762.5183166785        0.9221535252
        2.1000000000        0.8686256409    15544.4552827449        0.9547219183
        2.1100000000        0.8630268059    17550.0443731439        1.0030480035
        2.1200000000        0.8571121750    19547.1792478607        1.0289759740
        2.1300000000        0.8503960495    22427.9074653494        1.0538371059
        2.1400000000        0.8435462151    25109.0571056599        1.0945231943
        2.1500000000        0.8357064133    29657.4745383651        1.1257101651
        2.1600000000        0.8276535645    35225.7280435275        1.1927606944
        2.1700000000        0.8185020828    42293.3672449144        1.2306202005
        2.1800000000        0.8078658485    51553.8647430069        1.2853557462
        2.1900000000        0.7974807968    62784.2962014077        1.3457042485
        2.2000000000        0.7848675728    81319.5840595935        1.4323080451
        2.2100000000        0.7702340698   110472.3589479655        1.5023647945
        2.2200000000        0.7538891106   144768.4888600500        1.5753303228
        2.2300000000        0.7331301804   224899.7248323914        1.6920208038
        2.2400000000        0.7086669464   355243.4535488492        1.8464564664
        2.2500000000        0.6708627472   732473.7374744230        2.0244334870
        2.2600000000        0.6180220566  1542087.4444982740        2.3628154932
        2.2700000000        0.5414678268  2739010.6164410831        2.5927801046
        2.2800000000        0.4456599617  3701109.9664521269        2.5062796105
        2.2900000000        0.3412292862  3733175.2525653378        2.3488394194
        2.3000000000        0.2667835083  3094837.7157126158        2.1133529089
        2.3100000000        0.2135429993  2359746.8880812824        1.7854445080
        2.3200000000        0.1746108246  1728592.2700154944        1.5783119818
        2.3300000000        0.1505739174  1320907.2239230168        1.5545706350
        2.3400000000        0.1339431114  1089727.2198138898        1.4600934673
        2.3500000000        0.1174735832   871347.0296375935        1.4070491630
        2.3600000000        0.1054965057   684996.6750857802        1.1965087431
        2.3700000000        0.0968940277   580343.3417138995        1.1101938147
        2.3800000000        0.0880722733   483311.0260210034        1.1792559651
        2.3900000000        0.0861050186   460930.5003278713        1.0410410461
        2.4000000000        0.0757397957   360231.7734288926        0.8929916183
        2.4100000000        0.0725119591   330994.7644537337        1.0163890536
        2.4200000000        0.0723675117   322690.3328598264        1.0989573288
        2.4300000000        0.0650538559   269006.0311334822        1.0204848458
        2.4400000000        0.0645692635   252833.9813236032        0.9511369380
        2.4500000000        0.0617719955   233600.7346987189        1.0147486552
        2.4600000000        0.0588185730   210875.7958649397        0.9676120553
        2.4700000000        0.0551304665   186597.7873123726        0.8714943025
        2.4800000000        0.0551435547   182684.2030104845        0.8075146827
        2.4900000000        0.0497629890   154694.4136063620        0.8199274598
        2.5000000000        0.0478554268   145125.5410466114        1.0209272409
        2.5100000000        0.0465950432   124610.0108669685        0.7113704860
        2.5200000000        0.0450247421   120417.4548655200        0.8342029224
        2.5300000000        0.0435085640   110243.1761902781        0.8647272207
        2.5400000000        0.0446954765   119197.5616636924        0.6487746184
        2.5500000000        0.0428061714   107562.9384878053        0.7205563560
        2.5600000000        0.0429890099   108925.9918720693        0.5962768772
        2.5700000000        0.0415662766   102067.5615842356        0.7553565242
        2.5800000000        0.0389062614    93234.1183081263        0.6905678482
        2.5900000000        0.0397831268    88887.3072990110        0.6963652469
        2.6000000000        0.0376507339    79815.4121162924        0.6413295412
        2.6100000000        0.0349935760    70642.5605143442        0.5251210658
        2.6200000000        0.0330776672    65582.5835571568        0.6318629381
        2.6300000000        0.0352266197    74463.9477605027        0.6320754565
        2.6400000000        0.0337714996    65907.1411931585        0.5770637747
        2.6500000000        0.0340762024    62884.7614263211        0.6484681151
        2.6600000000        0.0337634888    68171.4033793236        0.8496151679
        2.6700000000        0.0334837112    60522.1080306124        0.4913099330
        2.6800000000        0.0329635658    60839.3230375455        0.4833539590
        2.6900000000        0.0297215652    56141.0405191395        0.5808860439
        2.7000000000        0.0306421776    54483.5160770127        0.6312588032
        2.7100000000        0.0296239395    46952.0239439520        0.5886943515
        2.7200000000        0.0289443932    44296.8635213683        0.3784746716
        2.7300000000        0.0309441414    49729.9242215533        0.5495418279
        2.7400000000        0.0310554047    48657.9394386636        0.3856904336
        2.7500000000        0.0320038643    54148.2899834648        0.6704913479
        2.7600000000        0.0284052124    41492.5989561596        0.5753531600
        2.7700000000        0.0264199677    39578.1654178477        0.5581264334
        2.7800000000        0.0275441322    47045.0278329575        0.7122769137
        2.7900000000        0.0257650414    36107.2233159710        0.4477528096
        2.8000000000        0.0283807983    46242.5551496431        0.3752442135
        2.8100000000        0.0266553192    41068.4230496221        0.4670030898
        2.8200000000        0.0243094826    36313.2009776362        0.5699366243
        2.8300000000        0.0275343704    40082.8831590937        0.5641309076
        2.8400000000        0.0248438377    33644.0964904698        0.6150097094
        2.8500000000        0.0249741707    34311.2458727510        0.3787879100
        2.8600000000        0.0244411240    31230.5853736398        0.3981189969
        2.8700000000        0.0221622124    26572.3683206107        0.4738431846
        2.8800000000        0.0257206268    37151.7154702910        0.3856025587
        2.8900000000        0.0225291405    26702.3253316381        0.4311647791
        2.9000000000        0.0234404411    30831.2930355053        0.4151632684
        2.9100000000        0.0236314087    30575.5673268043        0.3385242529
        2.9200000000        0.0231960869    24598.5824924753        0.4133801339
        2.9300000000        0.0217190781    23952.3754577167        0.4738454324
        2.9400000000        0.0218627472    25904.4131120537        0.4743899723
        2.9500000000        0.0219169006    25042.7277178815        0.4084461115
        2.9600000000        0.0206827850    23034.5532075804        0.2541368564
        2.9700000000        0.0231540909    29881.4467402727        0.4600804043
        2.9800000000        0.0196091003    22190.5374495807        0.4153153585
        2.9900000000        0.0203713722    25657.7395298275        0.4218998597
        3.0000000000        0.0215082436    23830.1836483739        0.3529218319
        3.0100000000        0.0231807632    26767.8282921461        0.3664306217
        3.0200000000        0.0223631134    25713.5379776285        0.3434331119
        3.0300000000        0.0191135025    22610.0784755313        0.4290199871
        3.0400000000        0.0226434250    25514.1057228569        0.3395027207
        3.0500000000        0.0194918251    17117.4782425398        0.3656915727
        3.0600000000        0.0194990005    23000.9736339411        0.2536799297
        3.0700000000        0.0198567924    18245.1749682908        0.2859845510
        3.0800000000        0.0183506393    17637.4282516996        0.2630543619
        3.0900000000        0.0192761612    16217.7420144368        0.4365154978
        3.1000000000        0.0188781548    16415.3140120654        0.3004532811
        3.1100000000        0.0208855705    21358.9651392573        0.2957060910
        3.1200000000        0.0187267990    16770.2323894182        0.3181344576
        3.1300000000        0.0211150208    22638.0005104634        0.4798355400
        3.1400000000        0.0188334160    15790.3144873496        0.3135752140
        3.1500000000        0.0186940384    17045.3461397571        0.2025825653
        3.1600000000        0.0180897408    15924.8298139724        0.3413347417
        3.1700000000        0.0168926239    13999.3106540813        0.2326177830
        3.1800000000        0.0179095840    17304.0622050660        0.2665508009
        3.1900000000        0.0170527191    12394.6275178488        0.2746255032
        3.2000000000        0.0163984375    11473.4547393751        0.3061033349
        3.2100000000        0.0201510124    18141.7899069207        0.2979957456
        3.2200000000        0.0180598793    16867.1877140905        0.2530941515
        3.2300000000        0.0186584435    18907.5986338999        0.2771942116
        3.2400000000        0.0164676857    13836.1372552265        0.2169348865
        3.2500000000        0.0196445885    17219.3746640374        0.2908753729
        3.2600000000        0.0196730614    15496.6211696883        0.3026651316
        3.2700000000        0.0172613869    13753.4749582367        0.2664801903
        3.2800000000        0.0137438889     8503.6959283490        0.2607816795
        3.2900000000        0.0146969337     9747.0532052990        0.3333871035
        3.3000000000        0.0174784660    12881.6224388910        0.1878613404
        3.3100000000        0.0186478653    14719.2761075860        0.3590523922
        3.3200000000        0.0173759422    12708.6653779168        0.2927458179
        3.3300000000        0.0156596451     9961.3675080660        0.3220674708
        3.3400000000        0.0171167831    11811.4167479370        0.3254007447
        3.3500000000        0.0194314079    16747.0675350643        0.2199808007
        3.3600000000        0.0163341103    13642.5203865317        0.2063807447
        3.3700000000        0.0168741302    12702.5860762427        0.1794237754
        3.3800000000        0.0151185951     8660.6696606868        0.1234314772
        3.3900000000        0.0173512535    12487.4845343279        0.1957068050
        3.4000000000        0.0194055443    14830.5107580321        0.2476988575
        3.4100000000        0.0142959404    10944.8170500081        0.1284048080
        3.4200000000        0.0184477501    13917.9578660808        0.2207239122
        3.4300000000        0.0160385742    11055.8557067056        0.1573265763
        3.4400000000        0.0172083359    17355.6024892761        0.2231287283
        3.4500000000        0.0162208366    11143.5303102073        0.1760704093
        3.4600000000        0.0150275192     9156.5644600389        0.3272429442
        3.4700000000        0.0182625847    14099.9862748459        0.3129216597
        3.4800000000        0.0164710808    11979.3722364124        0.2451711077
        3.4900000000        0.0141531677     8400.6180916190        0.2051418231
        3.5000000000        0.0149500198    10680.8490096385        0.2043591082
        3.5100000000        0.0145572739     8275.2199670540        0.2876042480
        3.5200000000        0.0155374641    10288.3532617089        0.2325700368
        3.5300000000        0.0148525810     7902.8466545404        0.2908279532
        3.5400000000        0.0136528893     9065.6419110512        0.1779020653
        3.5500000000        0.0163666725    13331.1864517772        0.2086217999
        3.5600000000        0.0134661560     8091.8364409411        0.1974782183
        3.5700000000        0.0162937737     9385.9241364398        0.2497067385
        3.5800000000        0.0142145157     8950.4842282429        0.2971801872
        3.5900000000        0.0172595024    10663.4373850704        0.2632636731
        3.6000000000        0.0143424568     8497.3418266917        0.2807564538
        3.6100000000        0.0183729477    11480.5733377728        0.2341700915
        3.6200000000        0.0132057304     8615.9498847452        0.2434153641
        3.6300000000        0.0139391441     7691.3176394962        0.2295816109
        3.6400000000        0.0144948959     8645.0669315549        0.1793517957
        3.6500000000        0.0135213318     6899.5547610275        0.1594116178
        3.6600000000        0.0162402802    11883.8833960213        0.1123151689
        3.6700000000        0.0166576424    11162.4005881717        0.2174742582
        3.6800000000        0.0146267509     8887.7852929423        0.2611338240
        3.6900000000        0.0139488335     8041.3161970603        0.2776872731
        3.7000000000        0.0158080101     9278.9603371781        0.2084029230
        3.7100000000        0.0159444504     9993.5455667075        0.1770981788
        3.7200000000        0.0112495842     5138.8464485457        0.1574744017
        3.7300000000        0.0142696991     8609.0940006536        0.2041436074
        3.7400000000        0.0112027092     6032.9048851845        0.1345853823
        3.7500000000        0.0124687233     6985.0296487490        0.2146722566
        3.7600000000        0.0132476845     6043.1495329113        0.1326680671
        3.7700000000        0.0123953400     6290.7417062169        0.2571982074
        3.7800000000        0.0137439117     6532.2627671793        0.1705197155
        3.7900000000        0.0162278175    10536.1841393625        0.1541089610
        3.8000000000        0.0172958755    10649.7149094368        0.2833258076
        3.8100000000        0.0124786720     6601.6740468330        0.1037012638
        3.8200000000        0.0135913048     6450.6871230357        0.3098469730
        3.8300000000        0.0122901611     5502.5403279374        0.2195088807
        3.8400000000        0.0113248405     5526.8992003164        0.1297215498
        3.8500000000        0.0130533142     5913.3156908442        0.1582000246
        3.8600000000        0.0114096184     5421.1061008653        0.2052863475
        3.8700000000        0.0141101418     7481.0127641302        0.1445435221
        3.8800000000        0.0127810669     6539.5621713918        0.1634514990
        3.8900000000        0.0138343086     5918.8845863181        0.1661825560
        3.9000000000        0.0129561424     6481.6773992138        0.1934666184
        3.9100000000        0.0114586945     4740.9521763268        0.1190762092
        3.9200000000        0.0135353546     7407.6053442443        0.1571229406
        3.9300000000        0.0157483063     8520.7888269562        0.2313048284
        3.9400000000        0.0132809067     6802.3841290253        0.2000277876
        3.9500000000        0.0146340981     8828.1175137649        0.1174097441
        3.9600000000        0.0121800537     6009.0358929294        0.1233848876
        3.9700000000        0.0111633568     4015.8468733775        0.1173363340
        3.9800000000        0.0155514221     8520.6946029523        0.1447192186
        3.9900000000        0.0131161804     6441.7929397870        0.1213934596
        4.0000000000        0.0127063866     6013.4269263585        0.1369812081
        4.0100000000        0.0117687874     7029.0149706896        0.1618977877
        4.0200000000        0.0135653000     8542.2889421604        0.1035790448
        4.0300000000        0.0115093231     4830.0062713245        0.1387855617
        4.0400000000        0.0124877357     6565.1756185944        0.1875088419
        4.0500000000        0.0122472038     4869.3252874605        0.1632770217
        4.0600000000        0.0129392509     5043.0158532088        0.1175762506
        4.0700000000        0.0117148170     4562.6169466361        0.1307557160
        4.0800000000        0.0123413353     6859.8166543649        0.1214258764
        4.0900000000        0.0122777710     6134.6234643032        0.1302771187
        4.1000000000        0.0141769638     6604.8986386853        0.1903326524
        4.1100000000        0.0104800453     3768.4143277059        0.1136191987
        4.1200000000        0.0140252151     7015.1138426540        0.1193053799
        4.1300000000        0.0121496468     3911.9118456332        0.1013751818
        4.1400000000        0.0123527832     6393.5703396136        0.1107527881
        4.1500000000        0.0140763245     8716.2445175302        0.1244630884
        4.1600000000        0.0096952438     4005.5979694073        0.0939920556
        4.1700000000        0.0125560760     5767.1256351170        0.1425218094
        4.1800000000        0.0117739983     4419.0477298062        0.1580280073
        4.1900000000        0.0122089195     4580.0779636924        0.1777828465
        4.2000000000        0.0123208542     5494.5455931511        0.1423652879
        4.2100000000        0.0118789902     4384.0069848241        0.1750048436
        4.2200000000        0.0109049034     4387.8364104849        0.2558564016
        4.2300000000        0.0107845154     5096.8165621159        0.2157757053
        4.2400000000        0.0100838814     3684.3675283379        0.1687665669
        4.2500000000        0.0124462395     5810.3158457271        0.1132634534
        4.2600000000        0.0132771568     6305.6149008501        0.1243139107
        4.2700000000        0.0114265213     4752.1426821978        0.0834169187
        4.2800000000        0.0104597092     5729.0703175198        0.1623322323
        4.2900000000        0.0129503899     6367.7932440187        0.0929178887
        4.3000000000        0.0115415001     4474.1404176736        0.1571047295
        4.3100000000        0.0111694069     3616.5841646888        0.1740183558
        4.3200000000        0.0106920929     3681.8072035735        0.1381567785
        4.3300000000        0.0122453766     5200.7757048355        0.1543875169
        4.3400000000        0.0118537064     4779.1431857683        0.2548826302
        4.3500000000        0.0116100273     5423.7277702937        0.1790893353
        4.3600000000        0.0090459175     3112.1090552529        0.1113648953
        4.3700000000        0.0111716042     3918.4944474391        0.1081415245
        4.3800000000        0.0145802841     5546.4334814177        0.1158042110
        4.3900000000        0.0102512093     3510.2528297187        0.1834256156
        4.4000000000        0.0133203468     6428.9983533373        0.1571515826
        4.4100000000        0.0128617172     5309.3407322811        0.1804255964
        4.4200000000        0.0090718575     3304.6375091126        0.1258138882
        4.4300000000        0.0111091461     4500.5975959227        0.0751564227
        4.4400000000        0.0102034340     4604.6252363449        0.0940160332
        4.4500000000        0.0122063866     4617.7042726818        0.1060774461
        4.4600000000        0.0117557983     4621.0214800449        0.1025327143
        4.4700000000        0.0108063507     3871.1538866751        0.1050530067
        4.4800000000        0.0121560936     4624.0301072397        0.0857863031
        4.4900000000        0.0127180405     4797.0926139999        0.1186500871
        4.5000000000        0.0119490814     6157.0164024306        0.1209411283
        4.5100000000        0.0100305252     4457.8178636330        0.1254236410
        4.5200000000        0.0088842659     2794.1107544170        0.0990854840
        4.5300000000        0.0106053009     3671.2560314432        0.1266536291
        4.5400000000        0.0108137741     3493.0371396992        0.1710107677
        4.5500000000        0.0111533394     4136.2746085500        0.2176309387
        4.5600000000        0.0097414055     2808.5534352719        0.1501886453
        4.5700000000        0.0122286491     3981.0294696313        0.1026133839
        4.5800000000        0.0119563255     5355.8710273600        0.1110263531
        4.5900000000        0.0115737190     4868.4525834347        0.1527168479
        4.6000000000        0.0117857170     3867.9532183891        0.0989321570
        4.6100000000        0.0115214920     4307.7802025997        0.1058781842
        4.6200000000        0.0122038231     5232.2492125939        0.1107864698
        4.6300000000        0.0111672783     3401.7603678245        0.1596727187
        4.6400000000        0.0099374580     3765.6901703723        0.1799473829
        4.6500000000        0.0096445160     2674.9422047178        0.1496926863
        4.6600000000        0.0099942665     4464.3274980142        0.1811095174
        4.6700000000        0.0116564217     3991.4080409186        0.1091340452
        4.6800000000        0.0105919228     4512.7519206723        0.1391131397
        4.6900000000        0.0084974442     2536.2216760095        0.0540939293
        4.7000000000        0.0086995087     2877.1141334974        0.0816773316
        4.7100000000        0.0090186958     2307.7049107542        0.0896833002
        4.7200000000        0.0122856445     3857.7860288136        0.1309238373
        4.7300000000        0.0119846306     4426.4058151089        0.0800604458
        4.7400000000        0.0108727837     3344.7609941777        0.1120169280
        4.7500000000        0.0094787445     2898.3399263027        0.0782402867
        4.7600000000        0.0098247032     2975.3111810917        0.1282149940
        4.7700000000        0.0127573853     4299.9089016772        0.1353984074
        4.7800000000        0.0104975281     4152.1495664749        0.1204805761
        4.7900000000        0.0093845406     2716.8307393325        0.0990453629
        4.8000000000        0.0103092461     3742.9348005787        0.0858879977
        4.8100000000        0.0101559067     3403.5667813637        0.1442840823
        4.8200000000        0.0089167480     2175.0774452282        0.0635126286
        4.8300000000        0.0106990623     4112.0734771085        0.0791612139
        4.8400000000        0.0113797188     4046.0945396235        0.0725063588
        4.8500000000        0.0106390533     3092.1239164820        0.1133666676
        4.8600000000        0.0100589752     3613.1704137732        0.1314222356
        4.8700000000        0.0129946365     3957.0583794630        0.1048412289
        4.8800000000        0.0080330276     2283.8693806833        0.1014675078
        4.8900000000        0.0120911140     4599.4366997628        0.1202742111
        4.9000000000        0.0109881783     4405.8523379903        0.1422064041
        4.9100000000        0.0084585762     2202.8455772459        0.1553733848
        4.9200000000        0.0094208908     2814.8962772326        0.1194531886
        4.9300000000        0.0110112267     3284.6533898573        0.1176266456
        4.9400000000        0.0101795464     3032.4555343426        0.0925157233
        4.9500000000        0.0094399605     2529.9260230106        0.0607873478
        4.9600000000        0.0118045883     3411.2816248709        0.0823143349
        4.9700000000        0.0113016129     3588.5201344788        0.0870537846
        4.9800000000        0.0111348305     4192.1270244722        0.0810661378
        4.9900000000        0.0117796898     4567.8144784687        0.0758175294
        5.0000000000        0.0120189476     3389.7950195118        0.0536382421
