# lattice size: 32 * 32
# algorithm: single spin flip
# warming-up steps: 10000
# evolution steps: 100000
        0.0100000000        1.0000000000        0.0000000000        0.0000000000
        0.0200000000        1.0000000000        0.0000000000        0.0000000000
        0.0300000000        1.0000000000        0.0000000000        0.0000000000
        0.0400000000        1.0000000000        0.0000000000        0.0000000000
        0.0500000000        1.0000000000        0.0000000000        0.0000000000
        0.0600000000        1.0000000000        0.0000000000        0.0000000000
        0.0700000000        1.0000000000        0.0000000000        0.0000000000
        0.0800000000        1.0000000000        0.0000000000        0.0000000000
        0.0900000000        1.0000000000        0.0000000000        0.0000000000
        0.1000000000        1.0000000000        0.0000000000        0.0000000000
        0.1100000000        1.0000000000        0.0000000000        0.0000000000
        0.1200000000        1.0000000000        0.0000000000        0.0000000000
        0.1300000000        1.0000000000        0.0000000000        0.0000000000
        0.1400000000        1.0000000000        0.0000000000        0.0000000000
        0.1500000000        1.0000000000        0.0000000000        0.0000000000
        0.1600000000        1.0000000000        0.0000000000        0.0000000000
        0.1700000000        1.0000000000        0.0000000000        0.0000000000
        0.1800000000        1.0000000000        0.0000000000        0.0000000000
        0.1900000000        1.0000000000        0.0000000000        0.0000000000
        0.2000000000        1.0000000000        0.0000000000        0.0000000000
        0.2100000000        1.0000000000        0.0000000000        0.0000000000
        0.2200000000        1.0000000000        0.0000000000        0.0000000000
        0.2300000000        1.0000000000        0.0000000000        0.0000000000
        0.2400000000        1.0000000000        0.0000000000        0.0000000000
        0.2500000000        1.0000000000        0.0000000000        0.0000000000
        0.2600000000        1.0000000000        0.0000000000        0.0000000000
        0.2700000000        1.0000000000        0.0000000000        0.0000000000
        0.2800000000        1.0000000000        0.0000000000        0.0000000000
        0.2900000000        1.0000000000        0.0000000000        0.0000000000
        0.3000000000        1.0000000000        0.0000000000        0.0000000000
        0.3100000000        1.0000000000        0.0000000000        0.0000000000
        0.3200000000        1.0000000000        0.0000000000        0.0000000000
        0.3300000000        1.0000000000        0.0000000000        0.0000000000
        0.3400000000        1.0000000000        0.0000000000        0.0000000000
        0.3500000000        1.0000000000        0.0000000000        0.0000000000
        0.3600000000        1.0000000000        0.0000000000        0.0000000000
        0.3700000000        1.0000000000        0.0000000000        0.0000000000
        0.3800000000        1.0000000000        0.0000000000        0.0000000000
        0.3900000000        1.0000000000        0.0000000000        0.0000000000
        0.4000000000        1.0000000000        0.0000000000        0.0000000000
        0.4100000000        1.0000000000        0.0000000000        0.0000000000
        0.4200000000        1.0000000000        0.0000000000        0.0000000000
        0.4300000000        1.0000000000        0.0000000000        0.0000000000
        0.4400000000        1.0000000000        0.0000000000        0.0000000000
        0.4500000000        1.0000000000        0.0000000000        0.0000000000
        0.4600000000        1.0000000000        0.0000000000        0.0000000000
        0.4700000000        1.0000000000        0.0000000000        0.0000000000
        0.4800000000        1.0000000000        0.0000000000        0.0000000000
        0.4900000000        1.0000000000        0.0000000000        0.0000000000
        0.5000000000        0.9999991418        0.0035134556        0.0001097955
        0.5100000000        1.0000000000        0.0000000000        0.0000000000
        0.5200000000        1.0000000000        0.0000000000        0.0000000000
        0.5300000000        1.0000000000        0.0000000000        0.0000000000
        0.5400000000        0.9999994604        0.0020457311        0.0000591936
        0.5500000000        1.0000000000        0.0000000000        0.0000000000
        0.5600000000        0.9999995459        0.0016603282        0.0000463261
        0.5700000000        0.9999991870        0.0029198368        0.0000800394
        0.5800000000        1.0000000000        0.0000000000        0.0000000000
        0.5900000000        1.0000000000        0.0000000000        0.0000000000
        0.6000000000        0.9999994763        0.0017870208        0.0000465370
        0.6100000000        0.9999982935        0.0057245019        0.0001466317
        0.6200000000        0.9999983289        0.0055154380        0.0001389979
        0.6300000000        0.9999964514        0.0115147552        0.0002855842
        0.6400000000        0.9999880334        0.0380583526        0.0009291590
        0.6500000000        0.9999888818        0.0348313567        0.0008372922
        0.6600000000        0.9999910681        0.0275891608        0.0006531525
        0.6700000000        0.9999875964        0.0376734003        0.0008785774
        0.6800000000        0.9999821960        0.0531325317        0.0012208762
        0.6900000000        0.9999848413        0.0619696404        0.0010737153
        0.7000000000        0.9999881165        0.0350634594        0.0007826665
        0.7100000000        0.9999736133        0.0750843937        0.0016523854
        0.7200000000        0.9999789661        0.0591855309        0.0012844082
        0.7300000000        0.9999664270        0.0938638377        0.0020090719
        0.7400000000        0.9999340649        0.1831707935        0.0037434748
        0.7500000000        0.9999619482        0.1193289715        0.0023070681
        0.7600000000        0.9999517053        0.1313445088        0.0027003394
        0.7700000000        0.9999551050        0.1211123754        0.0023796918
        0.7800000000        0.9999167175        0.2171597544        0.0043380968
        0.7900000000        0.9999279712        0.2132972549        0.0041102722
        0.8000000000        0.9999347180        0.1636046807        0.0031954039
        0.8100000000        0.9999158472        0.2047522225        0.0039355696
        0.8200000000        0.9998692163        0.3294631269        0.0060026698
        0.8300000000        0.9998405554        0.3932650588        0.0073954654
        0.8400000000        0.9998576685        0.3620388883        0.0063148382
        0.8500000000        0.9998262085        0.4261639396        0.0075876791
        0.8600000000        0.9997745142        0.5585073772        0.0096654079
        0.8700000000        0.9998307886        0.4158064838        0.0073582397
        0.8800000000        0.9997782214        0.5285312754        0.0090881558
        0.8900000000        0.9997067371        0.7367883810        0.0123925519
        0.9000000000        0.9997547778        0.5756111372        0.0097645126
        0.9100000000        0.9996926453        0.7538425718        0.0122316819
        0.9200000000        0.9996602783        0.8187097657        0.0130692238
        0.9300000000        0.9995705823        0.9704252943        0.0153693703
        0.9400000000        0.9996283130        0.8534818415        0.0136692459
        0.9500000000        0.9994886072        1.0732696406        0.0169306610
        0.9600000000        0.9994858301        1.2470491874        0.0187567400
        0.9700000000        0.9994416943        1.3074467968        0.0194600910
        0.9800000000        0.9993576147        1.4382866031        0.0209353984
        0.9900000000        0.9992757153        1.5907972923        0.0233680904
        1.0000000000        0.9992634424        1.6914845648        0.0245372552
        1.0100000000        0.9992153027        1.8188708309        0.0260102539
        1.0200000000        0.9990565906        2.1279141984        0.0291383795
        1.0300000000        0.9991430066        1.7977075267        0.0257264939
        1.0400000000        0.9989670593        2.5336318296        0.0341094339
        1.0500000000        0.9989191919        2.2886428298        0.0312515666
        1.0600000000        0.9987813171        2.5774812218        0.0349358198
        1.0700000000        0.9987648938        2.6674935508        0.0363303665
        1.0800000000        0.9986926331        3.2058821037        0.0385559876
        1.0900000000        0.9985023901        3.3055015870        0.0435133705
        1.1000000000        0.9983531995        3.5462724639        0.0451498451
        1.1100000000        0.9982907800        3.6459171773        0.0447809130
        1.1200000000        0.9981811328        3.6736332586        0.0465273011
        1.1300000000        0.9980439636        4.2717775328        0.0529061129
        1.1400000000        0.9978865308        4.1971586166        0.0510256694
        1.1500000000        0.9977926392        4.3753777270        0.0526735745
        1.1600000000        0.9976889478        4.7233964846        0.0573353987
        1.1700000000        0.9976117871        5.1941008709        0.0594498577
        1.1800000000        0.9973933276        5.1481592043        0.0605264586
        1.1900000000        0.9970654590        5.8307439487        0.0651182484
        1.2000000000        0.9970937329        5.9352915331        0.0654913676
        1.2100000000        0.9967830176        5.9190390445        0.0656564588
        1.2200000000        0.9966780432        5.8635124303        0.0655071830
        1.2300000000        0.9965352808        6.7997201007        0.0737254669
        1.2400000000        0.9960928943        7.5502312357        0.0796762169
        1.2500000000        0.9962084253        7.4926046259        0.0780359218
        1.2600000000        0.9957136816        8.2831953522        0.0841804393
        1.2700000000        0.9957323767        8.1597939156        0.0832965130
        1.2800000000        0.9952566907        9.3409285315        0.0929411118
        1.2900000000        0.9952838770        8.9689611813        0.0891240387
        1.3000000000        0.9945715979       10.6930134365        0.0998024074
        1.3100000000        0.9942325476       12.7239597545        0.1160276366
        1.3200000000        0.9940521619       11.5763194176        0.1094094888
        1.3300000000        0.9940865283       10.2100762360        0.0974103695
        1.3400000000        0.9936694312       12.1989151772        0.1115501937
        1.3500000000        0.9932766406       12.9665448309        0.1173266583
        1.3600000000        0.9929198047       14.2508235189        0.1265199592
        1.3700000000        0.9926119128       15.0870959318        0.1321258499
        1.3800000000        0.9919323645       15.0760843229        0.1275474651
        1.3900000000        0.9915944519       17.1596776859        0.1447804652
        1.4000000000        0.9914459070       17.2712231639        0.1399270894
        1.4100000000        0.9912535132       17.7210384808        0.1488392770
        1.4200000000        0.9907756165       17.3960564939        0.1402419056
        1.4300000000        0.9901330579       20.5294221657        0.1620533634
        1.4400000000        0.9891822949       22.0947083826        0.1670398256
        1.4500000000        0.9888033752       21.6415553065        0.1684381211
        1.4600000000        0.9886709802       22.9311983975        0.1685449176
        1.4700000000        0.9876020886       27.0901844556        0.1944815761
        1.4800000000        0.9879366821       26.2663788504        0.1995548865
        1.4900000000        0.9870259106       27.5466129574        0.1999142148
        1.5000000000        0.9864997937       27.8321438769        0.2053170835
        1.5100000000        0.9866070703       24.8698773447        0.1837788765
        1.5200000000        0.9849637927       30.4503424025        0.2110642646
        1.5300000000        0.9849268860       28.8869667779        0.2022332118
        1.5400000000        0.9838871216       33.4839073570        0.2144679343
        1.5500000000        0.9826960706       36.0724336758        0.2263075619
        1.5600000000        0.9822681213       39.4730698497        0.2462948962
        1.5700000000        0.9819997449       36.2828552305        0.2332228542
        1.5800000000        0.9812096155       36.0584704857        0.2333665875
        1.5900000000        0.9793799231       43.7542481043        0.2653694228
        1.6000000000        0.9796251477       41.8693173982        0.2541292958
        1.6100000000        0.9785176245       48.2374663402        0.2676915220
        1.6200000000        0.9781746399       48.0101967185        0.2802953547
        1.6300000000        0.9772187695       46.4359197053        0.2668022603
        1.6400000000        0.9765279065       51.7991875963        0.3009772346
        1.6500000000        0.9741395032       57.2713323517        0.3037049870
        1.6600000000        0.9741237207       61.2435860023        0.3209590135
        1.6700000000        0.9736891028       54.6129326266        0.3039555611
        1.6800000000        0.9726659973       68.8072665920        0.3434398464
        1.6900000000        0.9713659778       68.3997163701        0.3391257702
        1.7000000000        0.9703148376       71.9002363352        0.3549314771
        1.7100000000        0.9686646887       71.3710034789        0.3392330756
        1.7200000000        0.9688913159       65.2288399648        0.3433295873
        1.7300000000        0.9668860181       94.6309841070        0.3930671634
        1.7400000000        0.9652105469       94.3258273793        0.4089161834
        1.7500000000        0.9647673096       83.1325131568        0.3891456773
        1.7600000000        0.9639124316       80.3486753017        0.3630252074
        1.7700000000        0.9604723975      108.8357834180        0.4345689827
        1.7800000000        0.9605719409      100.0520478536        0.4319877527
        1.7900000000        0.9584490723      115.7896321662        0.4417645753
        1.8000000000        0.9574738074       97.6110230670        0.3929427583
        1.8100000000        0.9553245386      119.2134838856        0.4476031708
        1.8200000000        0.9520553357      153.0119895601        0.4795639324
        1.8300000000        0.9503664734      140.4281042980        0.4947666699
        1.8400000000        0.9504944348      145.8898394262        0.4719066280
        1.8500000000        0.9489525256      149.3442482397        0.4912933839
        1.8600000000        0.9461664807      155.6449213915        0.5494777172
        1.8700000000        0.9458582532      162.5231004173        0.5245583428
        1.8800000000        0.9433279419      163.4914914706        0.5111922424
        1.8900000000        0.9419513220      165.5532920060        0.5359498385
        1.9000000000        0.9380413245      158.7939742078        0.5095707863
        1.9100000000        0.9350658777      217.9811835691        0.5514972623
        1.9200000000        0.9313251453      254.5307449947        0.6286899576
        1.9300000000        0.9345619116      164.0454046617        0.4945120588
        1.9400000000        0.9261138940      327.2248597455        0.6357188685
        1.9500000000        0.9231950989      577.8559179242        0.7217924759
        1.9600000000        0.9254498889      256.9079891220        0.6651229999
        1.9700000000        0.9214771240      270.4813501875        0.6576898167
        1.9800000000        0.9140235498      345.0555601954        0.7257728903
        1.9900000000        0.9123957861      362.0241527180        0.6602915081
        2.0000000000        0.9069614734      613.8307296095        0.8079405324
        2.0100000000        0.9063096741      421.7081112071        0.7577669900
        2.0200000000        0.9072450098      318.2869248356        0.6602960351
        2.0300000000        0.8999255237      431.7758326801        0.6962263594
        2.0400000000        0.8970830896      449.3751106939        0.7918696732
        2.0500000000        0.8991441577      459.9732647384        0.7478554062
        2.0600000000        0.8917981189      455.2932834357        0.7768859604
        2.0700000000        0.8866467273      505.7864049532        0.7551597268
        2.0800000000        0.8849425525      524.5475113329        0.8757490926
        2.0900000000        0.8741959277      736.1982999249        0.9565501639
        2.1000000000        0.8629578870     1529.5271545534        0.9914488597
        2.1100000000        0.8670794104      718.1609912832        0.9723137363
        2.1200000000        0.8597757141      799.2220593233        0.9700045184
        2.1300000000        0.8614060742      609.1657059941        0.8922468334
        2.1400000000        0.8532627588      884.2345526475        0.8796135402
        2.1500000000        0.8543045691     1178.6304811281        1.1125922399
        2.1600000000        0.8155440771     2747.0996177740        1.1682308021
        2.1700000000        0.8214116577     1760.4747490028        1.1008239222
        2.1800000000        0.7958513037     3332.9916194907        1.3055970428
        2.1900000000        0.7983329578     3334.9456787808        1.2109592491
        2.2000000000        0.7718121729     4261.7082677309        1.2783960288
        2.2100000000        0.7368359412    17686.6446328507        2.0262793223
        2.2200000000        0.7606196643    14669.3257382196        1.4555554372
        2.2300000000        0.7395793506    12249.2565520830        1.8296523256
        2.2400000000        0.6964059253    16181.2262074507        1.8128291404
        2.2500000000        0.6827182690    19787.6688027544        1.5517534590
        2.2600000000        0.6601957483    26572.1996113279        2.2261005023
        2.2700000000        0.6986276343    15645.4347219751        1.5877369132
        2.2800000000        0.6460418030     9963.6261854934        1.5761958532
        2.2900000000        0.6255054224    11541.6672421004        1.9071706256
        2.3000000000        0.5891145581    21286.2561805698        1.6882534528
        2.3100000000        0.5438693250    52824.6161105669        1.7045447203
        2.3200000000        0.4841757458    54617.8349554780        1.9841166972
        2.3300000000        0.3569077881    74766.5667582489        1.6554492805
        2.3400000000        0.3259909106    68049.9041885175        1.5498580528
        2.3500000000        0.2469213354    87601.1368883980        1.3232492086
        2.3600000000        0.2329846814    68498.1349237127        1.3569710873
        2.3700000000        0.1336456433    68282.9022602421        1.2348702893
        2.3800000000        0.0110776257    59005.3295716298        1.1471164816
        2.3900000000        0.0347326099    60502.4193268006        1.3936559071
        2.4000000000        0.1166114917    58835.9986656760        1.5478094068
        2.4100000000        0.0512364990    49311.4231352157        1.0782838592
        2.4200000000        0.0039970825    40370.1069891220        0.8321894978
        2.4300000000        0.0700676379    30789.3585998270        0.8869605413
        2.4400000000        0.1482246143    37914.5190525329        1.1675883047
        2.4500000000        0.0469694629    43528.0158360439        1.0547914208
        2.4600000000        0.0241893713    33710.0099375887        0.7928718304
        2.4700000000        0.0126872278    30848.5223022116        0.8375707992
        2.4800000000        0.0497265918    17177.0168870158        0.7932033647
        2.4900000000        0.0678233008    22420.9217328822        0.7886990683
        2.5000000000        0.0297537097    23390.4114627319        0.7903307631
        2.5100000000        0.0117796240    25450.0383184653        0.7004984574
        2.5200000000        0.0558282312    16702.9814243843        0.7969466662
        2.5300000000        0.0821725854    21011.4617841703        0.8655950657
        2.5400000000        0.0222471912    13286.9030307824        0.7375962444
        2.5500000000        0.0329946460    18891.2662902833        0.7176528311
        2.5600000000        0.0066151489    20821.3871814229        0.6661941416
        2.5700000000        0.0048364429    15194.3884982149        0.7041391716
        2.5800000000        0.0650239771    13116.4382377422        0.7191497635
        2.5900000000        0.0362578821    14318.3554122607        0.7215321618
        2.6000000000        0.0007206763    15561.9237063805        0.7438449246
        2.6100000000        0.0214895947     7305.4496001652        0.5809405234
        2.6200000000        0.0615335193    10214.9356253513        0.6375113859
        2.6300000000        0.0376529785    17140.5838463033        0.7188067432
        2.6400000000        0.0332481799    14958.0541227071        0.7051531320
        2.6500000000        0.0017405725     9874.4628714510        0.6069747861
        2.6600000000        0.0227003479    10270.7373133132        0.6407066141
        2.6700000000        0.0190319080     8958.8887689012        0.5591712952
        2.6800000000        0.0403302930    13226.8464159820        0.6017783551
        2.6900000000        0.0285880261     7920.9432836230        0.5287164290
        2.7000000000        0.0086653503     8557.5258543930        0.6221575397
        2.7100000000        0.0025821753     9345.3814461249        0.5993931920
        2.7200000000        0.0030632532     8185.1790197152        0.5923018306
        2.7300000000        0.0127207581     6959.2967586344        0.5944687286
        2.7400000000        0.0041765454     9198.5373673167        0.5614855861
        2.7500000000        0.0267186267     8476.6377712306        0.5603968508
        2.7600000000        0.0277792444     7644.2249363921        0.5456095802
        2.7700000000        0.0218156812     7005.9158806313        0.5540642803
        2.7800000000        0.0241806641     5554.5363503597        0.5375282862
        2.7900000000        0.0030490173     4879.0210837590        0.4991325801
        2.8000000000        0.0009999292     5988.2715115982        0.4883891587
        2.8100000000        0.0200378638     6273.6412402467        0.4408560841
        2.8200000000        0.0006296619     5954.1712745785        0.5105025876
        2.8300000000        0.0014420691     5192.8710503072        0.5335250232
        2.8400000000        0.0014802820     5161.4210867372        0.4602742779
        2.8500000000        0.0152197253     6208.9784092851        0.4807543926
        2.8600000000        0.0167084082     5461.0635575007        0.4557296455
        2.8700000000        0.0253258447     4196.8382054592        0.4380668093
        2.8800000000        0.0144042822     4939.2395824652        0.4716348663
        2.8900000000        0.0220158484     4923.1861462172        0.4655583351
        2.9000000000        0.0035848437     4637.1221120778        0.4590438240
        2.9100000000        0.0261402222     4141.1767661271        0.4519163266
        2.9200000000        0.0084401050     5630.0332357824        0.4385550922
        2.9300000000        0.0056609973     3719.4571816206        0.4393315833
        2.9400000000        0.0038350232     5206.2113853073        0.4467709122
        2.9500000000        0.0367435034     3912.1356408489        0.4087013902
        2.9600000000        0.0277866370     4155.5779157132        0.4085010765
        2.9700000000        0.0045294373     4064.4774932843        0.4118558040
        2.9800000000        0.0018115393     3569.5144688632        0.4294175234
        2.9900000000        0.0007859058     4132.0726903916        0.3942159836
        3.0000000000        0.0107143005     3846.4615215136        0.4016291226
        3.0100000000        0.0013405396     4178.6949735523        0.4127282716
        3.0200000000        0.0134494043     3833.9550935775        0.3655469035
        3.0300000000        0.0193318359     3536.7164265215        0.3783585014
        3.0400000000        0.0274847803     3108.5471954960        0.3613264824
        3.0500000000        0.0285459314     3268.5263207890        0.4015448029
        3.0600000000        0.0035928796     3371.5062520607        0.3927200478
        3.0700000000        0.0032362891     3065.9139752829        0.3892828650
        3.0800000000        0.0148196008     3413.9949350614        0.3814963983
        3.0900000000        0.0121678687     3234.7257473429        0.3587983104
        3.1000000000        0.0051750867     3421.1269423368        0.3748911158
        3.1100000000        0.0062212109     3146.3687443504        0.3785273243
        3.1200000000        0.0078599756     3611.6281255070        0.3296193710
        3.1300000000        0.0060900146     2713.1272927698        0.3304999423
        3.1400000000        0.0083746692     3498.9854272692        0.3501238412
        3.1500000000        0.0028277148     2486.6183861789        0.3149964254
        3.1600000000        0.0165431665     2529.2963098921        0.3422020795
        3.1700000000        0.0019103723     3335.6996122780        0.3502006394
        3.1800000000        0.0091457983     3013.8301156404        0.3056134014
        3.1900000000        0.0157001453     2335.9909769247        0.3141230957
        3.2000000000        0.0071003418     3055.3731857617        0.3078715895
        3.2100000000        0.0104511780     2719.8093207866        0.3202143884
        3.2200000000        0.0015688794     2618.8741718405        0.3174178984
        3.2300000000        0.0058673242     2730.9939376905        0.3301337428
        3.2400000000        0.0071392981     2612.8477706833        0.3226060117
        3.2500000000        0.0086207056     2195.0889489545        0.3087456415
        3.2600000000        0.0061275586     2525.1199597717        0.2841080744
        3.2700000000        0.0050140552     2265.9041693138        0.3030898963
        3.2800000000        0.0034233411     2599.0191123434        0.2993510922
        3.2900000000        0.0042939807     2102.1231351721        0.2839916909
        3.3000000000        0.0017961560     2416.2017867752        0.3024273923
        3.3100000000        0.0048906116     2384.1333130574        0.3072068264
        3.3200000000        0.0004900830     2240.7268408422        0.2972876787
        3.3300000000        0.0030369971     2405.5384865726        0.2830995125
        3.3400000000        0.0043582837     1855.8633891591        0.2723829372
        3.3500000000        0.0015475171     2147.9273822710        0.2868404098
        3.3600000000        0.0053095752     1637.9319915566        0.2751078355
        3.3700000000        0.0025028394     2020.2183679960        0.2685006642
        3.3800000000        0.0071585339     1990.2063687309        0.2848363182
        3.3900000000        0.0045357239     2053.1776836319        0.2816855722
        3.4000000000        0.0044266650     2100.7666741944        0.2553157392
        3.4100000000        0.0021355298     2282.3521986210        0.2609622010
        3.4200000000        0.0110454993     1970.0465199051        0.2764306021
        3.4300000000        0.0001267236     1887.3181008877        0.2678168124
        3.4400000000        0.0115436609     1919.6477971360        0.2697871054
        3.4500000000        0.0092955518     1898.8365035838        0.2617955052
        3.4600000000        0.0035800757     1904.2970310202        0.2384303270
        3.4700000000        0.0067517590     1832.9394192437        0.2636525573
        3.4800000000        0.0093797546     1672.2211505159        0.2553756579
        3.4900000000        0.0106021436     1760.5870472797        0.2552336127
        3.5000000000        0.0015809875     1685.5635683165        0.2587385553
        3.5100000000        0.0031847351     1705.6111498245        0.2558009942
        3.5200000000        0.0073854907     1619.0906792269        0.2344025118
        3.5300000000        0.0092564685     1646.4805168006        0.2319892760
        3.5400000000        0.0021814404     1695.7923827396        0.2339304758
        3.5500000000        0.0046754126     1740.9753607880        0.2371856231
        3.5600000000        0.0024514331     1381.0839008647        0.2442630586
        3.5700000000        0.0004649084     1505.1889729484        0.2340430163
        3.5800000000        0.0022750598     1439.7415896537        0.2424082368
        3.5900000000        0.0004806580     1525.9877695857        0.2253564309
        3.6000000000        0.0016455969     1528.3305041609        0.2367123958
        3.6100000000        0.0046969983     2004.9703520499        0.2308477267
        3.6200000000        0.0012985022     1691.6429668960        0.2245768014
        3.6300000000        0.0022682764     1534.1312768674        0.2140396459
        3.6400000000        0.0079969946     1379.6892248047        0.2226181529
        3.6500000000        0.0003825867     1316.3299300676        0.2246459565
        3.6600000000        0.0004028931     1374.2684404873        0.2045701106
        3.6700000000        0.0035423999     1681.3685006215        0.2187500043
        3.6800000000        0.0015829199     1547.4463792859        0.2169453253
        3.6900000000        0.0052649988     1431.7901540187        0.2232465917
        3.7000000000        0.0030895251     1425.4647894334        0.2144485510
        3.7100000000        0.0082416077     1322.3899958619        0.2073890612
        3.7200000000        0.0079593994     1447.9276686343        0.2035277440
        3.7300000000        0.0061273145     1298.2809935933        0.2041207197
        3.7400000000        0.0073272144     1125.9089767622        0.2020592165
        3.7500000000        0.0045265564     1577.2157950400        0.2067614386
        3.7600000000        0.0005490564     1354.3117887528        0.2020274587
        3.7700000000        0.0084589844     1240.5247164456        0.1952036323
        3.7800000000        0.0051580237     1359.7402353443        0.1944714827
        3.7900000000        0.0031180579     1375.4377158221        0.1973850270
        3.8000000000        0.0004855908     1296.8543651079        0.1936501103
        3.8100000000        0.0052632483     1298.3092331068        0.2029276108
        3.8200000000        0.0026579285     1327.8826792005        0.1878403802
        3.8300000000        0.0011489417     1300.0971023534        0.1823022065
        3.8400000000        0.0026018933     1339.9686240951        0.1939856608
        3.8500000000        0.0096298523     1176.8640968342        0.1901382984
        3.8600000000        0.0118398999     1184.7029584810        0.1890715693
        3.8700000000        0.0012702820     1219.9630912556        0.1855169798
        3.8800000000        0.0015676672     1160.5510521914        0.1823659567
        3.8900000000        0.0036285132     1235.7748715213        0.1893527343
        3.9000000000        0.0032270239     1272.9596811530        0.1963870216
        3.9100000000        0.0041486780     1140.2225591559        0.1812205184
        3.9200000000        0.0004159314     1203.9962372392        0.1866073227
        3.9300000000        0.0028597363     1222.4012834970        0.1776486519
        3.9400000000        0.0054204846     1163.0162019779        0.1775254991
        3.9500000000        0.0031896362      948.3672086620        0.1809730790
        3.9600000000        0.0011154773     1106.3079382053        0.1784110966
        3.9700000000        0.0006752112     1064.8122735691        0.1679517925
        3.9800000000        0.0001887903     1174.7432586418        0.1715057761
        3.9900000000        0.0069361597     1173.2651961394        0.1738774656
        4.0000000000        0.0018074500     1012.7564401096        0.1701039434
        4.0100000000        0.0002205334     1024.1602443902        0.1719131284
        4.0200000000        0.0038894812     1037.1060516538        0.1713940727
        4.0300000000        0.0034513269      992.3520035806        0.1670978844
        4.0400000000        0.0030640906     1003.8550924077        0.1667359155
        4.0500000000        0.0005974011     1121.9543711609        0.1716125745
        4.0600000000        0.0017234558     1046.2344870147        0.1605650382
        4.0700000000        0.0035257007     1153.2089625428        0.1624122846
        4.0800000000        0.0053937646     1196.0674634960        0.1637955580
        4.0900000000        0.0037511255     1049.7710788440        0.1723388303
        4.1000000000        0.0010454932      962.4222506726        0.1596334603
        4.1100000000        0.0096567822     1076.9055237915        0.1551772618
        4.1200000000        0.0021053210      985.3473928804        0.1542514604
        4.1300000000        0.0034733606      936.3798211743        0.1622954643
        4.1400000000        0.0025629102     1036.7215977448        0.1547552110
        4.1500000000        0.0026102393      939.8244182595        0.1608852971
        4.1600000000        0.0034379565      925.4749527840        0.1513036938
        4.1700000000        0.0053700439      916.8793330562        0.1459434392
        4.1800000000        0.0019115210      873.1747057481        0.1453287888
        4.1900000000        0.0034418933      863.6536148118        0.1599582631
        4.2000000000        0.0000426892      917.4305063353        0.1413900574
        4.2100000000        0.0062381445      870.8057326889        0.1495401233
        4.2200000000        0.0023375830      873.2939021613        0.1426843137
        4.2300000000        0.0020573572      866.6247294106        0.1446880906
        4.2400000000        0.0008515955      922.4520812828        0.1429698139
        4.2500000000        0.0054515491      840.1750332367        0.1446150165
        4.2600000000        0.0031944299      909.9261095829        0.1474000556
        4.2700000000        0.0008336255      821.1159066873        0.1497003757
        4.2800000000        0.0074538379      890.5185964362        0.1419980028
        4.2900000000        0.0014726172      886.8342020136        0.1451612441
        4.3000000000        0.0026154980      904.6245627458        0.1446401915
        4.3100000000        0.0000414233      845.1838563238        0.1425952637
        4.3200000000        0.0051815759      862.9366908659        0.1395928083
        4.3300000000        0.0028353174      778.9307971540        0.1345088354
        4.3400000000        0.0001245801      814.4949437546        0.1427478801
        4.3500000000        0.0030949561      832.5535769000        0.1340402882
        4.3600000000        0.0037338623      836.1769240652        0.1338846911
        4.3700000000        0.0031907263      919.5354241889        0.1369758196
        4.3800000000        0.0007805725      835.1255358490        0.1360435591
        4.3900000000        0.0044968286      809.1772959940        0.1310388597
        4.4000000000        0.0028948938      723.9553455891        0.1326361705
        4.4100000000        0.0008898889      785.1955992680        0.1277427977
        4.4200000000        0.0095814941      861.7988956782        0.1330390689
        4.4300000000        0.0020449146      716.0348307923        0.1341198683
        4.4400000000        0.0030132812      806.8641458649        0.1257337052
        4.4500000000        0.0006323242      871.6952514045        0.1303914807
        4.4600000000        0.0003256531      721.2919520387        0.1275045221
        4.4700000000        0.0004347729      759.3187718752        0.1246996715
        4.4800000000        0.0043162109      765.4837740982        0.1257344365
        4.4900000000        0.0012154041      693.3946745392        0.1275484388
        4.5000000000        0.0011492090      723.8903233991        0.1296511552
        4.5100000000        0.0001340552      749.3733406343        0.1220775888
        4.5200000000        0.0005751929      712.0151951206        0.1241887822
        4.5300000000        0.0014731494      704.6445933035        0.1228426516
        4.5400000000        0.0020209631      673.6878440397        0.1176699363
        4.5500000000        0.0008699622      776.4696570038        0.1225137065
        4.5600000000        0.0029016162      726.8785326151        0.1213284092
        4.5700000000        0.0008623523      734.3342729552        0.1189135186
        4.5800000000        0.0039780469      816.8138351113        0.1223672439
        4.5900000000        0.0006010889      733.7397203235        0.1219022519
        4.6000000000        0.0028177600      748.4437051496        0.1249488323
        4.6100000000        0.0031139172      774.7647778104        0.1188726192
        4.6200000000        0.0003304712      687.4555884736        0.1203842994
        4.6300000000        0.0001568481      715.0221703293        0.1216059777
        4.6400000000        0.0004638232      719.2516805491        0.1221688395
        4.6500000000        0.0090339685      667.6052661313        0.1121126667
        4.6600000000        0.0050508044      751.0917355857        0.1176434317
        4.6700000000        0.0018837024      662.4534141091        0.1154580122
        4.6800000000        0.0002123877      749.6484359562        0.1094683301
        4.6900000000        0.0039003674      695.7330439690        0.1115942950
        4.7000000000        0.0003425537      724.4155887020        0.1126312104
        4.7100000000        0.0008313623      758.7356672550        0.1180059972
        4.7200000000        0.0005729004      694.8381190207        0.1116322765
        4.7300000000        0.0018660095      590.6617906438        0.1173299954
        4.7400000000        0.0030811877      684.2008856000        0.1081046962
        4.7500000000        0.0051060059      621.2066841890        0.1050638432
        4.7600000000        0.0006547729      674.9072849816        0.1091637435
        4.7700000000        0.0022142175      643.1061293079        0.1102848187
        4.7800000000        0.0011076392      685.3469370963        0.1143212471
        4.7900000000        0.0044470972      624.6691023174        0.1104007129
        4.8000000000        0.0003156128      614.8817218416        0.1113002876
        4.8100000000        0.0012193433      644.8766796904        0.1097187690
        4.8200000000        0.0009047498      611.7563573485        0.1029758451
        4.8300000000        0.0008471826      616.9048349327        0.1007311657
        4.8400000000        0.0043171216      581.3885049925        0.1044625981
        4.8500000000        0.0002935400      609.5673729191        0.1075198804
        4.8600000000        0.0004632422      607.4638729610        0.1082526518
        4.8700000000        0.0000651843      592.1821308223        0.0982084357
        4.8800000000        0.0000423303      583.5718521727        0.1011847556
        4.8900000000        0.0036108386      587.1332976470        0.1014639858
        4.9000000000        0.0008371521      620.0321266639        0.1011663228
        4.9100000000        0.0008944226      577.5422098366        0.0991380319
        4.9200000000        0.0007696338      620.5012724612        0.0971209128
        4.9300000000        0.0023378674      565.6705862504        0.0975303612
        4.9400000000        0.0033677405      586.1742759756        0.1063268847
        4.9500000000        0.0031192029      618.7002321739        0.1038544552
        4.9600000000        0.0011086475      639.4696877188        0.1014603259
        4.9700000000        0.0033755103      550.8790125165        0.0976471795
        4.9800000000        0.0007312781      612.1672415669        0.1012089066
        4.9900000000        0.0022774854      635.8970740880        0.1020367639
        5.0000000000        0.0019734338      585.8398440032        0.0964234115
