        2.2600000000        0.6759450151    14853.6139348710        1.7997943223
        2.2610000000        0.6686991782    16158.8684148330        1.8490801405
        2.2620000000        0.6716155385    16122.2346022585        1.8290831617
        2.2630000000        0.6632214533    17051.2073106496        1.8791142464
        2.2640000000        0.6597902790    17335.5991515277        1.9503620365
        2.2650000000        0.6591171064    17066.0109600925        1.8684212547
        2.2660000000        0.6545893707    17222.8576386926        1.8555877404
        2.2670000000        0.6541959883    17687.1593927806        1.8130166281
        2.2680000000        0.6512716804    17965.2632787681        1.8920210711
        2.2690000000        0.6480221670    17625.2495986599        1.7933224522
        2.2700000000        0.6455063798    18450.7412207530        1.8988874267
        2.2710000000        0.6453793793    17808.2843220756        1.7919823409
        2.2720000000        0.6407821151    18544.4630404861        1.9232100609
        2.2730000000        0.6409693447    18788.6242607495        1.9185602555
        2.2740000000        0.6363263408    19434.5858858564        1.9218087472
        2.2750000000        0.6361950151    18894.7573111796        1.8907545843
        2.2760000000        0.6328766760    19143.3920015086        1.8577917778
        2.2770000000        0.6254736159    19943.4761720466        1.9286161385
        2.2780000000        0.6255030817    19901.5002623172        1.9396728475
        2.2790000000        0.6188052011    20567.9358078499        1.9354926275
        2.2800000000        0.6152722751    20838.8498256305        1.8977799181
        2.2810000000        0.6148582937    20703.9664217295        1.8940548673
        2.2820000000        0.6163719723    20283.4496380368        1.8991052069
        2.2830000000        0.6081795523    21356.4344777962        1.9348520706
        2.2840000000        0.6105290874    21591.3608121101        2.0250130526
        2.2850000000        0.6073540225    21279.5218811543        1.8872801531
        2.2860000000        0.6045150843    21297.8803137286        1.8983245740
        2.2870000000        0.6012328071    21259.8661428660        1.8545622453
        2.2880000000        0.5986804174    21497.4409158364        1.9208695456
        2.2890000000        0.5871080774    22579.9976640984        1.9259717920
        2.2900000000        0.5901962587    22007.3574356919        1.9332577243
        2.2910000000        0.5899090074    22156.1652665167        1.9370392446
        2.2920000000        0.5849505298    22648.2365803184        1.9380479470
        2.2930000000        0.5750484429    23756.7910876582        2.0088828250
        2.2940000000        0.5747494053    23589.1342714265        1.9295172617
        2.2950000000        0.5703831099    23889.9994865945        1.9128982404
        2.2960000000        0.5725215722    22995.1131878794        1.9216240030
        2.2970000000        0.5703730536    23524.9207111178        1.9197469422
        2.2980000000        0.5583984645    24481.2170585768        1.9358687786
        2.2990000000        0.5666359753    23850.0832002349        1.9323662504
        2.3000000000        0.5643173659    23631.1283203194        1.9209372940
        2.3010000000        0.5557176687    24071.4208854235        1.9151374433
        2.3020000000        0.5537007461    24570.4703654415        1.9436507140
        2.3030000000        0.5454081423    24888.9926163547        1.9739363039
        2.3040000000        0.5445373054    25380.1621761000        1.9190025229
        2.3050000000        0.5376541955    25536.8211288233        1.9111877334
        2.3060000000        0.5426760921    24980.2836019336        1.8807293485
        2.3070000000        0.5317006920    25773.0043060252        1.9253255523
        2.3080000000        0.5368181228    24927.0868444271        1.8911079592
        2.3090000000        0.5288306120    25257.2491524318        1.8775105751
        2.3100000000        0.5259341479    25211.0208203396        1.8897555885
        2.3110000000        0.5228122837    25531.0434266552        1.8263415245
        2.3120000000        0.5240859645    25550.1978670456        1.8665582063
        2.3130000000        0.5219564771    25799.8534650465        1.8800627903
        2.3140000000        0.5155723940    25735.7652861506        1.8772235306
        2.3150000000        0.5129205234    26346.9160561488        1.8616159849
        2.3160000000        0.5045042712    26371.2894761966        1.8374198005
        2.3170000000        0.5044550714    25807.0677519406        1.8703987490
        2.3180000000        0.5071158629    25987.2539159820        1.8766468602
        2.3190000000        0.4971771734    26523.4466288659        1.8999750222
        2.3200000000        0.4988276384    26610.1867661369        1.8877535136
        2.3210000000        0.4973023897    26651.0086051524        1.8320214622
        2.3220000000        0.4967949827    26038.4034130061        1.8678474803
        2.3230000000        0.4863482375    26572.0362055247        1.8186002876
        2.3240000000        0.4855883975    26614.6270535564        1.8179755401
        2.3250000000        0.4807607591    26768.2122600790        1.8825621769
        2.3260000000        0.4700262219    27051.8796350613        1.7824825583
        2.3270000000        0.4753209343    26480.9851349378        1.8708741882
        2.3280000000        0.4739890247    26002.2177435685        1.7850064775
        2.3290000000        0.4642498378    26899.6367317905        1.8627426289
        2.3300000000        0.4575776925    26801.0172253069        1.8321176798
        2.3310000000        0.4602634083    26533.1259501288        1.7433515919
        2.3320000000        0.4649369593    26264.8348174248        1.8056104609
        2.3330000000        0.4494141977    27072.9616018389        1.7757607041
        2.3340000000        0.4549071691    26776.7492144506        1.7909342949
        2.3350000000        0.4522920631    26324.2829282054        1.7907730824
        2.3360000000        0.4471407872    26455.6802964203        1.7743115860
        2.3370000000        0.4464384732    26169.8783190991        1.7562270128
        2.3380000000        0.4440491458    26314.3850852610        1.7702624697
        2.3390000000        0.4421261894    26626.4631981550        1.7649169343
        2.3400000000        0.4322235078    26463.4496847691        1.7019989679
