        2.3000000000        0.4338890277   287153.8759750240        2.1258073635
        2.3100000000        0.3819979303   281481.7010099101        1.9853747104
        2.3200000000        0.3366266318   259685.8632452363        1.8149591853
        2.3300000000        0.2976424921   231436.3582426591        1.6684105447
        2.3400000000        0.2653007065   203440.7716859002        1.5508840339
        2.3500000000        0.2388655502   177033.4512840538        1.4420207654
        2.3600000000        0.2163454041   153560.5988715677        1.3536192995
        2.3700000000        0.1982828180   133623.1507356759        1.2769363231
        2.3800000000        0.1832299918   116932.9626745055        1.2123477204
        2.3900000000        0.1695240900   102336.7194317565        1.1777670052
        2.4000000000        0.1587406558    91449.3633225085        1.1327511342
        2.4100000000        0.1492369940    81170.5368235689        1.0844603475
        2.4200000000        0.1408090488    72956.1814842754        1.0759590742
        2.4300000000        0.1334689761    65897.3629313260        1.0258330316
        2.4400000000        0.1273245453    59738.2538656604        0.9905953545
        2.4500000000        0.1211355807    54639.6626879726        0.9850678726
        2.4600000000        0.1158063889    49812.7388800556        0.9474609215
        2.4700000000        0.1110294598    45867.6842844513        0.9302953914
        2.4800000000        0.1067746301    42526.1163001036        0.9068735132
        2.4900000000        0.1029162152    39209.8271401172        0.8796344396
        2.5000000000        0.0988659717    36238.8623327199        0.8651014570
        2.5100000000        0.0957018860    34081.0312865516        0.8539460688
        2.5200000000        0.0926900287    31944.8904108739        0.8339264911
        2.5300000000        0.0898232892    29934.4778582226        0.8042331802
        2.5400000000        0.0874214233    28157.1398651880        0.8029260344
        2.5500000000        0.0853153711    26481.2140521186        0.7717385394
        2.5600000000        0.0826180536    24965.6915759435        0.7673195585
        2.5700000000        0.0804974860    23749.1080809812        0.7339671838
        2.5800000000        0.0784640448    22532.2849364073        0.7306180188
        2.5900000000        0.0768289563    21509.1143355699        0.7215658630
        2.6000000000        0.0753003534    20460.6235758034        0.7009793859
        2.6100000000        0.0734139053    19434.2440641708        0.6861575873
        2.6200000000        0.0717164117    18435.7811607144        0.6770319766
        2.6300000000        0.0704890671    17711.4504779999        0.6525587728
        2.6400000000        0.0686032312    16770.7488441829        0.6690306779
        2.6500000000        0.0672074402    16101.3093355451        0.6601299176
        2.6600000000        0.0658408426    15515.3254150984        0.6445052969
        2.6700000000        0.0647413953    14933.8552294495        0.6196464911
        2.6800000000        0.0634555246    14294.1875809760        0.6328418918
        2.6900000000        0.0623243759    13738.6069215932        0.6065762914
        2.7000000000        0.0616416901    13300.6025085069        0.6099638982
        2.7100000000        0.0603293451    12743.6816954041        0.5944849692
        2.7200000000        0.0595111282    12362.2722042830        0.5842892308
        2.7300000000        0.0578347946    11711.0747191890        0.5763017803
        2.7400000000        0.0573316153    11360.7891589917        0.5601601675
        2.7500000000        0.0567636237    11162.3576029240        0.5601136887
        2.7600000000        0.0558118179    10740.2229394547        0.5523433671
        2.7700000000        0.0548837134    10349.4469268534        0.5354280220
        2.7800000000        0.0543178860    10070.0168963890        0.5414515037
        2.7900000000        0.0532486545     9655.2154776510        0.5234957577
        2.8000000000        0.0527966159     9434.2109495478        0.5189318221
        2.8100000000        0.0522068399     9201.7365857957        0.5117692203
        2.8200000000        0.0516374026     9026.2774140046        0.4966535816
        2.8300000000        0.0507795752     8657.6442095196        0.4939306505
        2.8400000000        0.0500376251     8330.8352110343        0.4854542025
        2.8500000000        0.0493559924     8151.3803856137        0.4935580142
        2.8600000000        0.0486186139     7841.3469373095        0.4813659341
        2.8700000000        0.0484497610     7791.5599157931        0.4659922733
        2.8800000000        0.0475645508     7513.4730780000        0.4722101207
        2.8900000000        0.0474343042     7452.9727063571        0.4409644891
        2.9000000000        0.0467161575     7216.4610285318        0.4574692196
        2.9100000000        0.0460166211     6946.6913252762        0.4420985838
        2.9200000000        0.0459981635     6892.5508788124        0.4419349748
        2.9300000000        0.0454032010     6751.0739439902        0.4306210967
        2.9400000000        0.0450217673     6590.9746161964        0.4277588308
        2.9500000000        0.0444531378     6280.8189632533        0.4248031513
        2.9600000000        0.0441461734     6211.9207479789        0.4230495958
        2.9700000000        0.0433300470     6070.1747247084        0.4207763052
        2.9800000000        0.0430655142     5916.7717926679        0.4134846207
        2.9900000000        0.0425283896     5737.0306505651        0.3923275729
        3.0000000000        0.0425774103     5803.9766194766        0.3922359731
        3.0100000000        0.0419749728     5654.2373872637        0.3938016986
        3.0200000000        0.0415132401     5441.7839787654        0.3826677328
        3.0300000000        0.0417165570     5432.9394186517        0.3836623781
        3.0400000000        0.0409501959     5273.1717573487        0.3747772389
        3.0500000000        0.0409831567     5232.7135995607        0.3819221325
        3.0600000000        0.0402664630     5075.3966171562        0.3744366137
        3.0700000000        0.0399975299     4988.1121433343        0.3651617096
        3.0800000000        0.0398176724     4932.3695507542        0.3516254571
        3.0900000000        0.0394472690     4761.9239201165        0.3618423120
        3.1000000000        0.0390643127     4748.1694080224        0.3714496383
        3.1100000000        0.0389621396     4676.9519738961        0.3535903653
        3.1200000000        0.0386252405     4521.4391539326        0.3529659647
        3.1300000000        0.0375176321     4320.0173062591        0.3486690856
        3.1400000000        0.0379558649     4371.6834707438        0.3429745891
        3.1500000000        0.0379556903     4394.3499129373        0.3515484356
        3.1600000000        0.0371112976     4149.2715088558        0.3380318864
        3.1700000000        0.0371494662     4155.5632937995        0.3338576178
        3.1800000000        0.0364524902     4023.7723039749        0.3304551317
        3.1900000000        0.0366113049     4041.3580430693        0.3325282016
        3.2000000000        0.0365972250     3997.3927310189        0.3158162045
        3.2100000000        0.0363004492     3931.2583802213        0.3202796716
        3.2200000000        0.0360577960     3867.7483405849        0.3161983568
        3.2300000000        0.0359598062     3840.0823438726        0.3186618514
        3.2400000000        0.0351388873     3661.9618587350        0.3092402109
        3.2500000000        0.0353414764     3654.4455840854        0.3068597881
        3.2600000000        0.0346806219     3523.3019045737        0.2991281493
        3.2700000000        0.0349197931     3612.8564952544        0.3008436716
        3.2800000000        0.0349450513     3580.7088213095        0.2974519752
        3.2900000000        0.0343136966     3429.5429969355        0.2962060540
        3.3000000000        0.0342743857     3415.3786996050        0.2979690182
        3.3100000000        0.0338332538     3262.4979441949        0.2906698337
        3.3200000000        0.0337513806     3298.6879318136        0.2914065501
        3.3300000000        0.0335825705     3248.3973281266        0.2913758711
        3.3400000000        0.0335750449     3191.1409803743        0.2905929312
        3.3500000000        0.0332359808     3155.0322250438        0.2866358515
        3.3600000000        0.0331414081     3130.4275121881        0.2795195876
        3.3700000000        0.0330920728     3119.9900558704        0.2721154823
        3.3800000000        0.0328709073     3055.3513489695        0.2785898815
        3.3900000000        0.0325896817     3034.9294154512        0.2772188328
        3.4000000000        0.0321780994     2953.5755855191        0.2728420622
        3.4100000000        0.0322240781     2891.5926331214        0.2674175518
        3.4200000000        0.0321091913     2839.2067798344        0.2630112518
        3.4300000000        0.0324290695     2941.6948787443        0.2622478402
        3.4400000000        0.0321170374     2820.1841655761        0.2589446157
        3.4500000000        0.0314269302     2728.3916082178        0.2606702557
        3.4600000000        0.0317942737     2838.5487950494        0.2451107975
        3.4700000000        0.0313161630     2697.7333946592        0.2556163065
        3.4800000000        0.0313223792     2704.3314306046        0.2495221089
        3.4900000000        0.0310592325     2632.5738816434        0.2482757467
        3.5000000000        0.0308622098     2622.6512553368        0.2586250101
        3.5100000000        0.0309599445     2586.1653406312        0.2530796034
        3.5200000000        0.0305383286     2544.6205983132        0.2397340561
        3.5300000000        0.0301225504     2489.1911832249        0.2379788314
        3.5400000000        0.0303598911     2479.9778576136        0.2262029298
        3.5500000000        0.0301629996     2462.3211897422        0.2319403258
        3.5600000000        0.0299325409     2421.1957237085        0.2385649067
        3.5700000000        0.0304695007     2461.3425589760        0.2333477622
        3.5800000000        0.0301302521     2429.9603260929        0.2301207095
        3.5900000000        0.0297429364     2369.5405137467        0.2340158173
        3.6000000000        0.0296247485     2313.4898059942        0.2325461289
        3.6100000000        0.0292792667     2293.6310057243        0.2138070952
        3.6200000000        0.0291128690     2251.8893952398        0.2235939624
        3.6300000000        0.0290420657     2202.9872232560        0.2256060133
        3.6400000000        0.0290996674     2233.2164820724        0.2215793528
        3.6500000000        0.0288739297     2180.1705353542        0.2194007751
        3.6600000000        0.0288699841     2146.0139850773        0.2132954727
        3.6700000000        0.0287858588     2177.8862556403        0.2167984150
        3.6800000000        0.0288042847     2162.7553732276        0.2086967495
        3.6900000000        0.0284188614     2067.6982043718        0.2080236965
        3.7000000000        0.0287165884     2112.6600158787        0.2044167961
        3.7100000000        0.0285388229     2117.8276412230        0.2009274079
        3.7200000000        0.0284228882     2061.4024674671        0.2066543790
        3.7300000000        0.0282305026     2028.5740899734        0.2079092915
        3.7400000000        0.0279320929     2027.8584654889        0.2021002727
        3.7500000000        0.0281236111     2002.1504928368        0.2120683634
        3.7600000000        0.0276743011     1940.0085966080        0.1995112135
        3.7700000000        0.0278978043     1959.2406333614        0.2060098430
        3.7800000000        0.0279744437     1978.0988343437        0.1983297672
        3.7900000000        0.0279820367     2000.6440659608        0.1949812782
        3.8000000000        0.0276360526     1910.3583471195        0.2015991801
        3.8100000000        0.0273239044     1845.3253562578        0.1907335816
        3.8200000000        0.0268109818     1812.3754839862        0.2051068529
        3.8300000000        0.0268271857     1795.2164123647        0.1940671823
        3.8400000000        0.0267711884     1795.5637756067        0.1917514917
        3.8500000000        0.0268993292     1812.9334545401        0.1866527791
        3.8600000000        0.0268979361     1793.3576865809        0.1875542991
        3.8700000000        0.0267870554     1759.3061210726        0.1835939545
        3.8800000000        0.0270713602     1763.3151112075        0.1837401248
        3.8900000000        0.0268096500     1782.3651120986        0.1885983685
        3.9000000000        0.0264618790     1699.6034884691        0.1782788101
        3.9100000000        0.0265105527     1729.6158531375        0.1846950825
        3.9200000000        0.0262102527     1683.7296713602        0.1817754342
        3.9300000000        0.0261742612     1648.3906157694        0.1830230723
        3.9400000000        0.0264438306     1697.5914322221        0.1718599266
        3.9500000000        0.0263293585     1686.3553433601        0.1737994443
        3.9600000000        0.0264470166     1695.9732485050        0.1787928796
        3.9700000000        0.0255796109     1590.7447564175        0.1711722728
        3.9800000000        0.0260145169     1632.8266483165        0.1737711394
        3.9900000000        0.0259210690     1603.9360357498        0.1801417600
        4.0000000000        0.0259687503     1630.4515106450        0.1743897386
        4.0100000000        0.0256937717     1585.5249779422        0.1731170411
        4.0200000000        0.0254897009     1559.7702846233        0.1777354016
        4.0300000000        0.0254274268     1526.1033219485        0.1695271297
        4.0400000000        0.0254309537     1541.6992972779        0.1694655199
        4.0500000000        0.0257010541     1559.6566699376        0.1692636626
        4.0600000000        0.0251971335     1490.1575925781        0.1646784763
        4.0700000000        0.0251466705     1526.2998131250        0.1606250454
        4.0800000000        0.0251119086     1518.6439186440        0.1630148729
        4.0900000000        0.0250300754     1497.8727019638        0.1588859844
        4.1000000000        0.0250281308     1498.2914773140        0.1612660419
        4.1100000000        0.0248142773     1440.8235525746        0.1610345850
        4.1200000000        0.0250013037     1421.9368020593        0.1584644076
        4.1300000000        0.0252139911     1478.3045904607        0.1557280455
        4.1400000000        0.0247855994     1399.8788476101        0.1574437020
        4.1500000000        0.0247316879     1419.2261609066        0.1604181242
        4.1600000000        0.0247926611     1394.6137416953        0.1561816249
        4.1700000000        0.0241195645     1324.7122854354        0.1514810076
        4.1800000000        0.0248855194     1409.3863734611        0.1512221711
        4.1900000000        0.0242136807     1377.4737313524        0.1520844074
        4.2000000000        0.0242366293     1370.1020638852        0.1465079908
        4.2100000000        0.0240385870     1308.5809732749        0.1493615320
        4.2200000000        0.0241389218     1341.0240763109        0.1464807821
        4.2300000000        0.0244476917     1356.5896326986        0.1464016479
        4.2400000000        0.0242714508     1355.7096199012        0.1477079119
        4.2500000000        0.0242372504     1313.4768910048        0.1457566692
        4.2600000000        0.0236009918     1253.9719664639        0.1432255476
        4.2700000000        0.0241783649     1295.3072960306        0.1433411239
        4.2800000000        0.0241271896     1294.4348537527        0.1441181555
        4.2900000000        0.0243600388     1308.1723548038        0.1421031595
        4.3000000000        0.0238862112     1249.2058913904        0.1440957795
        4.3100000000        0.0236585760     1240.1575313102        0.1378274193
        4.3200000000        0.0238466013     1248.5630539877        0.1436728813
        4.3300000000        0.0239587558     1266.2013464858        0.1402682294
        4.3400000000        0.0237413547     1247.0332076828        0.1420882594
        4.3500000000        0.0238374625     1231.2280831550        0.1346651261
        4.3600000000        0.0235576965     1196.0002617189        0.1423792373
        4.3700000000        0.0235881659     1197.1756106748        0.1365454803
        4.3800000000        0.0237240561     1225.7095403160        0.1373531261
        4.3900000000        0.0235689020     1222.6253283691        0.1321103772
        4.4000000000        0.0232785587     1164.2347421766        0.1310053608
        4.4100000000        0.0232724707     1181.3017206527        0.1355633283
        4.4200000000        0.0235534152     1185.0122608921        0.1345914910
        4.4300000000        0.0232701004     1171.5632462450        0.1304514824
        4.4400000000        0.0234021875     1179.1659412771        0.1347662636
        4.4500000000        0.0231135974     1160.3855660321        0.1268299739
        4.4600000000        0.0232813052     1170.1245352127        0.1293007474
        4.4700000000        0.0231502905     1148.6321620832        0.1363988807
        4.4800000000        0.0232312665     1154.1208363847        0.1245496847
        4.4900000000        0.0228289801     1143.4481261052        0.1306778007
        4.5000000000        0.0228270175     1127.5278346583        0.1301602644
        4.5100000000        0.0225645667     1076.0682737170        0.1223315975
        4.5200000000        0.0230445752     1089.5146144389        0.1242015729
        4.5300000000        0.0230507709     1135.1931753550        0.1185325663
        4.5400000000        0.0232143021     1120.9096600390        0.1235573601
        4.5500000000        0.0229271878     1105.1557812018        0.1215027431
        4.5600000000        0.0227008118     1083.7624527685        0.1254601382
        4.5700000000        0.0226966925     1103.4412495075        0.1221404866
        4.5800000000        0.0224748102     1067.1696050663        0.1184091463
        4.5900000000        0.0226828494     1053.7656950164        0.1196487525
        4.6000000000        0.0219753021     1005.9658451193        0.1176412050
        4.6100000000        0.0223638370     1045.3187631928        0.1188352555
        4.6200000000        0.0223213907     1021.7239317136        0.1208334898
        4.6300000000        0.0225653479     1047.9495869650        0.1231970055
        4.6400000000        0.0222706750     1006.6260513213        0.1172091184
        4.6500000000        0.0222628006      987.5240889600        0.1156043643
        4.6600000000        0.0227321344     1048.1068623119        0.1165662615
        4.6700000000        0.0224560110     1042.4377045649        0.1124027412
        4.6800000000        0.0224150580     1019.0163301568        0.1133852258
        4.6900000000        0.0219240381      987.0419004820        0.1188567999
        4.7000000000        0.0219991785      960.1551869015        0.1122511958
        4.7100000000        0.0217453787      963.5215051300        0.1125274685
        4.7200000000        0.0222316171     1005.4320317913        0.1140980887
        4.7300000000        0.0219032858      978.6335605180        0.1084529220
        4.7400000000        0.0218751129      975.1686212629        0.1110648403
        4.7500000000        0.0222971027      992.9438428233        0.1147149661
        4.7600000000        0.0214974997      924.1091129195        0.1090027746
        4.7700000000        0.0218469598      952.2859700007        0.1093798733
        4.7800000000        0.0215554681      920.2576954008        0.1076392595
        4.7900000000        0.0216525980      938.5810469010        0.1133682316
        4.8000000000        0.0214904327      918.4057738208        0.1036252615
        4.8100000000        0.0218392560      937.9473147285        0.1089580624
        4.8200000000        0.0215427371      920.4484993776        0.1079392556
        4.8300000000        0.0217721823      949.2170195751        0.1056792429
        4.8400000000        0.0216121896      910.6708068488        0.1082906007
        4.8500000000        0.0213170624      903.9521312943        0.1003346040
        4.8600000000        0.0216200894      917.0010746866        0.1052566571
        4.8700000000        0.0219436057      953.3108200375        0.1055865990
        4.8800000000        0.0216326413      909.4125175673        0.1009870065
        4.8900000000        0.0217326166      925.3323993546        0.1018710788
        4.9000000000        0.0219947379      932.1259157094        0.1033111092
        4.9100000000        0.0213476169      898.6481337829        0.1008845617
        4.9200000000        0.0211321817      879.0015598830        0.1003966538
        4.9300000000        0.0207203513      840.1827626699        0.1000835631
        4.9400000000        0.0215693909      884.8005271962        0.0994731476
        4.9500000000        0.0213320386      885.3344780685        0.0999387672
        4.9600000000        0.0209003244      832.9874043884        0.0986656615
        4.9700000000        0.0210515948      872.9593460633        0.1024744896
        4.9800000000        0.0210521606      854.5905925457        0.1001078017
        4.9900000000        0.0208002118      814.5425886893        0.0980226262
        5.0000000000        0.0211274814      864.9253844556        0.0938717525
