# lattice size: 64 * 64
algorithm: single spin flip
# warming-up steps: 10000
# evolution steps: 100000
        0.0100000000        1.0000000000        0.0000000000        0.0000000000
        0.0200000000        1.0000000000        0.0000000000        0.0000000000
        0.0300000000        1.0000000000        0.0000000000        0.0000000000
        0.0400000000        1.0000000000        0.0000000000        0.0000000000
        0.0500000000        1.0000000000        0.0000000000        0.0000000000
        0.0600000000        1.0000000000        0.0000000000        0.0000000000
        0.0700000000        1.0000000000        0.0000000000        0.0000000000
        0.0800000000        1.0000000000        0.0000000000        0.0000000000
        0.0900000000        1.0000000000        0.0000000000        0.0000000000
        0.1000000000        1.0000000000        0.0000000000        0.0000000000
        0.1100000000        1.0000000000        0.0000000000        0.0000000000
        0.1200000000        1.0000000000        0.0000000000        0.0000000000
        0.1300000000        1.0000000000        0.0000000000        0.0000000000
        0.1400000000        1.0000000000        0.0000000000        0.0000000000
        0.1500000000        1.0000000000        0.0000000000        0.0000000000
        0.1600000000        1.0000000000        0.0000000000        0.0000000000
        0.1700000000        1.0000000000        0.0000000000        0.0000000000
        0.1800000000        1.0000000000        0.0000000000        0.0000000000
        0.1900000000        1.0000000000        0.0000000000        0.0000000000
        0.2000000000        1.0000000000        0.0000000000        0.0000000000
        0.2100000000        1.0000000000        0.0000000000        0.0000000000
        0.2200000000        1.0000000000        0.0000000000        0.0000000000
        0.2300000000        1.0000000000        0.0000000000        0.0000000000
        0.2400000000        1.0000000000        0.0000000000        0.0000000000
        0.2500000000        1.0000000000        0.0000000000        0.0000000000
        0.2600000000        1.0000000000        0.0000000000        0.0000000000
        0.2700000000        1.0000000000        0.0000000000        0.0000000000
        0.2800000000        1.0000000000        0.0000000000        0.0000000000
        0.2900000000        1.0000000000        0.0000000000        0.0000000000
        0.3000000000        1.0000000000        0.0000000000        0.0000000000
        0.3100000000        1.0000000000        0.0000000000        0.0000000000
        0.3200000000        1.0000000000        0.0000000000        0.0000000000
        0.3300000000        1.0000000000        0.0000000000        0.0000000000
        0.3400000000        1.0000000000        0.0000000000        0.0000000000
        0.3500000000        1.0000000000        0.0000000000        0.0000000000
        0.3600000000        1.0000000000        0.0000000000        0.0000000000
        0.3700000000        1.0000000000        0.0000000000        0.0000000000
        0.3800000000        1.0000000000        0.0000000000        0.0000000000
        0.3900000000        1.0000000000        0.0000000000        0.0000000000
        0.4000000000        1.0000000000        0.0000000000        0.0000000000
        0.4100000000        1.0000000000        0.0000000000        0.0000000000
        0.4200000000        1.0000000000        0.0000000000        0.0000000000
        0.4300000000        1.0000000000        0.0000000000        0.0000000000
        0.4400000000        1.0000000000        0.0000000000        0.0000000000
        0.4500000000        1.0000000000        0.0000000000        0.0000000000
        0.4600000000        1.0000000000        0.0000000000        0.0000000000
        0.4700000000        0.9999999695        0.0005318843        0.0000044206
        0.4800000000        1.0000000000        0.0000000000        0.0000000000
        0.4900000000        1.0000000000        0.0000000000        0.0000000000
        0.5000000000        1.0000000000        0.0000000000        0.0000000000
        0.5100000000        0.9999970200        0.0475755034        0.0003643957
        0.5200000000        0.9999977249        0.0356743506        0.0002679864
        0.5300000000        1.0000000000        0.0000000000        0.0000000000
        0.5400000000        1.0000000000        0.0000000000        0.0000000000
        0.5500000000        1.0000000000        0.0000000000        0.0000000000
        0.5600000000        1.0000000000        0.0000000000        0.0000000000
        0.5700000000        0.9999946921        0.0754558236        0.0005171040
        0.5800000000        1.0000000000        0.0000000000        0.0000000000
        0.5900000000        0.9999882254        0.1595448955        0.0010563089
        0.6000000000        0.9999990335        0.0131697146        0.0000857403
        0.6100000000        0.9999931671        0.0904781988        0.0005793942
        0.6200000000        0.9999918848        0.1528953292        0.0009633022
        0.6300000000        0.9999980072        0.0258069397        0.0001600133
        0.6400000000        0.9999938568        0.0776435132        0.0004738984
        0.6500000000        0.9999881580        0.1594111782        0.0009579999
        0.6600000000        0.9999827280        0.2354279810        0.0012480805
        0.6700000000        0.9999851239        0.1763466134        0.0010281402
        0.6800000000        0.9999832303        0.1950872898        0.0011206761
        0.6900000000        0.9999769641        0.2605900519        0.0014752607
        0.7000000000        0.9999755865        0.2970792859        0.0015360686
        0.7100000000        0.9999662372        0.3781340597        0.0020548725
        0.7200000000        0.9999767358        0.2520830784        0.0013676382
        0.7300000000        0.9999606308        0.4199026306        0.0022469105
        0.7400000000        0.9999675027        0.3597764323        0.0018496743
        0.7500000000        0.9999492542        0.5556550672        0.0028940368
        0.7600000000        0.9999575092        0.4311765887        0.0022161626
        0.7700000000        0.9999411298        0.6628832671        0.0032918896
        0.7800000000        0.9999442667        0.5919923481        0.0029647053
        0.7900000000        0.9999187329        0.8021298301        0.0039371584
        0.8000000000        0.9999111652        0.9458318050        0.0045876892
        0.8100000000        0.9999051920        0.9576474052        0.0045825465
        0.8200000000        0.9999095496        0.8389034922        0.0039963009
        0.8300000000        0.9998735867        1.2802377209        0.0057774069
        0.8400000000        0.9998646823        1.2206749591        0.0054798113
        0.8500000000        0.9998162903        1.8768722038        0.0084413789
        0.8600000000        0.9997890637        2.8404391176        0.0113667403
        0.8700000000        0.9997965872        2.0646674387        0.0088503631
        0.8800000000        0.9997383374        2.4501353037        0.0106621653
        0.8900000000        0.9997292758        2.9669593099        0.0122375325
        0.9000000000        0.9997295499        2.5703355256        0.0109521076
        0.9100000000        0.9996898972        2.9456561431        0.0123414007
        0.9200000000        0.9996275577        3.1760323793        0.0130981665
        0.9300000000        0.9996183102        3.8436602481        0.0156991722
        0.9400000000        0.9995552402        3.5245739736        0.0141029631
        0.9500000000        0.9995578949        4.3737073752        0.0170334975
        0.9600000000        0.9994504169        4.4920599573        0.0176306797
        0.9700000000        0.9994588730        5.1708548378        0.0194538441
        0.9800000000        0.9993744897        5.1152243184        0.0189685296
        0.9900000000        0.9993354810        6.7337512142        0.0247048676
        1.0000000000        0.9992669907        5.7720292117        0.0211741582
        1.0100000000        0.9992144794        6.9430712998        0.0254305887
        1.0200000000        0.9991226532        6.6545874483        0.0234431847
        1.0300000000        0.9990951065        8.8432885688        0.0311904617
        1.0400000000        0.9990425336        8.5544105977        0.0291603803
        1.0500000000        0.9989664493        8.9660150984        0.0297812969
        1.0600000000        0.9988443201        9.6477411986        0.0328344420
        1.0700000000        0.9987738171        9.0805946005        0.0310307706
        1.0800000000        0.9986753198       13.0239099143        0.0437367783
        1.0900000000        0.9986232697       12.4082038247        0.0400248955
        1.1000000000        0.9983594937       14.2051386003        0.0445218064
        1.1100000000        0.9983706128       14.6464949876        0.0461435087
        1.1200000000        0.9981468668       15.7334892744        0.0492954476
        1.1300000000        0.9981224234       15.9252393974        0.0489867399
        1.1400000000        0.9979260284       15.4983134891        0.0485566329
        1.1500000000        0.9978629019       18.7722036907        0.0566998335
        1.1600000000        0.9977586166       16.9519355633        0.0504920628
        1.1700000000        0.9974304456       23.2521241356        0.0621210184
        1.1800000000        0.9972513885       21.6411056392        0.0627256639
        1.1900000000        0.9971255090       24.1405971207        0.0687321721
        1.2000000000        0.9969239972       26.6266837685        0.0742320146
        1.2100000000        0.9966827057       28.1757042705        0.0778692653
        1.2200000000        0.9966896002       28.1043438027        0.0762769758
        1.2300000000        0.9965992703       29.4965663001        0.0799537462
        1.2400000000        0.9959846939       28.7946106415        0.0751564197
        1.2500000000        0.9959989429       33.4349958509        0.0891532777
        1.2600000000        0.9955312451       35.0199974911        0.0904512039
        1.2700000000        0.9955476984       35.9205373438        0.0908314876
        1.2800000000        0.9953295416       37.5386707907        0.0964560590
        1.2900000000        0.9949366617       45.3368490143        0.1077851912
        1.3000000000        0.9946519296       39.8896263869        0.1000156771
        1.3100000000        0.9943579694       49.2932735039        0.1192097568
        1.3200000000        0.9942350909       44.0287713935        0.1071946998
        1.3300000000        0.9940812930       43.5325616200        0.0969176424
        1.3400000000        0.9934859183       47.1008631220        0.1107315804
        1.3500000000        0.9931122183       49.1741173231        0.1082815429
        1.3600000000        0.9929297189       62.1242644731        0.1397031616
        1.3700000000        0.9928963300       59.9620526711        0.1380755715
        1.3800000000        0.9923144437       60.0818244916        0.1280103225
        1.3900000000        0.9918425714       65.2931967295        0.1457225439
        1.4000000000        0.9913597757       68.4423964617        0.1430898614
        1.4100000000        0.9910196835       66.4432440785        0.1408331982
        1.4200000000        0.9904594727       76.3014478871        0.1528178249
        1.4300000000        0.9902662082       78.0885218701        0.1616236417
        1.4400000000        0.9893162610       77.1390279496        0.1548857428
        1.4500000000        0.9892126773       84.2520753089        0.1642381565
        1.4600000000        0.9888124323       89.9469086326        0.1683125525
        1.4700000000        0.9882851346      103.1844179127        0.1821700672
        1.4800000000        0.9873638202       96.5014361663        0.1698271558
        1.4900000000        0.9871042035      109.5459156376        0.2035823019
        1.5000000000        0.9868128549      111.3587239372        0.2054508652
        1.5100000000        0.9862759729      102.4487871738        0.1783481765
        1.5200000000        0.9851508060      116.5869883311        0.2051876527
        1.5300000000        0.9844470071      133.9219491223        0.2168919040
        1.5400000000        0.9841889172      119.9051323250        0.2060248565
        1.5500000000        0.9829226712      121.9979192148        0.1954227262
        1.5600000000        0.9820759100      153.7598593137        0.2476073872
        1.5700000000        0.9823775626      172.8291330503        0.2730312530
        1.5800000000        0.9813722824      164.5279449328        0.2670871440
        1.5900000000        0.9798214664      164.9202201281        0.2553806801
        1.6000000000        0.9793963910      182.3840943596        0.2754498516
        1.6100000000        0.9787842123      196.3565330628        0.2868930962
        1.6200000000        0.9779239380      182.2601514799        0.2731317291
        1.6300000000        0.9770736581      180.8659307419        0.2504638773
        1.6400000000        0.9759134848      209.4233941355        0.2962632187
        1.6500000000        0.9750246933      217.2586620859        0.2803551339
        1.6600000000        0.9742452185      232.8116952947        0.3268550116
        1.6700000000        0.9722917130      312.7421672105        0.4078399570
        1.6800000000        0.9726923941      235.2838808382        0.3245646563
        1.6900000000        0.9713137216      275.6203596100        0.3450647142
        1.7000000000        0.9708841315      262.8445425498        0.3354223208
        1.7100000000        0.9687272821      299.8720007202        0.3582429124
        1.7200000000        0.9681085199      270.0822997752        0.3105038931
        1.7300000000        0.9663465320      316.1981372206        0.3711596108
        1.7400000000        0.9662937033      299.2928750385        0.3547718012
        1.7500000000        0.9631754733      336.8158732504        0.3414004498
        1.7600000000        0.9615867517      501.7867058865        0.4086526681
        1.7700000000        0.9606472260      382.3653351252        0.3489134752
        1.7800000000        0.9605997214      384.8063264649        0.3850865120
        1.7900000000        0.9584995212      482.7778046992        0.4526465004
        1.8000000000        0.9586071039      401.3367917699        0.4192545057
        1.8100000000        0.9558775031      445.6611798706        0.4387351691
        1.8200000000        0.9538408398      518.9942482818        0.4249433997
        1.8300000000        0.9525929196      503.8007337111        0.4639225543
        1.8400000000        0.9499930017      488.1197061511        0.4112500067
        1.8500000000        0.9481089127      616.0341500068        0.4473843643
        1.8600000000        0.9457908893      567.0571362009        0.4131367053
        1.8700000000        0.9443758682      495.0025598145        0.4184268467
        1.8800000000        0.9451453455      653.9228265104        0.5924342708
        1.8900000000        0.9413997604      749.8486407081        0.5303210491
        1.9000000000        0.9378955115      729.2355823154        0.5189176603
        1.9100000000        0.9354281329      645.6394877782        0.5004667083
        1.9200000000        0.9360456851      770.3578138675        0.4691977366
        1.9300000000        0.9326816650      714.5194798920        0.5382699340
        1.9400000000        0.9285535403      884.0245855771        0.5741484436
        1.9500000000        0.9249996820     1107.9612396438        0.6005949289
        1.9600000000        0.9205516653     1794.2340059729        0.7211495024
        1.9700000000        0.9200057205     1028.3943718157        0.6286386664
        1.9800000000        0.9184662369     1067.0221417860        0.6160349334
        1.9900000000        0.9157327011     1244.1183641675        0.6450050965
        2.0000000000        0.9106443671     1644.2122372733        0.6980536467
        2.0100000000        0.9072173459     1529.0158718120        0.7467669103
        2.0200000000        0.9018056198     1888.7425829306        0.7992687419
        2.0300000000        0.8995707901     1649.7820712672        0.6978881987
        2.0400000000        0.8944272787     2107.5486105091        0.8071884935
        2.0500000000        0.8941388971     2445.1697497115        0.8408775120
        2.0600000000        0.8892387625     2433.3779087453        0.8903839313
        2.0700000000        0.8797756732     4683.9164020593        1.0446720853
        2.0800000000        0.8765047708     2322.4683349800        0.7278334104
        2.0900000000        0.8726646066     3416.1791736331        0.9282519271
        2.1000000000        0.8712001584     3500.2298682706        0.9939565130
        2.1100000000        0.8650328754     4265.3184264254        0.8808001564
        2.1200000000        0.8553892776     3649.6106674737        0.9360073731
        2.1300000000        0.8501178592     5677.6458871975        1.1930839676
        2.1400000000        0.8470369125     4033.5569049301        1.0083960073
        2.1500000000        0.8352879404     6538.5906000427        1.3107076312
        2.1600000000        0.8243037726     8502.2190070358        1.2272581026
        2.1700000000        0.8279932126     7267.8960078847        1.0598266717
        2.1800000000        0.8198343292     6538.6987866996        0.9354544300
        2.1900000000        0.8077022336     6061.9918153651        1.1099501411
        2.2000000000        0.7982321063     8529.8824140590        1.0142102320
        2.2100000000        0.7794683087    16247.6109211279        1.4258288109
        2.2200000000        0.7674010184    16806.4258110936        1.2802409568
        2.2300000000        0.7580873849    26216.3001869726        1.5081773268
        2.2400000000        0.7494011270    23914.7103072427        1.1776247598
        2.2500000000        0.7300774966    24091.3215332777        1.6229653837
        2.2600000000        0.7155853854    20200.2814760127        1.2097090143
        2.2700000000        0.7099321634    17453.1382629139        1.0207994939
        2.2800000000        0.6986209244    35795.9073229906        2.0405367710
        2.2900000000        0.6807953027    36183.4603075309        1.8834429476
        2.3000000000        0.6391850214    62216.0908987330        2.1213031189
        2.3100000000        0.6014118854    55240.5550077047        1.8952226589
        2.3200000000        0.5743906931    56885.8232409237        1.7144828042
        2.3300000000        0.5617946793    61916.6152092758        2.0077312469
        2.3400000000        0.5539626923    64960.4310095467        1.8840352541
        2.3500000000        0.5382479468    82552.5762035371        1.5574061482
        2.3600000000        0.4968976178   128215.2924005796        1.9126824162
        2.3700000000        0.4903884250    94324.4796521933        1.5441658710
        2.3800000000        0.4715387048   136924.4116509137        1.5454267299
        2.3900000000        0.4217053793   128266.2776327859        1.2195906894
        2.4000000000        0.3792276907   140244.2068587438        1.3892898836
        2.4100000000        0.3250859732   189414.6068587218        1.6784714230
        2.4200000000        0.3004332080   232619.1127052337        1.0734517909
        2.4300000000        0.2722094037   291518.9708551329        1.3580927733
        2.4400000000        0.2360915033   256240.7085989820        1.3245076936
        2.4500000000        0.1918266708   269928.5102276838        1.1461790213
        2.4600000000        0.1653525586   216499.8618713639        1.2185373093
        2.4700000000        0.1373541513   168747.9810025191        0.9321119955
        2.4800000000        0.0765391269   116952.0046988191        1.1534704356
        2.4900000000        0.0666818649    96641.4295441593        1.0890375310
        2.5000000000        0.0486055405    94037.6078676858        0.6974398406
        2.5100000000        0.0624193988   134249.2468031597        0.9274743936
        2.5200000000        0.0503829120   167699.3956154427        0.9346107367
        2.5300000000        0.0224096451   119304.0506356195        0.8497981171
        2.5400000000        0.0032619324   112628.4546630849        0.8617246705
        2.5500000000        0.0155156519   112813.9863978624        0.7411781363
        2.5600000000        0.0014036884    80214.7187103548        0.6628880129
        2.5700000000        0.0073196765    52519.8063789317        0.6254328957
        2.5800000000        0.0125183551    48506.4277091443        0.8010065265
        2.5900000000        0.0328275238    36020.7703448403        0.6846002393
        2.6000000000        0.0092626212    59835.1266926763        0.6643959912
        2.6100000000        0.0179442020    53915.2314668389        0.7133303484
        2.6200000000        0.0371598517    74519.3210337422        0.6503405813
        2.6300000000        0.0127020740    50935.9149117824        0.5387103582
        2.6400000000        0.0050378696    43597.8903022822        0.7544823159
        2.6500000000        0.0063293515    46861.0000456840        0.6342128971
        2.6600000000        0.0075992966    66279.4889745712        0.6078399670
        2.6700000000        0.0098801001    63451.7052199134        0.6383306518
        2.6800000000        0.0183478745    55868.6002979485        0.5953753353
        2.6900000000        0.0025199692    24617.4200488040        0.6010436253
        2.7000000000        0.0162811880    22723.7892861466        0.6745298583
        2.7100000000        0.0099089322    46166.9619279125        0.5774695545
        2.7200000000        0.0035103336    26388.7572598342        0.5992718835
        2.7300000000        0.0165021027    43602.4170880679        0.5617697591
        2.7400000000        0.0109397253    35738.4084627435        0.5469168636
        2.7500000000        0.0097298486    25371.8539821923        0.6214377201
        2.7600000000        0.0028641562    52569.4105960933        0.6050951639
        2.7700000000        0.0077709467    21463.9742892091        0.5012029393
        2.7800000000        0.0053004315    18899.0311758375        0.5312189338
        2.7900000000        0.0011714764    17375.6208976112        0.5085201979
        2.8000000000        0.0039141772    28997.7594698927        0.5528893020
        2.8100000000        0.0138026929    21669.7279897550        0.4833858371
        2.8200000000        0.0238352081    21964.2643380408        0.5095841565
        2.8300000000        0.0287656598    23261.0109378587        0.4273764430
        2.8400000000        0.0263085202    14172.7803918343        0.5081610441
        2.8500000000        0.0102247128    19532.7833768494        0.4939996848
        2.8600000000        0.0071957834    17573.7783624267        0.4629501109
        2.8700000000        0.0011968365    29153.8574646243        0.5027296577
        2.8800000000        0.0166640024    28932.3797005277        0.4039916625
        2.8900000000        0.0123401328    13942.8794298197        0.3847428249
        2.9000000000        0.0012114664    29294.2395340027        0.4919146167
        2.9100000000        0.0012498193    22946.2657464099        0.4977449541
        2.9200000000        0.0096546414    21329.5427642359        0.4415417119
        2.9300000000        0.0156462946    16693.7597499098        0.4037222378
        2.9400000000        0.0047928473    15517.0602498615        0.4462541860
        2.9500000000        0.0015522235    20874.6127007532        0.3770676824
        2.9600000000        0.0160451379    25181.0764019653        0.4408548320
        2.9700000000        0.0046133649    14356.8924276508        0.3723304570
        2.9800000000        0.0052954626    16828.0624054544        0.4077631449
        2.9900000000        0.0082559637    13510.3265455309        0.3794720850
        3.0000000000        0.0094579092    13480.9589316291        0.3967863138
        3.0100000000        0.0013001077    14038.4202718038        0.3587915174
        3.0200000000        0.0101024747    12880.9913593976        0.4694734251
        3.0300000000        0.0013801022    14172.4406957830        0.3853147101
        3.0400000000        0.0131185303    14715.2568364310        0.3624466333
        3.0500000000        0.0078876520     9925.6732443635        0.3455579508
        3.0600000000        0.0084556494    10968.4945613610        0.3968244494
        3.0700000000        0.0018457251    13665.7062554372        0.4329830013
        3.0800000000        0.0037472531    15022.5775630876        0.3642946442
        3.0900000000        0.0051209589    13307.3851269175        0.3228299161
        3.1000000000        0.0001634320    12830.0594532939        0.3927536093
        3.1100000000        0.0028921252    14143.7465510094        0.3813381043
        3.1200000000        0.0047748984    17039.4805606202        0.4569802335
        3.1300000000        0.0054919296    11142.1353173114        0.3096273655
        3.1400000000        0.0104551291    13170.1764243429        0.3397653918
        3.1500000000        0.0048614093    12207.6285696539        0.2854199035
        3.1600000000        0.0024717307    14065.4988242680        0.3337941585
        3.1700000000        0.0031891510    12219.7660759839        0.2713077600
        3.1800000000        0.0102188660    11873.2628681052        0.3724121454
        3.1900000000        0.0105555548    10633.6278244577        0.3368487299
        3.2000000000        0.0110326312    13068.0582281353        0.3524281400
        3.2100000000        0.0037127042     9822.7532221610        0.2895090657
        3.2200000000        0.0167792374    12420.6521283667        0.2651577366
        3.2300000000        0.0029500925     8456.6564124126        0.3265072078
        3.2400000000        0.0016978772     8716.9496698164        0.2830768298
        3.2500000000        0.0026356882     7206.5482149788        0.3204007090
        3.2600000000        0.0010458261     9564.9247514363        0.2913966106
        3.2700000000        0.0050785196    12263.2602030239        0.3306169194
        3.2800000000        0.0019264749     8242.0507063620        0.3253301067
        3.2900000000        0.0052980603     9330.1274930909        0.2878367450
        3.3000000000        0.0125355878     8805.8725847988        0.2628912827
        3.3100000000        0.0050081830    12345.4844636790        0.3440503467
        3.3200000000        0.0007991046     9500.7899544089        0.2621277551
        3.3300000000        0.0113452527    10624.6863886716        0.2575531074
        3.3400000000        0.0081959048     8978.0017361957        0.3191088039
        3.3500000000        0.0023911920     8330.2198885869        0.2582367490
        3.3600000000        0.0064201276     7597.7292811102        0.3101685564
        3.3700000000        0.0091289169     6953.8783699401        0.2803298504
        3.3800000000        0.0081595084     7827.5351101591        0.2758357052
        3.3900000000        0.0008172061     7667.2347696774        0.2471984013
        3.4000000000        0.0079667737     8676.2987444327        0.2615970374
        3.4100000000        0.0056179974     5122.6052820863        0.2614289057
        3.4200000000        0.0089274005     8626.3978516404        0.2775120775
        3.4300000000        0.0038625168     6252.4872505818        0.2398578009
        3.4400000000        0.0024949777     8884.1835082918        0.2561449383
        3.4500000000        0.0059696045     7649.6716167392        0.2804799975
        3.4600000000        0.0119250565     6170.9181357476        0.2140181379
        3.4700000000        0.0016177600     6692.5459371588        0.2531332498
        3.4800000000        0.0089916919     5756.3895847124        0.2366220723
        3.4900000000        0.0062275177     6277.8147062729        0.2363975767
        3.5000000000        0.0096400360     6467.7447956514        0.2237752558
        3.5100000000        0.0044723737     6858.7071565414        0.2458305788
        3.5200000000        0.0053023633     6586.3312887755        0.2417514686
        3.5300000000        0.0041520087     6582.2185399650        0.2579472038
        3.5400000000        0.0051351166     6227.6154383994        0.2452200144
        3.5500000000        0.0008729718     4724.9341670833        0.2250345119
        3.5600000000        0.0015670660     7004.7576399485        0.2707315797
        3.5700000000        0.0012360352     5899.5737160113        0.2583734498
        3.5800000000        0.0069802750     5239.8492842654        0.2087174629
        3.5900000000        0.0099989243     5397.4831373496        0.2239788829
        3.6000000000        0.0005105627     7133.2008126944        0.2194587544
        3.6100000000        0.0021906219     7453.4079749252        0.2567071923
        3.6200000000        0.0076307800     6507.0989061587        0.2112623181
        3.6300000000        0.0073770731     4682.7781787986        0.2102292409
        3.6400000000        0.0016970566     5255.3777247437        0.2108112544
        3.6500000000        0.0009211969     5338.5256279358        0.2175076787
        3.6600000000        0.0085127560     5931.4035728438        0.2125112730
        3.6700000000        0.0062091455     5655.5468924590        0.2265202130
        3.6800000000        0.0060725714     5655.6517418672        0.2164899980
        3.6900000000        0.0022508554     5381.1035401366        0.2109516749
        3.7000000000        0.0048869165     5088.0626344389        0.2299251866
        3.7100000000        0.0031874664     5894.1214257092        0.2308514167
        3.7200000000        0.0060090771     4627.7707742709        0.2057986799
        3.7300000000        0.0009042957     4929.3013488043        0.1983482898
        3.7400000000        0.0040171680     5964.1031693417        0.2108445641
        3.7500000000        0.0074916156     5351.3759183448        0.1969285989
        3.7600000000        0.0021555911     5105.5623808343        0.2073073259
        3.7700000000        0.0082716855     4883.2046643293        0.1946996131
        3.7800000000        0.0049821143     7500.5255311039        0.2049622379
        3.7900000000        0.0057985449     4798.6134035078        0.2037297972
        3.8000000000        0.0010861023     5047.3827186170        0.1840827383
        3.8100000000        0.0032103616     6192.9242565608        0.2011336260
        3.8200000000        0.0087012708     5409.8597451404        0.1859739756
        3.8300000000        0.0014209579     5014.6491645407        0.1774208741
        3.8400000000        0.0017684744     4676.8418188339        0.1947651038
        3.8500000000        0.0070280542     4712.6281773122        0.1916300777
        3.8600000000        0.0041052161     5770.5381844687        0.1684603071
        3.8700000000        0.0029938980     4693.8873527681        0.1855736210
        3.8800000000        0.0012432086     4637.7881668523        0.1729123198
        3.8900000000        0.0003766940     4820.2472718545        0.1980165634
        3.9000000000        0.0034759030     4775.7646620009        0.1909261939
        3.9100000000        0.0004106589     5190.4592022664        0.1769908019
        3.9200000000        0.0014102936     5000.7224478785        0.1866107720
        3.9300000000        0.0017314270     4557.2857709401        0.1856340820
        3.9400000000        0.0017359790     3317.7366685978        0.1707241077
        3.9500000000        0.0051318671     3842.1965404769        0.1804847337
        3.9600000000        0.0040101993     3895.6854828498        0.1536695890
        3.9700000000        0.0064710400     3637.8397395606        0.1836912778
        3.9800000000        0.0001547726     4583.1471662016        0.1742778791
        3.9900000000        0.0010501419     4264.5651633690        0.1899803356
        4.0000000000        0.0049003201     3385.2264962492        0.1598789624
        4.0100000000        0.0015461508     5039.9737932722        0.1878473414
        4.0200000000        0.0000137659     3591.1833596348        0.1743101031
        4.0300000000        0.0008894562     4492.4163344119        0.1618630441
        4.0400000000        0.0001575934     4331.6977181987        0.1721717374
        4.0500000000        0.0018141287     4107.3295166110        0.1595220247
        4.0600000000        0.0063106104     3984.4890874317        0.1713664172
        4.0700000000        0.0041312378     3996.9334325793        0.1670407349
        4.0800000000        0.0087097339     3634.8868861508        0.1717260081
        4.0900000000        0.0010997339     4153.5645854915        0.1578812467
        4.1000000000        0.0020201721     3525.6230197828        0.1529714336
        4.1100000000        0.0002969641     3670.2479139141        0.1386845982
        4.1200000000        0.0003842114     3640.9747072542        0.1610498621
        4.1300000000        0.0037936493     4245.4113494019        0.1572587747
        4.1400000000        0.0074458212     3670.5417584730        0.1671511145
        4.1500000000        0.0009687595     4111.8522508382        0.1577604641
        4.1600000000        0.0003493869     4623.0364621370        0.1532032758
        4.1700000000        0.0089861572     3700.5964692351        0.1465249882
        4.1800000000        0.0060137314     3250.8219761581        0.1497320592
        4.1900000000        0.0048273349     3674.3697067272        0.1450756433
        4.2000000000        0.0035208432     4112.9321873007        0.1464952997
        4.2100000000        0.0019505231     3671.1771927358        0.1435182722
        4.2200000000        0.0028935709     3967.0336926791        0.1363410062
        4.2300000000        0.0059022586     4068.6624584252        0.1582070391
        4.2400000000        0.0027513071     3812.2828239522        0.1404850453
        4.2500000000        0.0008727463     3988.2224131492        0.1548245434
        4.2600000000        0.0034612857     4134.2617329639        0.1505043240
        4.2700000000        0.0055693314     2965.0217702459        0.1403381135
        4.2800000000        0.0008709442     2942.3865622488        0.1617119853
        4.2900000000        0.0037447916     3569.5545723010        0.1398098179
        4.3000000000        0.0013427875     2697.9530017434        0.1508469498
        4.3100000000        0.0043858777     3393.8105031675        0.1472668784
        4.3200000000        0.0033229715     3216.7253453428        0.1521451002
        4.3300000000        0.0050006894     4094.4908588283        0.1332212041
        4.3400000000        0.0022397766     3227.6304643974        0.1273354605
        4.3500000000        0.0019108920     3250.1127674155        0.1364038959
        4.3600000000        0.0036847849     3532.6451739766        0.1231307952
        4.3700000000        0.0079205109     3264.0869236110        0.1296980586
        4.3800000000        0.0007014243     3116.8623697652        0.1353559293
        4.3900000000        0.0027323178     3068.7647686785        0.1256131424
        4.4000000000        0.0051659918     3596.3820036797        0.1147204012
        4.4100000000        0.0049999081     2946.2881663398        0.1279938302
        4.4200000000        0.0056550281     2948.2973376991        0.1380912171
        4.4300000000        0.0053267474     3141.7638331834        0.1282358577
        4.4400000000        0.0031638638     3183.1363185221        0.1375258913
        4.4500000000        0.0011762912     3060.3708973702        0.1245175164
        4.4600000000        0.0059276624     3343.7294955411        0.1093897646
        4.4700000000        0.0037826999     3041.0798779668        0.1294778987
        4.4800000000        0.0021240115     3254.5827200330        0.1341334830
        4.4900000000        0.0023334711     3217.0427383919        0.1336275874
        4.5000000000        0.0021553177     2496.6521762927        0.1389525527
        4.5100000000        0.0032904300     2839.2288319393        0.1246616327
        4.5200000000        0.0000407480     3178.2419370881        0.1507494087
        4.5300000000        0.0023448770     3296.5617945233        0.1173053766
        4.5400000000        0.0014671515     3411.8636983812        0.1162956360
        4.5500000000        0.0036236884     2797.7197118454        0.1197914115
        4.5600000000        0.0022615875     3088.2479534016        0.1284572401
        4.5700000000        0.0010142630     2701.6246163190        0.1058064899
        4.5800000000        0.0020582803     2618.0780056795        0.1164405887
        4.5900000000        0.0002626163     2404.1105398922        0.1113558495
        4.6000000000        0.0011699814     2733.1066559436        0.1165025967
        4.6100000000        0.0013647861     2847.5811554769        0.1186987292
        4.6200000000        0.0020590735     3073.8474933721        0.1146234892
        4.6300000000        0.0025660446     2828.0983235650        0.1223081996
        4.6400000000        0.0021766324     2705.0847375919        0.1193601979
        4.6500000000        0.0035252023     2939.5496399151        0.1142323471
        4.6600000000        0.0019633090     2284.1219779964        0.1080474522
        4.6700000000        0.0053369730     2395.7061937884        0.1189447810
        4.6800000000        0.0028165948     2191.0371143768        0.1184265680
        4.6900000000        0.0015960742     2698.7875548507        0.1180950346
        4.7000000000        0.0018336502     2685.7415490908        0.1137579691
        4.7100000000        0.0014593094     2503.6724147830        0.1096332810
        4.7200000000        0.0016245459     2744.3025626823        0.1201764139
        4.7300000000        0.0060170096     2015.3374917837        0.1081132332
        4.7400000000        0.0041846820     2647.2088220867        0.1050502514
        4.7500000000        0.0003300671     2534.2595395112        0.1116647831
        4.7600000000        0.0028496579     2532.7458463951        0.1125795763
        4.7700000000        0.0008878394     2848.0084891346        0.1058880525
        4.7800000000        0.0018767902     2634.3331901746        0.0960231661
        4.7900000000        0.0046317606     2208.2391521116        0.1076231205
        4.8000000000        0.0010549603     2810.1759944899        0.0961818477
        4.8100000000        0.0008326132     2118.2778597043        0.0996721039
        4.8200000000        0.0001163748     2536.8121601700        0.0964689299
        4.8300000000        0.0027624036     2309.1844850543        0.1062717207
        4.8400000000        0.0001651520     2639.0887372905        0.1079296281
        4.8500000000        0.0000070563     2205.1369772465        0.1033363635
        4.8600000000        0.0058141306     2290.9109770647        0.1129180774
        4.8700000000        0.0043470905     2484.5198748890        0.1049704750
        4.8800000000        0.0008977667     2116.9562938630        0.1187854004
        4.8900000000        0.0013912408     2190.0827978154        0.1136924104
        4.9000000000        0.0020243207     2481.4096447416        0.1099191387
        4.9100000000        0.0013208719     2871.4199574522        0.1016081966
        4.9200000000        0.0007492258     2475.4967728869        0.0988673818
        4.9300000000        0.0031637076     2229.8983360217        0.0980003776
        4.9400000000        0.0027063358     2533.2413298107        0.1077959045
        4.9500000000        0.0019551193     1841.7462547013        0.0946205932
        4.9600000000        0.0017089847     2118.6768598791        0.1004668337
        4.9700000000        0.0041664786     2649.0711544637        0.0937065275
        4.9800000000        0.0006649585     2429.0255605886        0.0943544173
        4.9900000000        0.0031798138     2140.6181049884        0.1006673321
        5.0000000000        0.0022861465     2629.6473096094        0.0939540780
