        2.2600000000        0.6415696564   148924.0099760077        2.0630663273
        2.2610000000        0.6375526886   152208.2887439033        2.0886523840
        2.2620000000        0.6318721619   156833.6254353928        2.1273792279
        2.2630000000        0.6258480530   163516.5090275558        2.1202614681
        2.2640000000        0.6216425629   166323.5912773838        2.1407663893
        2.2650000000        0.6177617645   174172.7307236045        2.2065933633
        2.2660000000        0.6147024536   173796.4095535914        2.1459546054
        2.2670000000        0.6115097504   175973.5962426098        2.1208096001
        2.2680000000        0.6072280121   182511.1773984772        2.1182859296
        2.2690000000        0.6009159241   189669.8944953108        2.1649050928
        2.2700000000        0.5939424286   202863.4486279583        2.1715904651
        2.2710000000        0.5879313049   203715.4230454028        2.2224267155
        2.2720000000        0.5846425781   210270.9318151413        2.2338044856
        2.2730000000        0.5789454193   214488.5014671399        2.2821169328
        2.2740000000        0.5749544678   216039.3578793975        2.2912867175
        2.2750000000        0.5741434326   213706.2156385717        2.2270706077
        2.2760000000        0.5686840057   222112.5398972553        2.2248822526
        2.2770000000        0.5565021362   236216.5117380054        2.2906582969
        2.2780000000        0.5547642517   235528.7010177177        2.2564779115
        2.2790000000        0.5527290955   237634.2410190252        2.3220770059
        2.2800000000        0.5486276550   233644.0582253225        2.2063323106
        2.2810000000        0.5434522858   239991.7988808349        2.2933491677
        2.2820000000        0.5322764893   251301.5142111090        2.2784606894
        2.2830000000        0.5322639313   243183.8450271009        2.2308756460
        2.2840000000        0.5296266785   247103.9346045248        2.1514026728
        2.2850000000        0.5161813354   261895.7384238239        2.3069828862
        2.2860000000        0.5088109589   268615.2233513359        2.2794313641
        2.2870000000        0.5062545166   271176.4747301054        2.3296220568
        2.2880000000        0.5051162109   265995.9529344410        2.1621845699
        2.2890000000        0.4969884949   270193.5788297225        2.1999257938
        2.2900000000        0.4883681488   272522.6835954135        2.2795760252
        2.2910000000        0.4805636292   278980.0278134482        2.2223477422
        2.2920000000        0.4791195984   285456.8086572801        2.2917761747
        2.2930000000        0.4725397644   281868.4153300197        2.2150079558
        2.2940000000        0.4650463715   284448.0483124444        2.2034855193
        2.2950000000        0.4592577972   282864.1802243995        2.2291104982
        2.2960000000        0.4565448608   287879.4565287192        2.1982392019
        2.2970000000        0.4548294525   286261.0912735891        2.1558949821
        2.2980000000        0.4459130249   283596.5820843946        2.0823533362
        2.2990000000        0.4401688538   294724.4071660988        2.2663447529
        2.3000000000        0.4309424133   287932.7971152115        2.1986589860
        2.3010000000        0.4271501617   281983.7590070068        2.2084238437
        2.3020000000        0.4262931519   286799.5091830753        2.0598497182
        2.3030000000        0.4125801849   293324.3697367826        2.1255484684
        2.3040000000        0.4100967255   283996.7804602722        2.0708928896
        2.3050000000        0.4078769379   285446.3556668103        1.9722694161
        2.3060000000        0.3967957001   286088.1816009721        1.9671039551
        2.3070000000        0.3928468628   280332.7712828084        1.9505757081
        2.3080000000        0.3928640137   283628.1565246972        2.0171124735
        2.3090000000        0.3880886078   280156.7947186539        1.9559274989
        2.3100000000        0.3812735138   282689.7455190061        2.0200803411
        2.3110000000        0.3825099335   276260.9465510730        1.9466640270
        2.3120000000        0.3747530365   270658.3299594769        1.9094891651
        2.3130000000        0.3681671143   270736.1340656081        1.8260654167
        2.3140000000        0.3645204926   266999.6158096360        1.8780360676
        2.3150000000        0.3556402435   270590.6405859870        1.8758313799
        2.3160000000        0.3505988464   264594.6495916389        1.8144131005
        2.3170000000        0.3530598602   264407.5245516148        1.8374852451
        2.3180000000        0.3468675079   261790.8261575836        1.8383021631
        2.3190000000        0.3412177429   258598.7979831765        1.7921992291
        2.3200000000        0.3358895416   260417.7989384958        1.8794698148
        2.3210000000        0.3295203094   260452.8887362523        1.9021159648
        2.3220000000        0.3269416656   260027.9446907291        1.8546632798
        2.3230000000        0.3223721619   251157.3967184078        1.7902146363
        2.3240000000        0.3194896088   245055.7999928724        1.8676816944
        2.3250000000        0.3148762817   242508.2447718018        1.7428827061
        2.3260000000        0.3109897614   247342.1292142079        1.7660601665
        2.3270000000        0.3072981415   236418.2898006409        1.6527917092
        2.3280000000        0.3009412994   235570.3196360868        1.6825899416
        2.3290000000        0.2986967010   231999.6505344157        1.6906870781
        2.3300000000        0.2969757233   233247.8842992214        1.6868099060
        2.3310000000        0.2965410919   231148.7594619925        1.6640158439
        2.3320000000        0.2917175446   233233.4117241093        1.6885306663
        2.3330000000        0.2847530670   221220.8700725184        1.6913258882
        2.3340000000        0.2838245697   225494.6915693812        1.6905424119
        2.3350000000        0.2832070770   218637.1210333905        1.5422584032
        2.3360000000        0.2771865387   212455.4282831755        1.5727542030
        2.3370000000        0.2755800629   214561.5439863063        1.5354255914
        2.3380000000        0.2749132843   210415.3019105396        1.6164231134
        2.3390000000        0.2664720917   210836.4582700532        1.5910388739
        2.3400000000        0.2674711151   202850.1578022026        1.5150298142
