# lattice size: 64 * 64
# algorithm: Wolff
# warming-up steps: 200
# evolution steps: 2000
        0.0100000000        1.0000000000        0.0000000000        0.0000000000
        0.0200000000        1.0000000000        0.0000000000        0.0000000000
        0.0300000000        1.0000000000        0.0000000000        0.0000000000
        0.0400000000        1.0000000000        0.0000000000        0.0000000000
        0.0500000000        1.0000000000        0.0000000000        0.0000000000
        0.0600000000        1.0000000000        0.0000000000        0.0000000000
        0.0700000000        1.0000000000        0.0000000000        0.0000000000
        0.0800000000        1.0000000000        0.0000000000        0.0000000000
        0.0900000000        1.0000000000        0.0000000000        0.0000000000
        0.1000000000        1.0000000000        0.0000000000        0.0000000000
        0.1100000000        1.0000000000        0.0000000000        0.0000000000
        0.1200000000        1.0000000000        0.0000000000        0.0000000000
        0.1300000000        1.0000000000        0.0000000000        0.0000000000
        0.1400000000        1.0000000000        0.0000000000        0.0000000000
        0.1500000000        1.0000000000        0.0000000000        0.0000000000
        0.1600000000        1.0000000000        0.0000000000        0.0000000000
        0.1700000000        1.0000000000        0.0000000000        0.0000000000
        0.1800000000        1.0000000000        0.0000000000        0.0000000000
        0.1900000000        1.0000000000        0.0000000000        0.0000000000
        0.2000000000        1.0000000000        0.0000000000        0.0000000000
        0.2100000000        1.0000000000        0.0000000000        0.0000000000
        0.2200000000        1.0000000000        0.0000000000        0.0000000000
        0.2300000000        1.0000000000        0.0000000000        0.0000000000
        0.2400000000        1.0000000000        0.0000000000        0.0000000000
        0.2500000000        1.0000000000        0.0000000000        0.0000000000
        0.2600000000        1.0000000000        0.0000000000        0.0000000000
        0.2700000000        1.0000000000        0.0000000000        0.0000000000
        0.2800000000        1.0000000000        0.0000000000        0.0000000000
        0.2900000000        1.0000000000        0.0000000000        0.0000000000
        0.3000000000        1.0000000000        0.0000000000        0.0000000000
        0.3100000000        1.0000000000        0.0000000000        0.0000000000
        0.3200000000        1.0000000000        0.0000000000        0.0000000000
        0.3300000000        1.0000000000        0.0000000000        0.0000000000
        0.3400000000        1.0000000000        0.0000000000        0.0000000000
        0.3500000000        1.0000000000        0.0000000000        0.0000000000
        0.3600000000        1.0000000000        0.0000000000        0.0000000000
        0.3700000000        1.0000000000        0.0000000000        0.0000000000
        0.3800000000        1.0000000000        0.0000000000        0.0000000000
        0.3900000000        1.0000000000        0.0000000000        0.0000000000
        0.4000000000        1.0000000000        0.0000000000        0.0000000000
        0.4100000000        1.0000000000        0.0000000000        0.0000000000
        0.4200000000        1.0000000000        0.0000000000        0.0000000000
        0.4300000000        0.9999999847        0.0002906853        0.0000026407
        0.4400000000        0.9999999847        0.0002840788        0.0000025220
        0.4500000000        0.9999999847        0.0002777659        0.0000024112
        0.4600000000        0.9999999390        0.0010868211        0.0000092291
        0.4700000000        0.9999999695        0.0005318843        0.0000044206
        0.4800000000        0.9999999084        0.0015622121        0.0000127133
        0.4900000000        0.9999998016        0.0033149800        0.0000264268
        0.5000000000        0.9999998627        0.0022493638        0.0000175732
        0.5100000000        0.9999997101        0.0046540965        0.0000356472
        0.5200000000        0.9999997559        0.0038442345        0.0000288779
        0.5300000000        0.9999994659        0.0082456911        0.0000607731
        0.5400000000        0.9999992828        0.0113266106        0.0000790065
        0.5500000000        0.9999990387        0.0142899935        0.0001014914
        0.5600000000        0.9999983826        0.0235823382        0.0001644973
        0.5700000000        0.9999983978        0.0229507652        0.0001572832
        0.5800000000        0.9999981995        0.0257682922        0.0001710125
        0.5900000000        0.9999973907        0.0364589458        0.0002413860
        0.6000000000        0.9999968109        0.0440906206        0.0002823188
        0.6100000000        0.9999960785        0.0534704841        0.0003378366
        0.6200000000        0.9999953003        0.0623055433        0.0003925501
        0.6300000000        0.9999939423        0.0793799019        0.0004900492
        0.6400000000        0.9999923248        0.0994323171        0.0006006843
        0.6500000000        0.9999906006        0.1204119250        0.0007136280
        0.6600000000        0.9999883881        0.1471406159        0.0008631206
        0.6700000000        0.9999868622        0.1630286756        0.0009381601
        0.6800000000        0.9999843445        0.1899087966        0.0010818576
        0.6900000000        0.9999814911        0.2215615460        0.0012420196
        0.7000000000        0.9999778748        0.2632672978        0.0014555354
        0.7100000000        0.9999733276        0.3078372362        0.0016805089
        0.7200000000        0.9999688721        0.3638802096        0.0019382889
        0.7300000000        0.9999651184        0.3932694968        0.0020736326
        0.7400000000        0.9999598236        0.4558029509        0.0023511779
        0.7500000000        0.9999531097        0.5193159928        0.0026559162
        0.7600000000        0.9999434814        0.6271812501        0.0031595202
        0.7700000000        0.9999385071        0.6689077703        0.0033192045
        0.7800000000        0.9999288330        0.7625355767        0.0037396973
        0.7900000000        0.9999168701        0.8943794272        0.0043276558
        0.8000000000        0.9999075165        0.9720326122        0.0046125839
        0.8100000000        0.9998931122        1.1243150788        0.0052902995
        0.8200000000        0.9998799591        1.2227053686        0.0056538442
        0.8300000000        0.9998662872        1.3700763886        0.0062642575
        0.8400000000        0.9998503723        1.5001597992        0.0067892018
        0.8500000000        0.9998309326        1.6981691188        0.0075343200
        0.8600000000        0.9998144379        1.8205581341        0.0080033540
        0.8700000000        0.9997881165        2.0681528546        0.0089824650
        0.8800000000        0.9997655640        2.2760453846        0.0097255233
        0.8900000000        0.9997352600        2.5184054597        0.0106057175
        0.9000000000        0.9997127686        2.7642752768        0.0114477999
        0.9100000000        0.9996795654        3.0165865383        0.0123804629
        0.9200000000        0.9996462097        3.2826486246        0.0132390050
        0.9300000000        0.9996088409        3.6606131362        0.0146251211
        0.9400000000        0.9995756073        3.9517496296        0.0155130071
        0.9500000000        0.9995333099        4.2576882184        0.0164836804
        0.9600000000        0.9994897614        4.5443085895        0.0174198453
        0.9700000000        0.9994400940        5.0857537224        0.0192302938
        0.9800000000        0.9993905945        5.4774081468        0.0203926308
        0.9900000000        0.9993343201        5.9240061677        0.0218887614
        1.0000000000        0.9992769775        6.3642677497        0.0232455284
        1.0100000000        0.9992131958        6.8580519168        0.0247014812
        1.0200000000        0.9991429901        7.4836579937        0.0265143817
        1.0300000000        0.9990757141        8.0664082367        0.0282186426
        1.0400000000        0.9990044250        8.5893610421        0.0297329549
        1.0500000000        0.9989203644        9.4065549668        0.0319034595
        1.0600000000        0.9988357239        9.9264917315        0.0332792146
        1.0700000000        0.9987506561       10.5511568017        0.0350093283
        1.0800000000        0.9986477203       11.4500429361        0.0374131630
        1.0900000000        0.9985544586       12.0379579108        0.0389214128
        1.1000000000        0.9984495697       13.0193008466        0.0415904875
        1.1100000000        0.9983351135       13.9958329818        0.0441332155
        1.1200000000        0.9982265930       14.5853749859        0.0452364035
        1.1300000000        0.9980985260       15.8691294755        0.0484969269
        1.1400000000        0.9979490204       17.2738810005        0.0520003018
        1.1500000000        0.9978235474       18.0008542943        0.0537133089
        1.1600000000        0.9976856384       19.3167757403        0.0565976065
        1.1700000000        0.9975418091       19.8461738773        0.0575926040
        1.1800000000        0.9973712158       21.3304608050        0.0609880989
        1.1900000000        0.9972093811       22.5508633265        0.0639897526
        1.2000000000        0.9970207062       24.2906998657        0.0675882870
        1.2100000000        0.9968341522       25.3598607646        0.0697018668
        1.2200000000        0.9966446533       27.0100063537        0.0733918713
        1.2300000000        0.9964607391       28.8085791381        0.0768608813
        1.2400000000        0.9962477112       30.5655742830        0.0807934597
        1.2500000000        0.9960272064       31.6312677458        0.0824807992
        1.2600000000        0.9957907867       33.9813088274        0.0869915977
        1.2700000000        0.9955549622       35.3745690818        0.0899384100
        1.2800000000        0.9953126221       37.6124607443        0.0933513697
        1.2900000000        0.9950391235       39.8591162319        0.0980970773
        1.3000000000        0.9947842255       41.6470311281        0.1012300800
        1.3100000000        0.9944910889       44.7651448468        0.1071058252
        1.3200000000        0.9942090607       45.4471968961        0.1076574986
        1.3300000000        0.9938899384       48.9547226228        0.1136970081
        1.3400000000        0.9935479584       52.0673994837        0.1190804219
        1.3500000000        0.9932332306       54.1006363142        0.1224975725
        1.3600000000        0.9928873596       56.7953758161        0.1266396260
        1.3700000000        0.9925423126       59.7248231951        0.1297130614
        1.3800000000        0.9921648560       62.3299981427        0.1344892496
        1.3900000000        0.9917755890       66.6852685911        0.1413173459
        1.4000000000        0.9913803558       67.9727326759        0.1416672419
        1.4100000000        0.9909644318       73.2839759941        0.1505421613
        1.4200000000        0.9905363922       77.0517967418        0.1555109845
        1.4300000000        0.9900909576       80.6813232041        0.1606942756
        1.4400000000        0.9896245117       83.7272541675        0.1636783832
        1.4500000000        0.9891502380       87.9485169734        0.1694073034
        1.4600000000        0.9886831970       92.2535612057        0.1749010015
        1.4700000000        0.9881359253       98.4076036977        0.1837920462
        1.4800000000        0.9876014557      101.5836370329        0.1869361267
        1.4900000000        0.9870849762      104.0895889232        0.1889123261
        1.5000000000        0.9864739990      111.7943291677        0.1969786850
        1.5100000000        0.9859435272      116.1685533291        0.2039670030
        1.5200000000        0.9852507324      121.2331782904        0.2085040105
        1.5300000000        0.9846662750      128.5458999156        0.2176963198
        1.5400000000        0.9840333862      135.1234411930        0.2229270520
        1.5500000000        0.9833478088      137.6864487798        0.2247374819
        1.5600000000        0.9826347809      147.1936743563        0.2358496100
        1.5700000000        0.9819302368      155.8121407250        0.2446009233
        1.5800000000        0.9811691895      162.5211006325        0.2498421447
        1.5900000000        0.9804143372      170.5785073797        0.2575559064
        1.6000000000        0.9795744781      178.6120399204        0.2642184928
        1.6100000000        0.9787981873      183.8495236712        0.2663168524
        1.6200000000        0.9780014496      192.9494603376        0.2757787566
        1.6300000000        0.9770728455      204.4791916305        0.2855682450
        1.6400000000        0.9761808777      212.7392623392        0.2935132419
        1.6500000000        0.9752552338      223.0504760203        0.3000411119
        1.6600000000        0.9742023315      234.2720044799        0.3067131979
        1.6700000000        0.9732537231      244.2799206210        0.3158634794
        1.6800000000        0.9722636261      253.6264035507        0.3184192972
        1.6900000000        0.9711276855      271.4910526622        0.3346354271
        1.7000000000        0.9700544739      284.4353030797        0.3431831955
        1.7100000000        0.9689490814      296.3686764229        0.3502495442
        1.7200000000        0.9677628326      314.8985396421        0.3647852943
        1.7300000000        0.9665886688      325.3724484613        0.3692783057
        1.7400000000        0.9653243103      347.4205458965        0.3832639586
        1.7500000000        0.9640648346      360.5891334617        0.3858313236
        1.7600000000        0.9626798859      379.3973195113        0.3959485366
        1.7700000000        0.9613415222      402.6770557819        0.4116738606
        1.7800000000        0.9598805542      416.6827777725        0.4145737508
        1.7900000000        0.9583259888      451.2638488483        0.4329695704
        1.8000000000        0.9568682556      469.4426538102        0.4429711608
        1.8100000000        0.9553094482      491.6488915744        0.4495880504
        1.8200000000        0.9536599731      524.5145183732        0.4709978728
        1.8300000000        0.9519243774      551.3549098022        0.4736121056
        1.8400000000        0.9502320099      573.5818104090        0.4801111831
        1.8500000000        0.9483655090      602.5308641801        0.4910115823
        1.8600000000        0.9465849152      640.6277610019        0.5067175486
        1.8700000000        0.9445675964      671.6193241899        0.5136697506
        1.8800000000        0.9425958099      731.5950679821        0.5378425884
        1.8900000000        0.9404803772      768.9307628889        0.5515106791
        1.9000000000        0.9383911591      814.9215822187        0.5658482020
        1.9100000000        0.9360663147      859.0990638009        0.5790005681
        1.9200000000        0.9337051392      906.4117635076        0.5875587339
        1.9300000000        0.9313080902      968.6550055674        0.6052305205
        1.9400000000        0.9286644745     1056.1471165724        0.6259554857
        1.9500000000        0.9261658325     1110.4081217629        0.6283960621
        1.9600000000        0.9233994446     1205.1428076440        0.6510249579
        1.9700000000        0.9205033569     1273.9209476839        0.6663631439
        1.9800000000        0.9175052795     1384.4451628089        0.6975591746
        1.9900000000        0.9144381104     1468.4006370604        0.7110574757
        2.0000000000        0.9111201630     1582.9972202322        0.7247448976
        2.0100000000        0.9078847656     1710.5607383092        0.7421904753
        2.0200000000        0.9043256683     1818.5347602693        0.7572308749
        2.0300000000        0.9008031464     2056.8119857892        0.7938246732
        2.0400000000        0.8970066071     2171.4360473641        0.8114199474
        2.0500000000        0.8927344818     2343.5698608818        0.8217866785
        2.0600000000        0.8881977997     2648.5396792307        0.8595423870
        2.0700000000        0.8837812500     2866.5937082131        0.8790888048
        2.0800000000        0.8792172852     3156.7075355766        0.9036452466
        2.0900000000        0.8743207092     3596.4842772049        0.9517729002
        2.1000000000        0.8687199402     3994.2123048726        0.9688615415
        2.1100000000        0.8633988953     4352.1071310354        0.9900312352
        2.1200000000        0.8567680359     5056.6709417375        1.0331804079
        2.1300000000        0.8501076355     5803.9346616121        1.0728392158
        2.1400000000        0.8432956390     6530.7765520422        1.1011717920
        2.1500000000        0.8359731903     7124.1608159140        1.1235893589
        2.1600000000        0.8273527527     8922.0162686271        1.1804171688
        2.1700000000        0.8175484161    11120.6362982259        1.2585501625
        2.1800000000        0.8081557159    12747.0815441358        1.2727638020
        2.1900000000        0.7976140594    15879.3037720739        1.3457596992
        2.2000000000        0.7840453033    20228.7440425268        1.4118452459
        2.2100000000        0.7716373444    25674.5312418250        1.4848417901
        2.2200000000        0.7519931183    39224.6292975069        1.6481582116
        2.2300000000        0.7331960449    50451.0665959650        1.6564986803
        2.2400000000        0.7051363678    78059.0729745239        1.9174636181
        2.2500000000        0.6784891357   103605.0358345556        1.9755981255
        2.2600000000        0.6390435181   153373.1537632474        2.1338576389
        2.2700000000        0.5961108704   193339.6110936060        2.1942119194
        2.2800000000        0.5454177704   237801.9960097982        2.1992903084
        2.2900000000        0.4906891479   277728.9324945146        2.2533563692
        2.3000000000        0.4391807404   292478.4403766971        2.1367585825
        2.3100000000        0.3863659058   276848.0143949952        1.9235234754
        2.3200000000        0.3399793396   255918.7032580220        1.7653843628
        2.3300000000        0.2960100555   230030.8885642023        1.7023866274
        2.3400000000        0.2616189117   200693.0349979157        1.6140693977
        2.3500000000        0.2353821716   174306.4400132385        1.4113183359
        2.3600000000        0.2149359894   152175.0682765745        1.3611250221
        2.3700000000        0.1958667908   133101.2710537385        1.3215342221
        2.3800000000        0.1844062500   118050.1040613449        1.2319914527
        2.3900000000        0.1697894897   104252.6647342837        1.2183192860
        2.4000000000        0.1579432373    90193.8536832294        1.0891701129
        2.4100000000        0.1495924225    81713.0897939561        1.0157979562
        2.4200000000        0.1420125885    73966.6814017806        1.0505700544
        2.4300000000        0.1353523560    68527.2180614972        1.0235763583
        2.4400000000        0.1266802673    56995.0120550655        0.9978530620
        2.4500000000        0.1212554474    52742.6590682256        0.9405011555
        2.4600000000        0.1116495667    46228.8950197601        0.8557047805
        2.4700000000        0.1127768707    48830.9196466585        0.9936864941
        2.4800000000        0.1072144318    43061.3155871584        0.8689612638
        2.4900000000        0.1014953613    37604.9321787150        0.8844828212
        2.5000000000        0.0972595673    34705.7698437361        0.8599534467
        2.5100000000        0.0952550964    33587.3585921254        0.8796890243
        2.5200000000        0.0908716125    30641.2115466209        0.8492397426
        2.5300000000        0.0902079163    29940.0594090354        0.8446388064
        2.5400000000        0.0863099060    27085.4620988621        0.8375206323
        2.5500000000        0.0844416504    26908.0886749021        0.7501065409
        2.5600000000        0.0833031311    25675.1170145936        0.6942761923
        2.5700000000        0.0813315277    23922.9134477612        0.7668273502
        2.5800000000        0.0766082306    22008.7451120262        0.6571014086
        2.5900000000        0.0774626312    21503.7788289078        0.6765431160
        2.6000000000        0.0759859467    21231.1887105996        0.7343545789
        2.6100000000        0.0747037354    20585.9082635058        0.6417437361
        2.6200000000        0.0714148560    18718.9517242129        0.6780045081
        2.6300000000        0.0689619598    17358.0364735609        0.6689442977
        2.6400000000        0.0684365845    16204.8541613400        0.5943308964
        2.6500000000        0.0683099518    16376.5458090788        0.6693055329
        2.6600000000        0.0645863342    14758.6481366013        0.6724480918
        2.6700000000        0.0652794189    15471.3666328652        0.6105123824
        2.6800000000        0.0643764954    14563.4125867480        0.6890249802
        2.6900000000        0.0598003998    12469.4353853378        0.5958360147
        2.7000000000        0.0608646545    12767.0448230961        0.5583138701
        2.7100000000        0.0605891418    12411.4301762858        0.5477163237
        2.7200000000        0.0591578064    12132.1479475587        0.5653882652
        2.7300000000        0.0590502319    12137.9379248856        0.6066316155
        2.7400000000        0.0561642761    11313.8316099396        0.4874011963
        2.7500000000        0.0569980469    10876.5222560001        0.4920101458
        2.7600000000        0.0562594147    10920.8017347586        0.5159974115
        2.7700000000        0.0548761292    10617.9150002200        0.4929538055
        2.7800000000        0.0524576721     8477.9561011185        0.6038250519
        2.7900000000        0.0508995514     8737.3244889547        0.5493972856
        2.8000000000        0.0527140045     9174.6813082799        0.4875586434
        2.8100000000        0.0516839752     8625.8785254657        0.5555184136
        2.8200000000        0.0508528900     8353.5471700120        0.5304260678
        2.8300000000        0.0516875916     9719.9612268055        0.4652923310
        2.8400000000        0.0477143250     7624.1632096776        0.4292121622
        2.8500000000        0.0500475769     7948.6907802577        0.5521964120
        2.8600000000        0.0481196747     7660.4906850402        0.4702159025
        2.8700000000        0.0495733643     8233.4274368467        0.4651106815
        2.8800000000        0.0463053894     7670.9686728245        0.4700212621
        2.8900000000        0.0496858215     8166.7994646140        0.5594116450
        2.9000000000        0.0460392456     7107.7571067026        0.4224194624
        2.9100000000        0.0457319336     7042.7236687286        0.4403120953
        2.9200000000        0.0449316711     6299.7174280769        0.4643335277
        2.9300000000        0.0425914154     5935.1995261292        0.4490232759
        2.9400000000        0.0437471619     6191.4773009726        0.3709620436
        2.9500000000        0.0422786560     6252.4162512236        0.4026101161
        2.9600000000        0.0429777374     5813.6631823784        0.3839247261
        2.9700000000        0.0421927643     5722.6865017033        0.3651024821
        2.9800000000        0.0427170105     5624.3836514210        0.3910280657
        2.9900000000        0.0388997040     5183.3654635752        0.3745857478
        3.0000000000        0.0433559265     5813.8561668282        0.4263084577
        3.0100000000        0.0411764374     5616.9214304908        0.4168439740
        3.0200000000        0.0405361023     5085.2447725114        0.4151494058
        3.0300000000        0.0403850708     4925.8193572401        0.3829842657
        3.0400000000        0.0407623291     4906.7117084704        0.4253667903
        3.0500000000        0.0398174744     4549.1490874949        0.3946301933
        3.0600000000        0.0405706787     4919.7246711602        0.3744346797
        3.0700000000        0.0436352386     5794.5816176698        0.4526792107
        3.0800000000        0.0409453125     5108.3933623377        0.4819453898
        3.0900000000        0.0421931610     5185.8916625696        0.3419214401
        3.1000000000        0.0410010071     5521.2418274144        0.3354556291
        3.1100000000        0.0372787170     4431.7534997940        0.3870696248
        3.1200000000        0.0406464386     5191.4796198606        0.4026952573
        3.1300000000        0.0386751862     4196.8241504980        0.3522455913
        3.1400000000        0.0387056274     4575.2782760948        0.3360994109
        3.1500000000        0.0387818451     4298.9329781139        0.3401598797
        3.1600000000        0.0384831238     4618.6704201691        0.3300188590
        3.1700000000        0.0356223145     3912.2365832808        0.3334625180
        3.1800000000        0.0361704254     4358.2699338825        0.3120950294
        3.1900000000        0.0363193665     4560.9802078321        0.3793288762
        3.2000000000        0.0366317749     3833.2386987305        0.2987385338
        3.2100000000        0.0348434143     3697.9623296291        0.3331815567
        3.2200000000        0.0348326416     3487.7116614131        0.3512902657
        3.2300000000        0.0345181580     3244.4148496469        0.2892431372
        3.2400000000        0.0380793610     4064.5915584479        0.2991175780
        3.2500000000        0.0351651154     3479.2027096623        0.3537143590
        3.2600000000        0.0367615051     3835.0414819738        0.2680472193
        3.2700000000        0.0349122772     4119.0601680512        0.2843775886
        3.2800000000        0.0330795135     3429.2600678818        0.2843774480
        3.2900000000        0.0314418640     2928.2089363175        0.3624723682
        3.3000000000        0.0353381195     3507.6383918549        0.2995828167
        3.3100000000        0.0347482605     3263.0012360225        0.2352799450
        3.3200000000        0.0323184357     3019.8583626212        0.2668931624
        3.3300000000        0.0355037231     3672.4405734047        0.2521401265
        3.3400000000        0.0320800018     3056.3194610486        0.2122902399
        3.3500000000        0.0321401215     3052.3934372377        0.2449479254
        3.3600000000        0.0326117249     3124.7141664760        0.2718532275
        3.3700000000        0.0327680969     2969.7990123099        0.2827108080
        3.3800000000        0.0320244904     2815.7493515983        0.2986770642
        3.3900000000        0.0328147125     3212.9769300505        0.2818577322
        3.4000000000        0.0345300140     3153.2470821680        0.2065516487
        3.4100000000        0.0305250702     2639.6209848321        0.2736749608
        3.4200000000        0.0326257629     3097.7930895422        0.1997175067
        3.4300000000        0.0312150574     2723.5168411762        0.2894390725
        3.4400000000        0.0304543610     2431.2446806312        0.2523418654
        3.4500000000        0.0315210724     2853.0269075804        0.2651850154
        3.4600000000        0.0322424622     2729.5985574377        0.2791843590
        3.4700000000        0.0335025177     3524.3414359229        0.2615611570
        3.4800000000        0.0285188599     2215.8367455280        0.2322863943
        3.4900000000        0.0292180023     2268.9174801207        0.1932924458
        3.5000000000        0.0314851685     2761.9309712679        0.2585418016
        3.5100000000        0.0327518463     2861.9073087774        0.2703771200
        3.5200000000        0.0303057404     2308.0926472734        0.2727590470
        3.5300000000        0.0278037109     2273.1305365439        0.1969100455
        3.5400000000        0.0297105713     2300.7286496469        0.2711862607
        3.5500000000        0.0306868896     2634.5481148592        0.1770850130
        3.5600000000        0.0318548889     2573.3974366178        0.2301004306
        3.5700000000        0.0306714020     2424.2335493687        0.2094177528
        3.5800000000        0.0305292053     2689.6854697931        0.2052563646
        3.5900000000        0.0307938385     2651.6440296124        0.2149522900
        3.6000000000        0.0286045685     2338.2531253896        0.2238793036
        3.6100000000        0.0279654236     2226.8868350026        0.1891465669
        3.6200000000        0.0289282990     2434.6707786333        0.2049444584
        3.6300000000        0.0271048279     1967.5627529227        0.1873202230
        3.6400000000        0.0278750153     2121.6146640099        0.2074813216
        3.6500000000        0.0263498383     1936.4020753757        0.2461060267
        3.6600000000        0.0298437653     2074.3938510918        0.2078564625
        3.6700000000        0.0319048157     2280.0200151184        0.2004634554
        3.6800000000        0.0268566284     1982.8241107167        0.1944371275
        3.6900000000        0.0305651855     2350.2554810298        0.1990237602
        3.7000000000        0.0294111938     1965.0308086318        0.1993065177
        3.7100000000        0.0290328369     2273.4717271564        0.1841425309
        3.7200000000        0.0269241028     1900.6419942835        0.1635855669
        3.7300000000        0.0282422333     1933.3501595080        0.2256218054
        3.7400000000        0.0293172913     2077.1657772351        0.2290134630
        3.7500000000        0.0280527191     2312.1311391990        0.1974055093
        3.7600000000        0.0257974701     1682.8858673028        0.2149499602
        3.7700000000        0.0271087646     1863.3700513926        0.1869683158
        3.7800000000        0.0279451294     2149.8972617560        0.1663909673
        3.7900000000        0.0277778778     1937.0977372599        0.2707878909
        3.8000000000        0.0262438507     1820.4595817342        0.1570539583
        3.8100000000        0.0244294739     1508.0616181718        0.2467586225
        3.8200000000        0.0270057068     1796.3441265993        0.2032446210
        3.8300000000        0.0285695038     1930.6503451769        0.2365691537
        3.8400000000        0.0260755157     1658.8360278066        0.1717363538
        3.8500000000        0.0285880280     2194.9353053724        0.1825752323
        3.8600000000        0.0278109131     1955.3940460492        0.1612843456
        3.8700000000        0.0269726868     1811.4894005128        0.1811155712
        3.8800000000        0.0266744843     1541.0777270045        0.1801773495
        3.8900000000        0.0291078949     2334.0076998062        0.2107565099
        3.9000000000        0.0260454712     1739.4933422917        0.1283021917
        3.9100000000        0.0254873047     1704.3182695652        0.1825564673
        3.9200000000        0.0283436737     1763.5179767608        0.2065564556
        3.9300000000        0.0258851776     1614.9786170871        0.1813730022
        3.9400000000        0.0264041748     1755.6026136422        0.1998482050
        3.9500000000        0.0274017181     1812.3589236541        0.1800208030
        3.9600000000        0.0268978424     1787.4244952168        0.1954931497
        3.9700000000        0.0248695221     1610.2464235664        0.1956244564
        3.9800000000        0.0264264221     1704.7368424898        0.1956345199
        3.9900000000        0.0240785828     1472.8079650337        0.1722404733
        4.0000000000        0.0242631989     1367.9543820615        0.1452053718
        4.0100000000        0.0271440735     1848.3300076021        0.1677150654
        4.0200000000        0.0234507294     1450.3147857500        0.1978489583
        4.0300000000        0.0269414520     1961.0464860955        0.1423897209
        4.0400000000        0.0265501556     1499.3742496123        0.1478260241
        4.0500000000        0.0262260590     1602.4094367274        0.1501749373
        4.0600000000        0.0262682648     1624.5877335197        0.1701736667
        4.0700000000        0.0270306854     1506.9329360325        0.1637709606
        4.0800000000        0.0253440857     1557.5604563994        0.1088729797
        4.0900000000        0.0247723694     1550.1387718483        0.1737594167
        4.1000000000        0.0249936371     1443.1253160356        0.1535226140
        4.1100000000        0.0239562073     1293.4925106106        0.2065692803
        4.1200000000        0.0248750000     1451.3086665049        0.1530483106
        4.1300000000        0.0271452789     1590.4268178259        0.1690490587
        4.1400000000        0.0253103790     1489.6149370839        0.1610481285
        4.1500000000        0.0259217834     1466.6597363517        0.1397208307
        4.1600000000        0.0204661102     1017.8514298293        0.1217145403
        4.1700000000        0.0226416931     1288.2612937313        0.1724934130
        4.1800000000        0.0259006348     1512.2692174641        0.1321131612
        4.1900000000        0.0240801697     1350.0893441192        0.1551905258
        4.2000000000        0.0251575928     1497.4633166072        0.1145371980
        4.2100000000        0.0238085937     1453.2281710214        0.1542049547
        4.2200000000        0.0268021545     1646.9683797060        0.1720621806
        4.2300000000        0.0264167786     1539.4523026559        0.1299885997
        4.2400000000        0.0239783478     1327.3089069640        0.1320680657
        4.2500000000        0.0236654816     1136.9017927564        0.1250133275
        4.2600000000        0.0235641479     1320.7013846098        0.1107944253
        4.2700000000        0.0238063354     1224.1841649737        0.1206519199
        4.2800000000        0.0271957245     1438.4183434936        0.1174277787
        4.2900000000        0.0232337494     1174.2999721291        0.1219451409
        4.3000000000        0.0204960327     1030.8060864971        0.1301939343
        4.3100000000        0.0207822723      935.4530342146        0.1768117720
        4.3200000000        0.0241130066     1311.5022922996        0.1520590835
        4.3300000000        0.0252440033     1363.5251038530        0.1334807616
        4.3400000000        0.0227238922     1124.4792192099        0.1301924145
        4.3500000000        0.0244754181     1259.3190728799        0.1199505150
        4.3600000000        0.0212677460     1135.3973742035        0.1132198250
        4.3700000000        0.0206280212      969.0166056887        0.1148208207
        4.3800000000        0.0260228271     1553.4346437786        0.1651911075
        4.3900000000        0.0235353699     1248.2804212379        0.1359847389
        4.4000000000        0.0241045074     1248.7826044309        0.1152579440
        4.4100000000        0.0227971344     1087.5002435082        0.1061226084
        4.4200000000        0.0229076996     1081.0000460964        0.1249421808
        4.4300000000        0.0224851074      996.4958124154        0.1334634119
        4.4400000000        0.0220631104      941.6171688626        0.1365939570
        4.4500000000        0.0246541748     1323.8760062360        0.1710101492
        4.4600000000        0.0212334747      893.6970814804        0.1118943385
        4.4700000000        0.0226229248     1134.5569950224        0.1493824250
        4.4800000000        0.0228315887     1045.1576410078        0.1248403343
        4.4900000000        0.0223406219     1141.7806260222        0.1113642667
        4.5000000000        0.0219811707      908.0250630521        0.1115650785
        4.5100000000        0.0233621979     1018.1673484055        0.1191075954
        4.5200000000        0.0231632996      954.8707611138        0.0947175667
        4.5300000000        0.0226733398     1163.7384326711        0.0880010846
        4.5400000000        0.0215616913      942.4771660853        0.1124546577
        4.5500000000        0.0254964905     1433.5812020570        0.0986862775
        4.5600000000        0.0230610046     1086.8023246676        0.0880074488
        4.5700000000        0.0223682404     1039.1132302850        0.1301134780
        4.5800000000        0.0230406799     1241.1914096309        0.1248442599
        4.5900000000        0.0241507721     1360.9741497949        0.1453838756
        4.6000000000        0.0235393982     1067.4426735021        0.1124951192
        4.6100000000        0.0213209229      871.5744077549        0.1198108363
        4.6200000000        0.0233341827     1167.0849106796        0.1247451164
        4.6300000000        0.0253408661     1276.5964007484        0.1177070918
        4.6400000000        0.0204790192      946.7513934798        0.1021345689
        4.6500000000        0.0247448120     1212.4761080511        0.1250377294
        4.6600000000        0.0225052795     1122.5421700342        0.1380021511
        4.6700000000        0.0234784241     1083.3740153875        0.1137266017
        4.6800000000        0.0212204437      933.7434677075        0.1259687318
        4.6900000000        0.0219003448      944.2629313358        0.0744904910
        4.7000000000        0.0219380646     1026.6453297133        0.1157591835
        4.7100000000        0.0214021454      921.3093805393        0.1309125254
        4.7200000000        0.0226051636     1016.8557233978        0.0937186276
        4.7300000000        0.0229690857      942.4493399809        0.0728264471
        4.7400000000        0.0194458008      779.0022679325        0.1230212939
        4.7500000000        0.0234787903      941.8169256283        0.1293256253
        4.7600000000        0.0252322693     1104.2593036995        0.0904394766
        4.7700000000        0.0193578491      828.2286781840        0.0994283749
        4.7800000000        0.0210893555     1073.6529970711        0.1024060921
        4.7900000000        0.0192159271      700.0216578932        0.0909813243
        4.8000000000        0.0211959534      897.4912193978        0.0975669871
        4.8100000000        0.0210238953      785.5054121589        0.1110368923
        4.8200000000        0.0199497833      826.5962152806        0.1005276028
        4.8300000000        0.0207437134      880.7181906703        0.1089211156
        4.8400000000        0.0203736725      840.1321783954        0.0823570410
        4.8500000000        0.0208047943      828.5531247028        0.1256363036
        4.8600000000        0.0279997253     1540.8032310153        0.1149405752
        4.8700000000        0.0214507751      854.3444680409        0.0660541935
        4.8800000000        0.0218618469      897.2885753042        0.0858896736
        4.8900000000        0.0229665985      995.0266988425        0.1247012328
        4.9000000000        0.0211158752      954.8897524713        0.1008533659
        4.9100000000        0.0217292480      865.5314645621        0.1027105130
        4.9200000000        0.0205960541      915.4173755963        0.1205277597
        4.9300000000        0.0204316406      764.8063703854        0.0852652231
        4.9400000000        0.0200775299      689.4008985949        0.0999962468
        4.9500000000        0.0213167572      884.9188902896        0.1239573546
        4.9600000000        0.0231476135      951.1095041551        0.1148367969
        4.9700000000        0.0209224396      883.1505753828        0.0966345033
        4.9800000000        0.0237643890     1046.2524340103        0.0893444659
        4.9900000000        0.0204121552      925.7102921773        0.0778817512
        5.0000000000        0.0214634857      860.4253608117        0.0934608122
