        2.2600000000        0.6187206829  1380491.9387095335        2.3182264662
        2.2610000000        0.6147515747  1443762.3482459036        2.2407332504
        2.2620000000        0.6069775841  1615985.9802298758        2.4130595104
        2.2630000000        0.6007148211  1693919.0486512368        2.3232944874
        2.2640000000        0.5981664777  1675583.7795578621        2.3271068573
        2.2650000000        0.5877804981  1892618.9968718868        2.5045330302
        2.2660000000        0.5775451192  2007986.7411507706        2.4973579571
        2.2670000000        0.5695161880  2183145.2254869961        2.4465396608
        2.2680000000        0.5588111339  2326689.2452619229        2.4220878424
        2.2690000000        0.5531441602  2424854.9014363219        2.5482668420
        2.2700000000        0.5415466860  2555596.3806175599        2.6592354004
        2.2710000000        0.5320672674  2667213.3207893083        2.5660160166
        2.2720000000        0.5313115158  2683392.5583945331        2.4686552365
        2.2730000000        0.5202156715  2860781.5925490623        2.6228204069
        2.2740000000        0.5024023998  3127408.3363059554        2.5954644233
        2.2750000000        0.4981218427  3073827.8863689494        2.5563976155
        2.2760000000        0.4884131944  3184864.8775079018        2.5922235345
        2.2770000000        0.4794298627  3255642.0701088104        2.4339527091
        2.2780000000        0.4657044163  3376495.6630351278        2.4939510819
        2.2790000000        0.4532890763  3444625.4320088262        2.5971537783
        2.2800000000        0.4462058453  3466964.0307912314        2.5658507784
        2.2810000000        0.4384440783  3506372.8156309612        2.4601433468
        2.2820000000        0.4270215538  3502552.6224216558        2.4508904153
        2.2830000000        0.4148421556  3647224.4711847389        2.4854847941
        2.2840000000        0.4042730497  3662900.0826549395        2.4152470300
        2.2850000000        0.3974637897  3719996.4729721015        2.4052750678
        2.2860000000        0.3927188799  3630825.0886704447        2.3669459378
        2.2870000000        0.3701156896  3634058.7914294028        2.4985428621
        2.2880000000        0.3665853647  3643046.4025412812        2.3736168480
        2.2890000000        0.3582987528  3630038.3890559254        2.4054453002
        2.2900000000        0.3490503275  3559782.3940921454        2.2295763314
        2.2910000000        0.3285645314  3457805.9585812995        2.2772627927
        2.2920000000        0.3310906951  3481925.3064061929        2.1899965527
        2.2930000000        0.3198528754  3418251.8000444588        2.1555360122
        2.2940000000        0.3090813453  3318943.7921302076        2.2751304542
        2.2950000000        0.3052581530  3315461.7136590728        2.1289229463
        2.2960000000        0.3021410226  3194288.8486571214        2.1219712233
        2.2970000000        0.2927257535  3161477.4071026389        2.1322463244
        2.2980000000        0.2870494496  3036703.2457207921        2.0348632447
        2.2990000000        0.2813328373  3015887.1001696382        1.8775251189
        2.3000000000        0.2715323287  2924404.3457249803        2.0286304313
        2.3010000000        0.2627448980  2843259.2596723237        1.9763647237
        2.3020000000        0.2580690547  2828029.1213592193        1.9255816046
        2.3030000000        0.2547305918  2773076.0431683660        1.9621027909
        2.3040000000        0.2508929634  2745404.1300050104        1.9809906607
        2.3050000000        0.2455146566  2608128.0276847258        1.9925837624
        2.3060000000        0.2382134157  2511148.5657178997        1.7414607844
        2.3070000000        0.2333687327  2471942.4681647220        1.8660198193
        2.3080000000        0.2281324483  2332016.9601839040        1.7106897385
        2.3090000000        0.2204431453  2323931.6951748035        1.7960413150
        2.3100000000        0.2145819437  2251794.4442657502        1.8247592900
        2.3110000000        0.2091204688  2163756.9959382070        1.7318595826
        2.3120000000        0.2107034045  2148007.5253276168        1.7382470653
        2.3130000000        0.2013791257  2014167.8951470016        1.7121512896
        2.3140000000        0.2030385684  2019028.5917782700        1.6100503793
        2.3150000000        0.1968844246  1950739.0931519417        1.4885321859
        2.3160000000        0.1918773030  1859325.1001979741        1.5743352075
        2.3170000000        0.1879954176  1776677.5271762840        1.6985317192
        2.3180000000        0.1848645636  1760733.2058309864        1.6223824411
        2.3190000000        0.1857397408  1778620.9403333315        1.7511346257
        2.3200000000        0.1820354545  1680622.4144283393        1.4908442631
        2.3210000000        0.1822827420  1710967.2213935163        1.6526066159
        2.3220000000        0.1725896085  1600055.1861264517        1.5128827339
        2.3230000000        0.1717329341  1551714.1482767998        1.6223986516
        2.3240000000        0.1692767345  1530532.2489881425        1.4185419340
        2.3250000000        0.1649143400  1438027.3399795725        1.6445396584
        2.3260000000        0.1625141605  1457815.0744961738        1.5936187366
        2.3270000000        0.1590541501  1368140.2494000487        1.5703446135
        2.3280000000        0.1618303768  1408949.5203013886        1.5684601349
        2.3290000000        0.1536223624  1317574.0953845510        1.5263631637
        2.3300000000        0.1545632755  1345970.5942411781        1.6253104416
        2.3310000000        0.1537476931  1284437.3635445598        1.6193624888
        2.3320000000        0.1457099002  1197533.5416734000        1.4449545928
        2.3330000000        0.1496317319  1234694.5151204967        1.3153299946
        2.3340000000        0.1432078452  1155067.4024892657        1.4939766183
        2.3350000000        0.1448989591  1180948.3701490336        1.5536333617
        2.3360000000        0.1404421296  1093996.4539338385        1.4509928846
        2.3370000000        0.1394577271  1098014.4392583417        1.5428898809
        2.3380000000        0.1394062303  1105468.6723686000        1.4002298226
        2.3390000000        0.1365674367  1060446.1413354506        1.5201558114
        2.3400000000        0.1329406140  1009123.3795675639        1.4649193083
