# lattice size: 32 * 32
# algorithm: Wolff
# warming-up steps: 100
# evolution steps: 500
        0.0100000000        1.0000000000        0.0000000000        0.0000000000
        0.0200000000        1.0000000000        0.0000000000        0.0000000000
        0.0300000000        1.0000000000        0.0000000000        0.0000000000
        0.0400000000        1.0000000000        0.0000000000        0.0000000000
        0.0500000000        1.0000000000        0.0000000000        0.0000000000
        0.0600000000        1.0000000000        0.0000000000        0.0000000000
        0.0700000000        1.0000000000        0.0000000000        0.0000000000
        0.0800000000        1.0000000000        0.0000000000        0.0000000000
        0.0900000000        1.0000000000        0.0000000000        0.0000000000
        0.1000000000        1.0000000000        0.0000000000        0.0000000000
        0.1100000000        1.0000000000        0.0000000000        0.0000000000
        0.1200000000        1.0000000000        0.0000000000        0.0000000000
        0.1300000000        1.0000000000        0.0000000000        0.0000000000
        0.1400000000        1.0000000000        0.0000000000        0.0000000000
        0.1500000000        1.0000000000        0.0000000000        0.0000000000
        0.1600000000        1.0000000000        0.0000000000        0.0000000000
        0.1700000000        1.0000000000        0.0000000000        0.0000000000
        0.1800000000        1.0000000000        0.0000000000        0.0000000000
        0.1900000000        1.0000000000        0.0000000000        0.0000000000
        0.2000000000        1.0000000000        0.0000000000        0.0000000000
        0.2100000000        1.0000000000        0.0000000000        0.0000000000
        0.2200000000        1.0000000000        0.0000000000        0.0000000000
        0.2300000000        1.0000000000        0.0000000000        0.0000000000
        0.2400000000        1.0000000000        0.0000000000        0.0000000000
        0.2500000000        1.0000000000        0.0000000000        0.0000000000
        0.2600000000        1.0000000000        0.0000000000        0.0000000000
        0.2700000000        1.0000000000        0.0000000000        0.0000000000
        0.2800000000        1.0000000000        0.0000000000        0.0000000000
        0.2900000000        1.0000000000        0.0000000000        0.0000000000
        0.3000000000        1.0000000000        0.0000000000        0.0000000000
        0.3100000000        1.0000000000        0.0000000000        0.0000000000
        0.3200000000        1.0000000000        0.0000000000        0.0000000000
        0.3300000000        1.0000000000        0.0000000000        0.0000000000
        0.3400000000        1.0000000000        0.0000000000        0.0000000000
        0.3500000000        1.0000000000        0.0000000000        0.0000000000
        0.3600000000        1.0000000000        0.0000000000        0.0000000000
        0.3700000000        1.0000000000        0.0000000000        0.0000000000
        0.3800000000        1.0000000000        0.0000000000        0.0000000000
        0.3900000000        1.0000000000        0.0000000000        0.0000000000
        0.4000000000        1.0000000000        0.0000000000        0.0000000000
        0.4100000000        1.0000000000        0.0000000000        0.0000000000
        0.4200000000        1.0000000000        0.0000000000        0.0000000000
        0.4300000000        1.0000000000        0.0000000000        0.0000000000
        0.4400000000        1.0000000000        0.0000000000        0.0000000000
        0.4500000000        1.0000000000        0.0000000000        0.0000000000
        0.4600000000        1.0000000000        0.0000000000        0.0000000000
        0.4700000000        1.0000000000        0.0000000000        0.0000000000
        0.4800000000        1.0000000000        0.0000000000        0.0000000000
        0.4900000000        0.9999995117        0.0020403061        0.0000650608
        0.5000000000        0.9999990234        0.0039979999        0.0001249375
        0.5100000000        0.9999992676        0.0029400737        0.0000900758
        0.5200000000        0.9999997559        0.0009614184        0.0000288888
        0.5300000000        0.9999990234        0.0037716981        0.0001111939
        0.5400000000        0.9999992676        0.0027767363        0.0000803454
        0.5500000000        0.9999987793        0.0045426137        0.0001290515
        0.5600000000        0.9999990234        0.0035696428        0.0000995994
        0.5700000000        0.9999980469        0.0070105262        0.0001921745
        0.5800000000        0.9999980469        0.0068896550        0.0001856049
        0.5900000000        0.9999973145        0.0093092161        0.0002465364
        0.6000000000        0.9999963379        0.0124765624        0.0003249105
        0.6100000000        0.9999951172        0.0163524591        0.0004188642
        0.6200000000        0.9999943848        0.0184950605        0.0004661054
        0.6300000000        0.9999958496        0.0134633926        0.0003339135
        0.6400000000        0.9999931641        0.0217984372        0.0005321884
        0.6500000000        0.9999929199        0.0222268271        0.0005342987
        0.6600000000        0.9999904785        0.0294014205        0.0006960564
        0.6700000000        0.9999873047        0.0385537314        0.0008991075
        0.6800000000        0.9999841309        0.0532881434        0.0011655899
        0.6900000000        0.9999785156        0.0630666669        0.0014281401
        0.7000000000        0.9999794922        0.0593699999        0.0013252232
        0.7100000000        0.9999753418        0.0702287853        0.0015455278
        0.7200000000        0.9999665527        0.0990651912        0.0020976201
        0.7300000000        0.9999621582        0.1054773117        0.0022576479
        0.7400000000        0.9999597168        0.1159438344        0.0023598496
        0.7500000000        0.9999548340        0.1244812499        0.0025453889
        0.7600000000        0.9999443359        0.1496723686        0.0030771457
        0.7700000000        0.9999355469        0.1735636364        0.0034541122
        0.7800000000        0.9999238281        0.2037384614        0.0040153825
        0.7900000000        0.9999135742        0.2305920886        0.0043685560
        0.8000000000        0.9999067383        0.2373496875        0.0045733944
        0.8100000000        0.9998945313        0.2757234566        0.0051369536
        0.8200000000        0.9998815918        0.3095102898        0.0057995290
        0.8300000000        0.9998608398        0.3695105423        0.0067183357
        0.8400000000        0.9998405762        0.4188683778        0.0072150461
        0.8500000000        0.9998359375        0.4244423529        0.0072796007
        0.8600000000        0.9998083496        0.4674255086        0.0081169496
        0.8700000000        0.9997810059        0.5462206178        0.0093627881
        0.8800000000        0.9997607422        0.5886079545        0.0099812355
        0.8900000000        0.9997333984        0.6387314607        0.0108277736
        0.9000000000        0.9997163086        0.6640108332        0.0111118945
        0.9100000000        0.9996987305        0.7097008242        0.0116442654
        0.9200000000        0.9996486816        0.8142173232        0.0132172842
        0.9300000000        0.9996311035        0.8632311157        0.0137484393
        0.9400000000        0.9995686035        0.9791031249        0.0152676904
        0.9500000000        0.9995488281        0.9900589474        0.0156095525
        0.9600000000        0.9994943848        1.1660780599        0.0178557237
        0.9700000000        0.9994318848        1.3248112758        0.0192632885
        0.9800000000        0.9993742676        1.4397341200        0.0212378629
        0.9900000000        0.9993283691        1.5409090279        0.0225441638
        1.0000000000        0.9992597656        1.6394360000        0.0239827634
        1.0100000000        0.9991987305        1.7760195545        0.0253405753
        1.0200000000        0.9991425781        1.9020745099        0.0266871431
        1.0300000000        0.9990881348        1.9530203278        0.0275059223
        1.0400000000        0.9989995117        2.1869228366        0.0297536543
        1.0500000000        0.9989433594        2.2850247619        0.0312114433
        1.0600000000        0.9988232422        2.5028066039        0.0338033294
        1.0700000000        0.9987546387        2.7076985398        0.0360345248
        1.0800000000        0.9986696777        2.8321990162        0.0377872317
        1.0900000000        0.9985634766        3.0817972478        0.0394409921
        1.1000000000        0.9984240723        3.3639190341        0.0430564467
        1.1100000000        0.9982934570        3.6578772522        0.0459950552
        1.1200000000        0.9982287598        3.7551883371        0.0466734001
        1.1300000000        0.9980986328        3.9612309734        0.0483744315
        1.1400000000        0.9979997559        4.1062911733        0.0493394234
        1.1500000000        0.9978330078        4.4982947826        0.0539036736
        1.1600000000        0.9977102051        4.6272822737        0.0546595006
        1.1700000000        0.9975422363        4.8679225961        0.0561392559
        1.1800000000        0.9973105469        5.5470203390        0.0630340795
        1.1900000000        0.9972360840        5.8018360819        0.0649137810
        1.2000000000        0.9970092773        5.9625781250        0.0668289183
        1.2100000000        0.9968825684        6.2306115185        0.0690318456
        1.2200000000        0.9966494141        6.9731467214        0.0747511614
        1.2300000000        0.9964484863        7.1476011687        0.0765376213
        1.2400000000        0.9962058105        7.6494616432        0.0816438386
        1.2500000000        0.9960236816        7.9354815499        0.0817991494
        1.2600000000        0.9958415527        8.3387356646        0.0853295437
        1.2700000000        0.9956118164        8.7231950789        0.0887651293
        1.2800000000        0.9953215332        9.4439175293        0.0943066238
        1.2900000000        0.9951174316        9.6581394864        0.0950675853
        1.3000000000        0.9947641602       10.7525521153        0.1038733705
        1.3100000000        0.9945283203       10.6033519083        0.1007318870
        1.3200000000        0.9942314453       11.1434477273        0.1055037008
        1.3300000000        0.9939494629       11.9444976973        0.1105741999
        1.3400000000        0.9935190430       13.0006475746        0.1190507085
        1.3500000000        0.9931796875       13.4412918518        0.1213673160
        1.3600000000        0.9928549805       14.1741380515        0.1261258431
        1.3700000000        0.9924963379       14.7083838960        0.1288567136
        1.3800000000        0.9921325684       15.6451709692        0.1340682905
        1.3900000000        0.9917470703       16.3860424460        0.1390535153
        1.4000000000        0.9914450684       16.5982285269        0.1412309968
        1.4100000000        0.9909968262       17.9680350621        0.1473222165
        1.4200000000        0.9905334473       19.2512048856        0.1551082375
        1.4300000000        0.9901264648       19.6543984266        0.1563503850
        1.4400000000        0.9896738281       20.7225861110        0.1623347717
        1.4500000000        0.9891174316       22.5409213362        0.1723977871
        1.4600000000        0.9886166992       23.1856217467        0.1755913692
        1.4700000000        0.9880979004       24.1784013181        0.1821316584
        1.4800000000        0.9874953613       25.4161334037        0.1860863463
        1.4900000000        0.9870451660       26.5284408977        0.1919702087
        1.5000000000        0.9865715332       27.3509162917        0.1942518480
        1.5100000000        0.9859645996       27.9085628725        0.1970153409
        1.5200000000        0.9852214355       30.4902923931        0.2113271772
        1.5300000000        0.9846540527       32.1796385212        0.2169091015
        1.5400000000        0.9840488281       33.6775610389        0.2242259922
        1.5500000000        0.9833569336       34.7698024194        0.2263693577
        1.5600000000        0.9827358398       35.9516908653        0.2316351626
        1.5700000000        0.9819030762       39.3759703424        0.2442290500
        1.5800000000        0.9811252441       39.2547974289        0.2404643296
        1.5900000000        0.9803349609       43.3900823899        0.2590650401
        1.6000000000        0.9796362305       44.5370273437        0.2649279690
        1.6100000000        0.9788239746       44.9663366072        0.2671742853
        1.6200000000        0.9781359863       46.6113416280        0.2724442369
        1.6300000000        0.9769138184       51.7963680599        0.2840597110
        1.6400000000        0.9761953125       53.3394048781        0.2928351370
        1.6500000000        0.9752966309       55.7837793561        0.3033141324
        1.6600000000        0.9744267578       58.5482114458        0.3080596951
        1.6700000000        0.9732670898       64.1411675150        0.3249349569
        1.6800000000        0.9722807617       65.3387855655        0.3293558840
        1.6900000000        0.9714003906       68.1918366863        0.3331327408
        1.7000000000        0.9701945801       69.1407761397        0.3365503378
        1.7100000000        0.9691132812       73.0722900586        0.3514201217
        1.7200000000        0.9678310547       77.7636738372        0.3590748004
        1.7300000000        0.9668728027       81.7077774205        0.3686503775
        1.7400000000        0.9653713379       85.1089827227        0.3775071329
        1.7500000000        0.9639262695       89.9544798571        0.3896469897
        1.7600000000        0.9625722656       92.0043886364        0.3885531588
        1.7700000000        0.9610000000       99.0756519774        0.4034841917
        1.7800000000        0.9601496582      104.4857609199        0.4137016502
        1.7900000000        0.9581171875      113.0555620113        0.4365560976
        1.8000000000        0.9566296387      119.2385407986        0.4486473175
        1.8100000000        0.9552097168      122.1035041091        0.4542595876
        1.8200000000        0.9538913574      129.9756414491        0.4606180552
        1.8300000000        0.9521948242      135.2976741803        0.4705505959
        1.8400000000        0.9500517578      147.9621690218        0.4982858925
        1.8500000000        0.9484531250      154.0115372973        0.4932664981
        1.8600000000        0.9463718262      165.6993642137        0.5172832887
        1.8700000000        0.9443256836      168.0715987967        0.5293692885
        1.8800000000        0.9423212891      186.1665058511        0.5392772414
        1.8900000000        0.9404362793      186.2714044643        0.5500515005
        1.9000000000        0.9384182129      199.5660157566        0.5515963004
        1.9100000000        0.9364018555      208.5725129581        0.5713156061
        1.9200000000        0.9339106445      234.3743227865        0.5919013551
        1.9300000000        0.9311352539      241.7555408032        0.6189626089
        1.9400000000        0.9289499512      270.0675759987        0.6357493280
        1.9500000000        0.9263403320      281.6826891026        0.6526186678
        1.9600000000        0.9237207031      308.4065816327        0.6718486110
        1.9700000000        0.9201904297      316.0773477158        0.6744921593
        1.9800000000        0.9177966309      331.5734524937        0.6963939702
        1.9900000000        0.9143330078      365.7880758794        0.7057230935
        2.0000000000        0.9117006836      383.4784288750        0.7219870942
        2.0100000000        0.9081469727      409.3645242537        0.7415885237
        2.0200000000        0.9043315430      459.0543266090        0.7562201613
        2.0300000000        0.9002631836      515.8714136699        0.8218379295
        2.0400000000        0.8971381836      513.3199851716        0.7914861087
        2.0500000000        0.8922629395      588.4396743598        0.8290053836
        2.0600000000        0.8883327637      628.6387948726        0.8363484532
        2.0700000000        0.8834821777      713.0349019022        0.8774523731
        2.0800000000        0.8793696289      734.0047354567        0.8613516612
        2.0900000000        0.8724489746      894.0716028410        0.9644094615
        2.1000000000        0.8683762207      999.7099059226        0.9978657166
        2.1100000000        0.8633876953     1065.0758857820        0.9646407594
        2.1200000000        0.8568996582     1240.2129917158        0.9892372137
        2.1300000000        0.8512426758     1367.6923679577        1.0339144135
        2.1400000000        0.8431418457     1612.4699450643        1.0795056505
        2.1500000000        0.8367880859     1865.8624925581        1.1275475907
        2.1600000000        0.8281022949     2143.8870182581        1.1903277914
        2.1700000000        0.8197480469     2764.7879797235        1.2298161120
        2.1800000000        0.8071650391     3358.3112986238        1.2808048941
        2.1900000000        0.7990507812     3532.3872219178        1.3860241907
        2.2000000000        0.7827041016     5016.7908540909        1.4471432649
        2.2100000000        0.7715307617     5164.0392505656        1.4590307715
        2.2200000000        0.7561755371     6378.5133720439        1.5330728723
        2.2300000000        0.7406652832     7860.2707616312        1.6159919674
        2.2400000000        0.7180434570     9432.8649766741        1.6917088352
        2.2500000000        0.7011650391    10939.1035337778        1.7466150384
        2.2600000000        0.6796970215    12748.9492942201        1.7810697111
        2.2700000000        0.6510930176    13838.8895063602        1.7831795749
        2.2800000000        0.6200817871    15988.9121429551        1.8621874968
        2.2900000000        0.5911894531    18444.4044174673        2.0256079682
        2.3000000000        0.5622751465    19471.9423847555        1.8048299555
        2.3100000000        0.5328972168    21324.8521101462        2.0286406342
        2.3200000000        0.5188498535    19369.2938124731        1.7161612267
        2.3300000000        0.4841704102    21428.0944677039        1.7686333302
        2.3400000000        0.4535354004    20236.6584999733        1.6858502377
        2.3500000000        0.4124509277    21633.4324148671        1.6637408823
        2.3600000000        0.3967783203    19635.0268639831        1.5339724906
        2.3700000000        0.3738227539    19766.0454724684        1.5109204391
        2.3800000000        0.3546008301    18434.8221106881        1.4944369092
        2.3900000000        0.3251098633    16743.4072567992        1.2850279963
        2.4000000000        0.3197563477    15973.2019457292        1.2737863742
        2.4100000000        0.3086677246    15222.7418099326        1.2206706459
        2.4200000000        0.2757092285    14532.4351491478        1.1577675852
        2.4300000000        0.2721853027    13351.6820308385        1.1583479595
        2.4400000000        0.2516225586    12488.9792695697        1.0186419450
        2.4500000000        0.2315825195    11002.1682692858        1.1175284647
        2.4600000000        0.2384106445    11372.1225381098        1.0190003760
        2.4700000000        0.2201857910    10113.4805121205        0.9826249955
        2.4800000000        0.2152656250     9340.3840225807        0.9007024422
        2.4900000000        0.2033269043     8715.7589375251        0.8735654336
        2.5000000000        0.2079589844     8729.8698000000        0.8118487344
        2.5100000000        0.1981357422     7936.5689717132        0.7282332285
        2.5200000000        0.1881901855     6954.6400811260        0.7686432878
        2.5300000000        0.1809448242     6711.0250370554        0.8557555532
        2.5400000000        0.1714729004     6537.6629771408        0.8273859973
        2.5500000000        0.1703408203     6242.9697878432        0.8090621963
        2.5600000000        0.1681125488     6169.2507099365        0.7162337330
        2.5700000000        0.1625874023     5916.7838092413        0.8187822908
        2.5800000000        0.1590466309     5094.2559829215        0.7034261933
        2.5900000000        0.1538750000     4955.4653961390        0.8189724338
        2.6000000000        0.1475825195     5049.1786537500        0.6993856577
        2.6100000000        0.1453022461     4559.9742106322        0.6854611739
        2.6200000000        0.1407246094     4382.0464106870        0.7030195498
        2.6300000000        0.1368583984     3935.6146581749        0.6841363803
        2.6400000000        0.1378315430     4056.3922499053        0.5900483269
        2.6500000000        0.1373420410     4190.9162780896        0.8188976836
        2.6600000000        0.1291989746     3626.8566353149        0.6422216940
        2.6700000000        0.1351433105     3937.2771252575        0.6963009058
        2.6800000000        0.1268234863     3679.5342826259        0.7034335855
        2.6900000000        0.1276735840     3725.2595631738        0.5538462438
        2.7000000000        0.1278391113     3459.3297768287        0.5814185766
        2.7100000000        0.1221430664     3133.8743357011        0.5386575650
        2.7200000000        0.1193073730     2873.5376266314        0.5052670565
        2.7300000000        0.1182341309     2857.6442681090        0.5811053958
        2.7400000000        0.1117292480     2633.3506512546        0.5962070382
        2.7500000000        0.1173430176     2815.3865961591        0.5576384007
        2.7600000000        0.1124265137     2501.6885642890        0.5779603684
        2.7700000000        0.1092731934     2707.9511306634        0.5675194597
        2.7800000000        0.1061933594     2344.4864877698        0.4704816406
        2.7900000000        0.1071149902     2418.1099451389        0.5390298689
        2.8000000000        0.1051120605     2361.1282472991        0.4696996191
        2.8100000000        0.1090686035     2472.7836515792        0.4947495934
        2.8200000000        0.1052629395     2304.8794625665        0.5673999928
        2.8300000000        0.1045878906     2320.9905992933        0.5041109658
        2.8400000000        0.0944365234     1804.3488700704        0.3877464205
        2.8500000000        0.1014992676     2121.1622131360        0.5960730797
        2.8600000000        0.0938208008     1783.1565537588        0.4647880807
        2.8700000000        0.1018154297     1988.0051982579        0.4658793722
        2.8800000000        0.0952253418     1815.6705327908        0.4249901948
        2.8900000000        0.0993474121     1811.1794262760        0.4740305411
        2.9000000000        0.0905710449     1695.9740853233        0.3883523124
        2.9100000000        0.0943911133     1695.7140920103        0.3870713460
        2.9200000000        0.0903654785     1624.3315331978        0.4338318404
        2.9300000000        0.0915798340     1642.1925272824        0.4769186758
        2.9400000000        0.0971113281     1924.1835496599        0.3748946599
        2.9500000000        0.0857446289     1461.6833877119        0.4182878770
        2.9600000000        0.0855014648     1416.4492019426        0.4220913859
        2.9700000000        0.0844960938     1419.0496377104        0.3895854054
        2.9800000000        0.0816828613     1336.0054461200        0.4282952573
        2.9900000000        0.0872360840     1301.2689849289        0.4335542230
        3.0000000000        0.0888391113     1486.3497244792        0.4436326640
        3.0100000000        0.0818603516     1280.7031146179        0.4327142196
        3.0200000000        0.0863669434     1354.3156026283        0.3575467196
        3.0300000000        0.0842199707     1434.1859070751        0.4322882747
        3.0400000000        0.0799648438     1193.0820868421        0.3623634587
        3.0500000000        0.0855666504     1367.1374721107        0.2983715298
        3.0600000000        0.0819143066     1333.4131241626        0.3342843120
        3.0700000000        0.0852729492     1385.1641432411        0.3565335158
        3.0800000000        0.0849128418     1270.9790826096        0.3140360645
        3.0900000000        0.0760083008     1086.2556452265        0.3528777240
        3.1000000000        0.0750261230     1040.5706401411        0.3709931935
        3.1100000000        0.0777895508     1258.8598095659        0.2733169586
        3.1200000000        0.0788754883     1120.9863486378        0.4328992430
        3.1300000000        0.0820832520     1213.6615541334        0.3008667361
        3.1400000000        0.0762844238     1231.2561202030        0.3835504847
        3.1500000000        0.0758112793     1062.2460807738        0.3047407539
        3.1600000000        0.0695053711      916.0366765032        0.3062577690
        3.1700000000        0.0749291992     1086.3831999211        0.2644590511
        3.1800000000        0.0749038086     1047.8820433176        0.3545761697
        3.1900000000        0.0757556152     1050.2441413597        0.3215161888
        3.2000000000        0.0730783691      951.1215187305        0.2805125412
        3.2100000000        0.0695549316      918.2628386098        0.2759339177
        3.2200000000        0.0704494629      895.8518105396        0.3482313982
        3.2300000000        0.0684990234      897.3357743034        0.3056776882
        3.2400000000        0.0708178711      965.8315412809        0.2380217428
        3.2500000000        0.0719133301      955.5554952115        0.2840654593
        3.2600000000        0.0722697754      927.2578165453        0.3274904461
        3.2700000000        0.0716420898      985.6633999236        0.2338826453
        3.2800000000        0.0732526855      907.1130745236        0.3235952978
        3.2900000000        0.0661726074      764.7116290084        0.2552240328
        3.3000000000        0.0692331543      808.2978552841        0.2828459825
        3.3100000000        0.0661149902      729.6409507364        0.2684833334
        3.3200000000        0.0693261719      844.6406325301        0.2564005939
        3.3300000000        0.0635056152      672.9850195008        0.2387584725
        3.3400000000        0.0699042969      871.1509808383        0.2925649239
        3.3500000000        0.0671821289      796.6584387313        0.2440234036
        3.3600000000        0.0634125977      660.9049731399        0.2944839287
        3.3700000000        0.0645161133      708.3601898368        0.3001904051
        3.3800000000        0.0658947754      736.1053804549        0.2906524877
        3.3900000000        0.0596762695      629.0375303097        0.2751572952
        3.4000000000        0.0702124023      799.6724981618        0.2762874607
        3.4100000000        0.0656511230      715.2799367852        0.3339588714
        3.4200000000        0.0627866211      716.0745198099        0.2137723960
        3.4300000000        0.0633063965      634.3867746174        0.2541570623
        3.4400000000        0.0652277832      717.5148995458        0.3220242493
        3.4500000000        0.0668598633      801.6229680435        0.2357892381
        3.4600000000        0.0634831543      619.0950735369        0.2341272977
        3.4700000000        0.0601853027      688.9764884546        0.2397102832
        3.4800000000        0.0674599609      803.0605629310        0.2827150108
        3.4900000000        0.0613769531      677.5044412608        0.2342654792
        3.5000000000        0.0590083008      615.1325142143        0.2288790298
        3.5100000000        0.0537304688      539.6092877493        0.1945933205
        3.5200000000        0.0602976074      606.3072009766        0.2430039034
        3.5300000000        0.0543601074      543.2037131551        0.2643235704
        3.5400000000        0.0574450684      624.2878350106        0.1825855838
        3.5500000000        0.0652485352      664.0077717606        0.1739577464
        3.5600000000        0.0586618652      650.5139423982        0.2625006098
        3.5700000000        0.0665183105      707.7507933999        0.2146851225
        3.5800000000        0.0601513672      648.0628421788        0.2746484270
        3.5900000000        0.0567585449      514.4760221274        0.2457608813
        3.6000000000        0.0577714844      526.4986211111        0.2203947335
        3.6100000000        0.0613881836      580.8318054709        0.1993680657
        3.6200000000        0.0585126953      545.2492019337        0.2023549199
        3.6300000000        0.0617355957      646.9635819387        0.1836893837
        3.6400000000        0.0530581055      484.0640405907        0.1960055607
        3.6500000000        0.0559118652      491.0437290240        0.1899166669
        3.6600000000        0.0611025391      610.0068959016        0.1722592045
        3.6700000000        0.0608447266      653.1441348774        0.1917780729
        3.6800000000        0.0616105957      617.8690310972        0.2307076201
        3.6900000000        0.0565161133      551.8682232385        0.1939110394
        3.7000000000        0.0562019043      552.9734255237        0.2495977102
        3.7100000000        0.0545954590      487.4678212770        0.2183494760
        3.7200000000        0.0478635254      414.5695833165        0.2621617065
        3.7300000000        0.0528227539      434.7870803619        0.2219338047
        3.7400000000        0.0610634766      582.3217002674        0.2179145844
        3.7500000000        0.0554460449      486.4899091833        0.1756741927
        3.7600000000        0.0531901855      455.8278309674        0.2021570628
        3.7700000000        0.0529416504      434.3115251824        0.1687633802
        3.7800000000        0.0534323730      449.5295323909        0.1822577817
        3.7900000000        0.0583081055      507.6544706464        0.1969489449
        3.8000000000        0.0598684082      509.4689006415        0.1927284131
        3.8100000000        0.0566691895      463.6770720308        0.1232859488
        3.8200000000        0.0555393066      491.2750471041        0.1729762474
        3.8300000000        0.0519877930      491.2829085509        0.1799127851
        3.8400000000        0.0517866211      389.2911796224        0.1973891619
        3.8500000000        0.0500029297      349.8586470130        0.1884492926
        3.8600000000        0.0535083008      443.7238196244        0.1713099063
        3.8700000000        0.0513015137      408.9751104490        0.1648684221
        3.8800000000        0.0551784668      464.6184903189        0.1846485145
        3.8900000000        0.0581638184      472.2852647654        0.1824502500
        3.9000000000        0.0532783203      524.3345515385        0.1796191454
        3.9100000000        0.0568762207      402.4773141784        0.1746966774
        3.9200000000        0.0576064453      550.2657854592        0.1726800489
        3.9300000000        0.0568767090      489.0274954039        0.1734485754
        3.9400000000        0.0503459473      394.5507124207        0.1808483818
        3.9500000000        0.0568073730      472.4605935285        0.1572421443
        3.9600000000        0.0515048828      340.8264946970        0.1770366444
        3.9700000000        0.0511669922      353.9211523930        0.1925694672
        3.9800000000        0.0477080078      333.5762288945        0.1932376919
        3.9900000000        0.0487568359      361.1520478697        0.1663723636
        4.0000000000        0.0506557617      402.0448719375        0.1136532568
        4.0100000000        0.0479875488      314.6507754208        0.1420042299
        4.0200000000        0.0537355957      381.4242195118        0.2030031478
        4.0300000000        0.0517939453      424.9242260546        0.1813724777
        4.0400000000        0.0585134277      534.9905284499        0.1854742785
        4.0500000000        0.0523027344      358.3354656790        0.1284130774
        4.0600000000        0.0531357422      437.5143051724        0.1476607282
        4.0700000000        0.0511047363      388.1141949478        0.1496418890
        4.0800000000        0.0474150391      399.5863213235        0.1599265865
        4.0900000000        0.0512041016      391.1372887531        0.1504301320
        4.1000000000        0.0473398437      337.3330302439        0.1483882343
        4.1100000000        0.0537509766      424.3127296837        0.1524899155
        4.1200000000        0.0489423828      340.3124541262        0.1386861381
        4.1300000000        0.0415083008      246.8734817797        0.1320093333
        4.1400000000        0.0476799316      327.5797371830        0.1680103214
        4.1500000000        0.0444641113      334.9982586596        0.1334529681
        4.1600000000        0.0522111816      352.2287192157        0.1528717942
        4.1700000000        0.0473015137      324.2709231265        0.1352785542
        4.1800000000        0.0454597168      269.9055441238        0.1025668516
        4.1900000000        0.0447556152      279.8514355459        0.1417400343
        4.2000000000        0.0412546387      214.0679993899        0.1650646666
        4.2100000000        0.0436638184      277.9562736194        0.1499835289
        4.2200000000        0.0486967773      309.4499786137        0.1629686298
        4.2300000000        0.0481120605      317.2479537677        0.1700996109
        4.2400000000        0.0474670410      272.9891417305        0.1474847773
        4.2500000000        0.0503457031      391.9529609412        0.1492037257
        4.2600000000        0.0476997070      295.1685022887        0.1605492270
        4.2700000000        0.0472216797      347.8056147541        0.1195150468
        4.2800000000        0.0456989746      329.5517013873        0.1152725076
        4.2900000000        0.0442800293      352.2490728293        0.1923797558
        4.3000000000        0.0512946777      313.6039737064        0.1309407914
        4.3100000000        0.0488205566      375.0578746955        0.1261037541
        4.3200000000        0.0479899902      328.1937284578        0.0965367561
        4.3300000000        0.0482810059      325.5830531034        0.1197857404
        4.3400000000        0.0520102539      348.9147875000        0.1206444146
        4.3500000000        0.0467062988      339.2539442385        0.1562860366
        4.3600000000        0.0491979980      339.0825799169        0.1445134441
        4.3700000000        0.0414155273      250.0405743135        0.1550946012
        4.3800000000        0.0462333984      259.8541897260        0.1193455599
        4.3900000000        0.0532807617      306.5188974374        0.1021500346
        4.4000000000        0.0497004395      325.5849100994        0.1331251009
        4.4100000000        0.0477316895      324.4031592829        0.1312287374
        4.4200000000        0.0415173340      217.4216201216        0.1701539138
        4.4300000000        0.0433999023      237.6252997178        0.1260068004
        4.4400000000        0.0463144531      306.0555234234        0.1170884742
        4.4500000000        0.0470922852      270.3866278090        0.1136367349
        4.4600000000        0.0492785645      346.2851453896        0.1304406347
        4.4700000000        0.0443371582      245.1704694491        0.1257287346
        4.4800000000        0.0416203613      220.3296940709        0.0919093462
        4.4900000000        0.0456071777      267.9309681375        0.1356430467
        4.5000000000        0.0527565918      337.8191072083        0.1115463459
        4.5100000000        0.0521879883      333.0955564856        0.1242553471
        4.5200000000        0.0473781738      299.7141631499        0.1494841499
        4.5300000000        0.0430239258      245.4904652870        0.1063176032
        4.5400000000        0.0445449219      246.7066088106        0.1543593053
        4.5500000000        0.0440759277      249.4866177885        0.1429901656
        4.5600000000        0.0464318848      285.2146076617        0.0985208839
        4.5700000000        0.0458400879      244.6598314962        0.1700987611
        4.5800000000        0.0382436523      179.6181043122        0.1324095877
        4.5900000000        0.0443493652      279.7877583742        0.1003035450
        4.6000000000        0.0457102051      256.7195320516        0.1020690049
        4.6100000000        0.0436457520      270.6646213530        0.1112554047
        4.6200000000        0.0419855957      233.0906827787        0.0889968366
        4.6300000000        0.0440966797      235.2034503240        0.1602315398
        4.6400000000        0.0459802246      253.6894366245        0.1370343725
        4.6500000000        0.0473115234      283.2075679570        0.0861163424
        4.6600000000        0.0411889648      223.8284321352        0.1201978265
        4.6700000000        0.0443601074      201.6712178667        0.1104892856
        4.6800000000        0.0403474121      205.4720730636        0.0923697646
        4.6900000000        0.0396491699      224.8657994536        0.1172574946
        4.7000000000        0.0421379395      201.8339839229        0.1058224849
        4.7100000000        0.0471948242      280.3829604565        0.0994835960
        4.7200000000        0.0410742188      205.2816525424        0.1424787294
        4.7300000000        0.0452724609      235.4338517970        0.1217758946
        4.7400000000        0.0454208984      262.8957550633        0.0838302468
        4.7500000000        0.0395883789      190.6692668947        0.0794437284
        4.7600000000        0.0442902832      250.4387005121        0.1074567349
        4.7700000000        0.0432387695      263.7189827568        0.0989540378
        4.7800000000        0.0455661621      243.1138556355        0.1226227676
        4.7900000000        0.0465122070      266.2943606994        0.0783978860
        4.8000000000        0.0444707031      227.4103241667        0.1348599567
        4.8100000000        0.0408952637      189.9077566398        0.0891273464
        4.8200000000        0.0457346191      210.9395974974        0.1035772900
        4.8300000000        0.0433107910      246.5624896351        0.1320456932
        4.8400000000        0.0456242676      294.4644998838        0.0809000355
        4.8500000000        0.0454775391      267.7583997938        0.1250715517
        4.8600000000        0.0449179688      224.9464987654        0.0737302043
        4.8700000000        0.0450017090      266.6416461884        0.1117569671
        4.8800000000        0.0424008789      223.4934134734        0.1417937466
        4.8900000000        0.0439714355      229.4906512142        0.1129479747
        4.9000000000        0.0476843262      275.6772802934        0.1063025113
        4.9100000000        0.0423623047      201.8151443992        0.0802807815
        4.9200000000        0.0447043457      275.8341224466        0.0871364249
        4.9300000000        0.0467077637      254.7410088109        0.1220714042
        4.9400000000        0.0360012207      166.1349883477        0.0912104899
        4.9500000000        0.0423229980      216.6764138258        0.0913572148
        4.9600000000        0.0446640625      254.6940129032        0.0895009585
        4.9700000000        0.0410815430      189.9240329477        0.1020409222
        4.9800000000        0.0432941895      257.8466755899        0.0962131305
        4.9900000000        0.0495490723      287.6572118111        0.0940822605
        5.0000000000        0.0394743652      230.2883253875        0.0887465507
