# lattice size: 32 * 32
# algorithm: Wolff
# warming-up steps: 1000
# evolution steps: 5000
        0.1000000000        1.0000000000        0.0000000000        0.0000000000
        0.2000000000        1.0000000000        0.0000000000        0.0000000000
        0.3000000000        1.0000000000        0.0000000000        0.0000000000
        0.4000000000        1.0000000000        0.0000000000        0.0000000000
        0.5000000000        0.9999996826        0.0012997887        0.0000406184
        0.6000000000        0.9999967529        0.0110649073        0.0002881486
        0.7000000000        0.9999785645        0.0641688535        0.0014101587
        0.8000000000        0.9999066162        0.2463823243        0.0046740414
        0.9000000000        0.9997147461        0.6839751001        0.0113388627
        1.0000000000        0.9992680664        1.6132497500        0.0235270422
        1.1000000000        0.9984517822        3.2474873722        0.0415786275
        1.2000000000        0.9970206299        5.9851764453        0.0669949298
        1.3000000000        0.9947394287       10.4896664765        0.1015159497
        1.4000000000        0.9913726807       17.2780488282        0.1443003612
        1.5000000000        0.9865212158       27.5850365496        0.1961349373
        1.6000000000        0.9796296387       44.4771808985        0.2627552098
        1.7000000000        0.9700920898       70.9826467706        0.3422834513
        1.8000000000        0.9568926270      117.4000834430        0.4396683045
        1.9000000000        0.9383175537      202.9677831681        0.5620093585
        2.0000000000        0.9115886963      393.5562372097        0.7211353701
        2.1000000000        0.8693201172      961.5031988381        0.9627123037
        2.2000000000        0.7839025146     4624.6429288042        1.4183979231
        2.3000000000        0.5655301514    19157.0683551019        1.9262545042
        2.4000000000        0.3158132080    16312.1467779477        1.2801948867
        2.5000000000        0.2026287598     8485.2771934310        0.8631895522
        2.6000000000        0.1523376221     4976.2606194709        0.6960261284
        2.7000000000        0.1234333984     3287.8369045778        0.5954239681
        2.8000000000        0.1051776611     2352.6131433194        0.4875498230
        2.9000000000        0.0938503662     1794.7343059653        0.4680549767
        3.0000000000        0.0840035156     1372.5218719467        0.3978974194
        3.1000000000        0.0783125732     1183.2980507079        0.3496339766
        3.2000000000        0.0722692139      965.3761676545        0.3097076321
        3.3000000000        0.0678186279      818.3463753407        0.2889917163
        3.4000000000        0.0640613281      708.1197760471        0.2653420619
        3.5000000000        0.0617771484      631.9304868457        0.2439748584
        3.6000000000        0.0593474121      602.8421949826        0.2335913447
        3.7000000000        0.0576624023      536.4141773811        0.2061231609
        3.8000000000        0.0547114014      463.5552765722        0.1984594866
        3.9000000000        0.0541595215      444.2173070712        0.1856100201
        4.0000000000        0.0516178223      389.9080626944        0.1677584350
        4.1000000000        0.0507095215      385.7222939262        0.1570952697
        4.2000000000        0.0488725098      333.9113176899        0.1494392205
        4.3000000000        0.0465584961      300.7739207419        0.1375390176
        4.4000000000        0.0472961670      283.3070117896        0.1237013880
        4.5000000000        0.0441817383      257.2175527978        0.1441182858
        4.6000000000        0.0451062012      276.9104072690        0.1327854677
        4.7000000000        0.0446510254      253.2781014846        0.1088814528
        4.8000000000        0.0430245361      229.2158722363        0.0970715936
        4.9000000000        0.0425409180      221.6103404878        0.0919567547
        5.0000000000        0.0438216309      222.7152919555        0.0937370443
