# lattice size: 64 * 64
# algorithm: Wolff
# warming-up steps: 100
# evolution steps: 500
        0.0100000000        1.0000000000        0.0000000000        0.0000000000
        0.0200000000        1.0000000000        0.0000000000        0.0000000000
        0.0300000000        1.0000000000        0.0000000000        0.0000000000
        0.0400000000        1.0000000000        0.0000000000        0.0000000000
        0.0500000000        1.0000000000        0.0000000000        0.0000000000
        0.0600000000        1.0000000000        0.0000000000        0.0000000000
        0.0700000000        1.0000000000        0.0000000000        0.0000000000
        0.0800000000        1.0000000000        0.0000000000        0.0000000000
        0.0900000000        1.0000000000        0.0000000000        0.0000000000
        0.1000000000        1.0000000000        0.0000000000        0.0000000000
        0.1100000000        1.0000000000        0.0000000000        0.0000000000
        0.1200000000        1.0000000000        0.0000000000        0.0000000000
        0.1300000000        1.0000000000        0.0000000000        0.0000000000
        0.1400000000        1.0000000000        0.0000000000        0.0000000000
        0.1500000000        1.0000000000        0.0000000000        0.0000000000
        0.1600000000        1.0000000000        0.0000000000        0.0000000000
        0.1700000000        1.0000000000        0.0000000000        0.0000000000
        0.1800000000        1.0000000000        0.0000000000        0.0000000000
        0.1900000000        1.0000000000        0.0000000000        0.0000000000
        0.2000000000        1.0000000000        0.0000000000        0.0000000000
        0.2100000000        1.0000000000        0.0000000000        0.0000000000
        0.2200000000        1.0000000000        0.0000000000        0.0000000000
        0.2300000000        1.0000000000        0.0000000000        0.0000000000
        0.2400000000        1.0000000000        0.0000000000        0.0000000000
        0.2500000000        1.0000000000        0.0000000000        0.0000000000
        0.2600000000        1.0000000000        0.0000000000        0.0000000000
        0.2700000000        1.0000000000        0.0000000000        0.0000000000
        0.2800000000        1.0000000000        0.0000000000        0.0000000000
        0.2900000000        1.0000000000        0.0000000000        0.0000000000
        0.3000000000        1.0000000000        0.0000000000        0.0000000000
        0.3100000000        1.0000000000        0.0000000000        0.0000000000
        0.3200000000        1.0000000000        0.0000000000        0.0000000000
        0.3300000000        1.0000000000        0.0000000000        0.0000000000
        0.3400000000        1.0000000000        0.0000000000        0.0000000000
        0.3500000000        1.0000000000        0.0000000000        0.0000000000
        0.3600000000        1.0000000000        0.0000000000        0.0000000000
        0.3700000000        1.0000000000        0.0000000000        0.0000000000
        0.3800000000        1.0000000000        0.0000000000        0.0000000000
        0.3900000000        1.0000000000        0.0000000000        0.0000000000
        0.4000000000        1.0000000000        0.0000000000        0.0000000000
        0.4100000000        1.0000000000        0.0000000000        0.0000000000
        0.4200000000        1.0000000000        0.0000000000        0.0000000000
        0.4300000000        1.0000000000        0.0000000000        0.0000000000
        0.4400000000        1.0000000000        0.0000000000        0.0000000000
        0.4500000000        0.9999998779        0.0022216679        0.0000192853
        0.4600000000        0.9999999390        0.0010868211        0.0000092291
        0.4700000000        0.9999999390        0.0010636972        0.0000088406
        0.4800000000        1.0000000000        0.0000000000        0.0000000000
        0.4900000000        0.9999999390        0.0010202810        0.0000081336
        0.5000000000        0.9999996948        0.0049968697        0.0000390381
        0.5100000000        0.9999996948        0.0048988919        0.0000375222
        0.5200000000        0.9999993896        0.0096033685        0.0000721407
        0.5300000000        0.9999993896        0.0094221729        0.0000694441
        0.5400000000        0.9999994507        0.0083239577        0.0000602138
        0.5500000000        0.9999990234        0.0145163624        0.0001030992
        0.5600000000        0.9999978027        0.0319982114        0.0002232018
        0.5700000000        0.9999981079        0.0270876118        0.0001856333
        0.5800000000        0.9999976807        0.0326030181        0.0002195785
        0.5900000000        0.9999978638        0.0295312507        0.0001955194
        0.6000000000        0.9999969482        0.0430729147        0.0002709620
        0.6100000000        0.9999959717        0.0536520523        0.0003435710
        0.6200000000        0.9999951782        0.0630805449        0.0003974329
        0.6300000000        0.9999941406        0.0752761871        0.0004667422
        0.6400000000        0.9999918213        0.1029339852        0.0006282592
        0.6500000000        0.9999906006        0.1207965383        0.0007259407
        0.6600000000        0.9999890137        0.1348106049        0.0007978847
        0.6700000000        0.9999883423        0.1495819984        0.0008420535
        0.6800000000        0.9999853516        0.1770588241        0.0010098466
        0.6900000000        0.9999824829        0.2121042568        0.0011867070
        0.7000000000        0.9999771729        0.2632253564        0.0014688915
        0.7100000000        0.9999763184        0.2754802855        0.0015024412
        0.7200000000        0.9999703979        0.3358311667        0.0018220007
        0.7300000000        0.9999630127        0.4233530837        0.0022224144
        0.7400000000        0.9999593506        0.4665915502        0.0024178187
        0.7500000000        0.9999519653        0.5343859171        0.0027453750
        0.7600000000        0.9999455566        0.5937776308        0.0029853986
        0.7700000000        0.9999381104        0.6710879843        0.0033744310
        0.7800000000        0.9999306641        0.7517230792        0.0036652679
        0.7900000000        0.9999150391        0.9163240490        0.0043934280
        0.8000000000        0.9999142456        0.8976542973        0.0042800094
        0.8100000000        0.9998993530        1.0389505391        0.0049020427
        0.8200000000        0.9998837891        1.1822243903        0.0054532671
        0.8300000000        0.9998613892        1.4194698062        0.0064842204
        0.8400000000        0.9998486328        1.5221428547        0.0068499572
        0.8500000000        0.9998357544        1.6245969867        0.0071881863
        0.8600000000        0.9998097534        1.8875226010        0.0083063163
        0.8700000000        0.9997877808        2.1458671717        0.0091773648
        0.8800000000        0.9997634888        2.3159357253        0.0099202967
        0.8900000000        0.9997316284        2.6114038642        0.0109658499
        0.9000000000        0.9997119751        2.7396554831        0.0113937642
        0.9100000000        0.9996881714        3.0484971846        0.0124950895
        0.9200000000        0.9996476440        3.2907928644        0.0132984818
        0.9300000000        0.9996058350        3.6584836040        0.0145920952
        0.9400000000        0.9995616455        4.0576380321        0.0158989898
        0.9500000000        0.9995257568        4.3659934205        0.0170148415
        0.9600000000        0.9994784546        4.8134749348        0.0185023149
        0.9700000000        0.9994334106        5.0800200360        0.0192668437
        0.9800000000        0.9994049072        5.3159119903        0.0199448909
        0.9900000000        0.9993330078        6.0729050501        0.0221814995
        1.0000000000        0.9992725220        6.4235899374        0.0233091736
        1.0100000000        0.9992009888        6.8976311271        0.0247699521
        1.0200000000        0.9991539307        7.2983428909        0.0259114170
        1.0300000000        0.9990756226        7.9134086780        0.0279137590
        1.0400000000        0.9989990234        8.4403846144        0.0293470193
        1.0500000000        0.9989317627        9.6057140490        0.0327227659
        1.0600000000        0.9988201904       10.0659846697        0.0339842166
        1.0700000000        0.9987487183       10.7479555498        0.0356633494
        1.0800000000        0.9986671143       11.2239442128        0.0366938729
        1.0900000000        0.9985415649       11.6080834300        0.0377192437
        1.1000000000        0.9984473267       13.3255272172        0.0423562657
        1.1100000000        0.9983454590       14.1624063069        0.0444873717
        1.1200000000        0.9981961060       14.9025655701        0.0463938168
        1.1300000000        0.9980875854       15.6776056979        0.0479430067
        1.1400000000        0.9979595337       16.3539604709        0.0495249567
        1.1500000000        0.9978143311       17.7789076078        0.0530107448
        1.1600000000        0.9976542358       19.7983033955        0.0578347919
        1.1700000000        0.9975338745       20.0309815713        0.0582890145
        1.1800000000        0.9973662720       21.5677541838        0.0619302832
        1.1900000000        0.9971743164       22.9382554633        0.0654116865
        1.2000000000        0.9970111694       24.6198457805        0.0684676266
        1.2100000000        0.9968089600       25.8810163222        0.0709987124
        1.2200000000        0.9966719971       26.0927932383        0.0711836877
        1.2300000000        0.9964487915       28.8696397883        0.0768781939
        1.2400000000        0.9962759399       29.5851701104        0.0785387536
        1.2500000000        0.9960370483       31.8284479499        0.0830835000
        1.2600000000        0.9957821655       33.3830840767        0.0854181620
        1.2700000000        0.9955851440       36.0539916829        0.0914419724
        1.2800000000        0.9953021240       38.2907763662        0.0950697923
        1.2900000000        0.9950373535       39.0961790703        0.0958380774
        1.3000000000        0.9947575684       40.8740546153        0.0998217963
        1.3100000000        0.9944609985       44.3125953727        0.1062093020
        1.3200000000        0.9942109985       44.6275848020        0.1055057813
        1.3300000000        0.9938992920       48.9487727432        0.1137992492
        1.3400000000        0.9935630493       51.0371096543        0.1159045450
        1.3500000000        0.9932346802       53.0939514369        0.1189794190
        1.3600000000        0.9929194336       56.2183794114        0.1255449922
        1.3700000000        0.9925456543       60.3218328466        0.1312123272
        1.3800000000        0.9921829834       61.8642447476        0.1337888574
        1.3900000000        0.9918270264       65.6157897490        0.1393002427
        1.4000000000        0.9914416504       66.8756964271        0.1406668512
        1.4100000000        0.9909798584       72.3362679085        0.1479593498
        1.4200000000        0.9905349121       73.5750978865        0.1498681050
        1.4300000000        0.9901086426       79.4145279714        0.1583593730
        1.4400000000        0.9896314697       83.8726178821        0.1639077292
        1.4500000000        0.9891333618       88.1473482336        0.1688910977
        1.4600000000        0.9886617432       92.5322450340        0.1756708987
        1.4700000000        0.9882014771       96.1549213866        0.1795941212
        1.4800000000        0.9876312866      102.7695438762        0.1897714311
        1.4900000000        0.9870361938      105.9356039840        0.1929443721
        1.5000000000        0.9865823364      111.3121989568        0.1970209893
        1.5100000000        0.9860250854      116.3627804226        0.2038300385
        1.5200000000        0.9853206787      124.4624985186        0.2136657353
        1.5300000000        0.9846571655      126.5704195666        0.2138439843
        1.5400000000        0.9839850464      135.1021379462        0.2236312568
        1.5500000000        0.9833752441      143.6374032245        0.2297295733
        1.5600000000        0.9825759888      149.3416816904        0.2375418887
        1.5700000000        0.9819111328      151.5672203830        0.2408673645
        1.5800000000        0.9810567627      160.7766631330        0.2451857921
        1.5900000000        0.9803451538      169.1642836076        0.2560091321
        1.6000000000        0.9795322876      179.4028262119        0.2673002457
        1.6100000000        0.9788552246      186.6174652166        0.2717724112
        1.6200000000        0.9780051270      190.2362462950        0.2738798702
        1.6300000000        0.9770249634      205.3756545646        0.2863960062
        1.6400000000        0.9761467285      212.4175554880        0.2890886561
        1.6500000000        0.9751895752      228.9025743938        0.3066708818
        1.6600000000        0.9742733154      229.5971371985        0.3066041354
        1.6700000000        0.9731666260      245.3214429654        0.3192433309
        1.6800000000        0.9721627197      256.4806772318        0.3196968770
        1.6900000000        0.9711846313      263.0738046979        0.3230930065
        1.7000000000        0.9700939331      284.9936631990        0.3455990986
        1.7100000000        0.9689224854      295.2279869892        0.3510336659
        1.7200000000        0.9676882324      322.2553482561        0.3729664102
        1.7300000000        0.9666588745      327.9057759759        0.3710592885
        1.7400000000        0.9653365479      343.9796883624        0.3802141215
        1.7500000000        0.9639787598      367.0960862860        0.3950107522
        1.7600000000        0.9628013916      371.5650055399        0.3955306199
        1.7700000000        0.9614089355      396.2408129936        0.4065856030
        1.7800000000        0.9598486938      420.4079381672        0.4213177478
        1.7900000000        0.9583093872      456.1891940979        0.4447935726
        1.8000000000        0.9568784790      460.3121871884        0.4352496812
        1.8100000000        0.9552232056      503.7742358771        0.4522868941
        1.8200000000        0.9537060547      528.6464835159        0.4606233808
        1.8300000000        0.9519743652      537.2440606569        0.4654561799
        1.8400000000        0.9500644531      578.6889695654        0.4835212924
        1.8500000000        0.9486569824      595.8818372963        0.4867398875
        1.8600000000        0.9466497803      646.3440826613        0.5150437260
        1.8700000000        0.9447107544      688.6810200209        0.5268497818
        1.8800000000        0.9424839478      737.1621792224        0.5422977070
        1.8900000000        0.9402305908      754.3745818789        0.5454162443
        1.9000000000        0.9382994385      784.8740261842        0.5463454153
        1.9100000000        0.9362384644      859.6900667205        0.5768700167
        1.9200000000        0.9335823364      925.8819346025        0.5933622188
        1.9300000000        0.9311650391      966.7369409315        0.6176038989
        1.9400000000        0.9286584473     1046.4942139180        0.6325131759
        1.9500000000        0.9260966797     1094.6752492310        0.6285005649
        1.9600000000        0.9230283813     1189.3892662932        0.6547060908
        1.9700000000        0.9207152710     1325.8454948919        0.6893063524
        1.9800000000        0.9176683960     1355.9075681502        0.6743145738
        1.9900000000        0.9147239990     1476.8977938445        0.7177759824
        2.0000000000        0.9113714600     1595.0692468751        0.7273396092
        2.0100000000        0.9080593872     1710.1541658882        0.7543471776
        2.0200000000        0.9043508911     1806.2789843750        0.7550105571
        2.0300000000        0.9010801392     1939.3719763234        0.7706432084
        2.0400000000        0.8972562866     2099.4822730073        0.7890671650
        2.0500000000        0.8924865112     2393.1071646030        0.8534207860
        2.0600000000        0.8882816162     2631.5319406556        0.8728701163
        2.0700000000        0.8831661987     2914.0737311285        0.8854696042
        2.0800000000        0.8788627319     3121.5700610281        0.8948759371
        2.0900000000        0.8745402832     3313.4561296642        0.9196998507
        2.1000000000        0.8687303467     3788.3594855950        0.9405507790
        2.1100000000        0.8627020264     4522.8953761848        1.0177540246
        2.1200000000        0.8571348267     5239.5660905370        1.0759016983
        2.1300000000        0.8501489258     5797.1163849762        1.0752824160
        2.1400000000        0.8442467041     6455.3349578266        1.1058104364
        2.1500000000        0.8359023438     6993.8480297667        1.1022362998
        2.1600000000        0.8260451660     9131.4475180547        1.2019454541
        2.1700000000        0.8177182617    10991.7747115219        1.2121775015
        2.1800000000        0.8087327271    12730.8832359808        1.3156523818
        2.1900000000        0.7961970825    18558.3105750850        1.4193032070
        2.2000000000        0.7832538452    20899.6369726990        1.4639732267
        2.2100000000        0.7671177979    29215.9583211536        1.5826959379
        2.2200000000        0.7547706299    32696.1359728606        1.5988791999
        2.2300000000        0.7361101685    46821.1612096132        1.6933423884
        2.2400000000        0.7091538086    69873.1523946436        1.7244155243
        2.2500000000        0.6689505005   125230.7542437508        2.0992872014
        2.2600000000        0.6380471191   152104.9776632753        2.0468904136
        2.2700000000        0.5968867798   196796.0550537173        2.1514329162
        2.2800000000        0.5411361694   260953.9739960259        2.3005750064
        2.2900000000        0.4933848267   266101.4099702790        2.2007852658
        2.3000000000        0.4319514771   280297.9310149736        2.0384596530
        2.3100000000        0.3830767212   277628.2472878526        1.9074423456
        2.3200000000        0.3379924316   261744.7694443972        1.7457949170
        2.3300000000        0.2874982300   234001.6354710037        1.8131653227
        2.3400000000        0.2562093506   188355.1043067311        1.5522196327
        2.3500000000        0.2381004639   172731.3415573409        1.3284604726
        2.3600000000        0.2222015381   165000.0322431148        1.4323317541
        2.3700000000        0.2059199219   141324.6608843886        1.4219712295
        2.3800000000        0.1858587036   114765.7261060665        1.2403931199
        2.3900000000        0.1683520508    99030.3159414228        1.2436554691
        2.4000000000        0.1524125977    88484.5914483336        1.1655049341
        2.4100000000        0.1495472412    85273.0922945024        0.9535346094
        2.4200000000        0.1439699707    70257.9593384300        1.0141448375
        2.4300000000        0.1327973022    66280.3200102625        1.0522303120
        2.4400000000        0.1269974365    58183.6660072748        0.9272719564
        2.4500000000        0.1195856323    51961.4110540563        0.7663308886
        2.4600000000        0.1202799072    53203.9629177847        1.1272210855
        2.4700000000        0.1109855957    46613.2123850204        0.8020106151
        2.4800000000        0.1034116211    41028.8026306453        0.8577073636
        2.4900000000        0.1030317383    37860.4107132532        0.9221034855
        2.5000000000        0.1004110107    36068.7010511001        0.8427992925
        2.5100000000        0.0902440796    31270.6632350350        0.9739606802
        2.5200000000        0.0913931885    30431.6991816469        0.8887058117
        2.5300000000        0.0869283447    28999.7037856721        0.8085224419
        2.5400000000        0.0873119507    29443.0304783220        0.6983095827
        2.5500000000        0.0818959351    25524.8165909560        0.7109307204
        2.5600000000        0.0832330933    23312.7406376710        0.8619236442
        2.5700000000        0.0812189331    23117.4773958902        0.8531843895
        2.5800000000        0.0727596436    19181.8335068799        0.6314385840
        2.5900000000        0.0800997925    22818.4705109798        0.6968740799
        2.6000000000        0.0761263428    21725.3989299039        0.7522011428
        2.6100000000        0.0720287476    17902.4306953784        0.7528404726
        2.6200000000        0.0752994995    19576.6665589457        0.6309359995
        2.6300000000        0.0700765381    18389.0573679659        0.6892447268
        2.6400000000        0.0711669922    17466.5439393940        0.6766957208
        2.6500000000        0.0698097534    16116.3852790331        0.6098629628
        2.6600000000        0.0659274902    15261.4686011279        0.5339025329
        2.6700000000        0.0646013794    15345.6530889280        0.7200457752
        2.6800000000        0.0620564575    15288.9626565066        0.5691899268
        2.6900000000        0.0641393433    15428.9775585270        0.6549830022
        2.7000000000        0.0666474609    15188.0325392593        0.6581473559
        2.7100000000        0.0579472656    11761.5125815499        0.5487392805
        2.7200000000        0.0647923584    15070.3831947611        0.4417269484
        2.7300000000        0.0586270142    12080.9256175596        0.6067541658
        2.7400000000        0.0521558838     8259.5603904198        0.6338868587
        2.7500000000        0.0553442993     9720.7036563410        0.5612433225
        2.7600000000        0.0567107544    12079.4362273325        0.6800565566
        2.7700000000        0.0503856201     9289.1761659748        0.5959202014
        2.7800000000        0.0595573730    12459.5475507195        0.4236185730
        2.7900000000        0.0547376709     9702.2952579750        0.4747059996
        2.8000000000        0.0521632080    10094.4345499108        0.5098318090
        2.8100000000        0.0540780029    10868.2610276691        0.5278016921
        2.8200000000        0.0511677246     7818.8099684398        0.4493730055
        2.8300000000        0.0522449341     8158.0528188826        0.4230242922
        2.8400000000        0.0440742187     6620.7954985916        0.3223236816
        2.8500000000        0.0510764160     8134.3046733334        0.5074963156
        2.8600000000        0.0448170776     6966.1326029502        0.6246135627
        2.8700000000        0.0505366211     8568.1407651568        0.3269320650
        2.8800000000        0.0437312012     6567.4516913195        0.5160031430
        2.8900000000        0.0463662720     7092.4382304282        0.4739618107
        2.9000000000        0.0447616577     6422.2778744612        0.4542536590
        2.9100000000        0.0499553223     7701.4482168385        0.4416400004
        2.9200000000        0.0477319336     6768.6643493151        0.4062597078
        2.9300000000        0.0454523315     6693.8579035623        0.3591990691
        2.9400000000        0.0467635498     6324.2814992347        0.3379616644
        2.9500000000        0.0434197388     5681.9515821822        0.2922108873
        2.9600000000        0.0435639038     5821.8563766681        0.2567014771
        2.9700000000        0.0431698608     5495.9821333123        0.3559861261
        2.9800000000        0.0436358643     6875.8018267618        0.5074214973
        2.9900000000        0.0409640503     5172.2253757316        0.4456001287
        3.0000000000        0.0404602661     5785.3913374792        0.3786180499
        3.0100000000        0.0372183228     4165.4200534676        0.4425216705
        3.0200000000        0.0399862671     5925.1343496482        0.3995892249
        3.0300000000        0.0380834351     4674.7918795174        0.3858700251
        3.0400000000        0.0461363525     7030.4961676810        0.4042961386
        3.0500000000        0.0431093750     5466.0318767213        0.4601354490
        3.0600000000        0.0428454590     5332.5970506536        0.4272219495
        3.0700000000        0.0389989624     4312.4924332044        0.5453763840
        3.0800000000        0.0384874268     4243.8300713474        0.4174335000
        3.0900000000        0.0413197632     4394.8374132484        0.3698980884
        3.1000000000        0.0350471802     3460.2380369153        0.2606284745
        3.1100000000        0.0407320557     5437.6707131029        0.4372001862
        3.1200000000        0.0379218750     4481.3600692308        0.3099993924
        3.1300000000        0.0348647461     3902.6799884984        0.2955267511
        3.1400000000        0.0405841675     5446.6516966362        0.2738477084
        3.1500000000        0.0352374878     4112.7440563294        0.4355349379
        3.1600000000        0.0381570435     4239.6682510878        0.3692482369
        3.1700000000        0.0399984741     4312.1662021885        0.3988460248
        3.1800000000        0.0362131348     3803.7247669812        0.2917586437
        3.1900000000        0.0324531860     3141.9519912030        0.2274514437
        3.2000000000        0.0373715820     3968.4826637500        0.3839661272
        3.2100000000        0.0335361328     3269.4528049844        0.1922771108
        3.2200000000        0.0324174805     2932.3964211180        0.2834874113
        3.2300000000        0.0333432007     2913.6966906927        0.2584463901
        3.2400000000        0.0380660400     3445.0127647377        0.2383387497
        3.2500000000        0.0366855469     3873.6717858462        0.2224526178
        3.2600000000        0.0354608154     3667.3431729295        0.2875619025
        3.2700000000        0.0369278564     3971.5541919725        0.2917234723
        3.2800000000        0.0329415283     3389.3325877287        0.2717916464
        3.2900000000        0.0318034058     3196.0517764248        0.2039948498
        3.3000000000        0.0360413818     3350.8214393182        0.3193781701
        3.3100000000        0.0316174927     2650.5059584404        0.2515800501
        3.3200000000        0.0324509277     2546.8919996988        0.2178384868
        3.3300000000        0.0275980835     2355.2027798611        0.2562997752
        3.3400000000        0.0313998413     2768.3819793226        0.2471716666
        3.3500000000        0.0345982666     3350.7998476866        0.2271083203
        3.3600000000        0.0309918213     2892.1597302828        0.2556019874
        3.3700000000        0.0331491089     3441.4541686758        0.2223109977
        3.3800000000        0.0284406738     2605.2813464497        0.2750670174
        3.3900000000        0.0324660645     2901.2255572272        0.2781528735
        3.4000000000        0.0325072021     2760.3222499265        0.2574215204
        3.4100000000        0.0344530029     3319.5485981672        0.2379704340
        3.4200000000        0.0347348022     3378.4288189876        0.2576913355
        3.4300000000        0.0341989746     2892.0159647231        0.2148529985
        3.4400000000        0.0298970947     2657.2054586483        0.2791622639
        3.4500000000        0.0303425903     2543.4360201268        0.2135372162
        3.4600000000        0.0305036621     2229.0545523122        0.2250603691
        3.4700000000        0.0285957031     2362.3534916427        0.2257140156
        3.4800000000        0.0314177856     2592.6983297234        0.1788627532
        3.4900000000        0.0311976318     2995.1687649714        0.2121084731
        3.5000000000        0.0286290894     2152.2159735536        0.3234295017
        3.5100000000        0.0264778442     1842.9168274751        0.2159633435
        3.5200000000        0.0345835571     3107.1999877664        0.1590464434
        3.5300000000        0.0273529663     2044.1031373761        0.2258369176
        3.5400000000        0.0272316284     1874.9402795021        0.2813630620
        3.5500000000        0.0288142700     2230.3842139261        0.1772779737
        3.5600000000        0.0342274170     2862.3839268961        0.2283739126
        3.5700000000        0.0290155029     2070.8032895658        0.2534535713
        3.5800000000        0.0328769531     3547.1352245810        0.2124106290
        3.5900000000        0.0289391479     2372.4644965007        0.1644329519
        3.6000000000        0.0339165649     2166.7688763715        0.2031830795
        3.6100000000        0.0226533813     1437.2632027528        0.1700690270
        3.6200000000        0.0308685303     1914.3543076658        0.1451759910
        3.6300000000        0.0274404297     1458.9915107438        0.2492260866
        3.6400000000        0.0313948975     2574.8356477335        0.2612511454
        3.6500000000        0.0292728271     2411.0639171918        0.1957761142
        3.6600000000        0.0359620972     2442.5714615950        0.2233537645
        3.6700000000        0.0317152100     2157.4692288147        0.1679430325
        3.6800000000        0.0308413086     2548.8545445652        0.2816238781
        3.6900000000        0.0305808716     3048.7197261349        0.4108984406
        3.7000000000        0.0270454102     1900.5064097297        0.2623882424
        3.7100000000        0.0228527832     1633.3808557952        0.2501821206
        3.7200000000        0.0311110840     2273.1901180108        0.1624433517
        3.7300000000        0.0265908813     1977.1091115114        0.2122825571
        3.7400000000        0.0379288940     3972.9943126839        0.1353818013
        3.7500000000        0.0266949463     1909.0353850000        0.2066915873
        3.7600000000        0.0254894409     1434.8358184674        0.2783892279
        3.7700000000        0.0296810913     2110.6516739887        0.1757477016
        3.7800000000        0.0284322510     1658.1486184524        0.1595943358
        3.7900000000        0.0244992676     1512.8224799472        0.1472172965
        3.8000000000        0.0273441772     1733.1753939309        0.1134388320
        3.8100000000        0.0263320923     1669.7044188812        0.2584021052
        3.8200000000        0.0308269653     2132.0474024706        0.1635659451
        3.8300000000        0.0315098267     2135.1696793571        0.2698328431
        3.8400000000        0.0268292236     1847.4503759766        0.1888399603
        3.8500000000        0.0271145630     1663.0540905033        0.1736985972
        3.8600000000        0.0275662231     1583.8355242066        0.1582512932
        3.8700000000        0.0244924927     1455.7292760821        0.1098954160
        3.8800000000        0.0255182495     1674.2894928963        0.1442451765
        3.8900000000        0.0246320801     1159.5870311054        0.1898697388
        3.9000000000        0.0288925171     1650.0967528045        0.1963115668
        3.9100000000        0.0282924805     2026.6718680307        0.2002297679
        3.9200000000        0.0215585327     1245.4373050861        0.1212618445
        3.9300000000        0.0284158936     1501.9676152036        0.1241220931
        3.9400000000        0.0244927368     1369.7428058217        0.1964727860
        3.9500000000        0.0257814331     1378.0838226424        0.1559272845
        3.9600000000        0.0259903564     1474.6847494318        0.1629651734
        3.9700000000        0.0292692261     1676.3533184981        0.1475385620
        3.9800000000        0.0246400757     1367.4430871702        0.1075923010
        3.9900000000        0.0287939453     1899.4767919800        0.1744485992
        4.0000000000        0.0210643921     1632.5868099844        0.1354737016
        4.0100000000        0.0234003906     1222.0224179551        0.2154523409
        4.0200000000        0.0242222290     1579.1870887904        0.1549802551
        4.0300000000        0.0249479980     1580.7598091812        0.1077858248
        4.0400000000        0.0243220825     1213.4969206529        0.1593737129
        4.0500000000        0.0237512817     1045.1460820833        0.1583599835
        4.0600000000        0.0302917480     1784.0500923646        0.2254565443
        4.0700000000        0.0239636230     1576.9538022113        0.1380121645
        4.0800000000        0.0265829468     1664.7175210631        0.1433807379
        4.0900000000        0.0239227905     1091.7299144102        0.2288397544
        4.1000000000        0.0258909912     1415.7747682317        0.1352446075
        4.1100000000        0.0235825806     1130.8594566758        0.1231456733
        4.1200000000        0.0254140015     1331.4248378489        0.1278187343
        4.1300000000        0.0270365601     1361.7543116072        0.2358047613
        4.1400000000        0.0247066650     1143.9936226449        0.1621037158
        4.1500000000        0.0257476807     1416.9588177711        0.1469657157
        4.1600000000        0.0278146362     1841.3181306340        0.1029735071
        4.1700000000        0.0241430664      930.2177218226        0.1586229009
        4.1800000000        0.0239894409     1269.4706960377        0.1968753770
        4.1900000000        0.0259421997     1561.6494724195        0.2110778412
        4.2000000000        0.0263881226     1756.5328921280        0.1081488172
        4.2100000000        0.0258756714     1573.8708609115        0.1610765232
        4.2200000000        0.0220634766     1043.9807146920        0.1313885277
        4.2300000000        0.0218751831     1222.8837114510        0.1023162075
        4.2400000000        0.0284567871     1788.9395091981        0.1103409707
        4.2500000000        0.0300667725     1913.3525735883        0.1417846020
        4.2600000000        0.0226821289     1075.0739821596        0.1701216527
        4.2700000000        0.0211124268      854.1568964286        0.1535710712
        4.2800000000        0.0236887817     1234.0360150555        0.1858132244
        4.2900000000        0.0249445190     1318.6118082605        0.2035373670
        4.3000000000        0.0267293701     1835.2451692442        0.1411012509
        4.3100000000        0.0253628540     1776.5834248115        0.1447071534
        4.3200000000        0.0252974243     1420.5494830874        0.1379610082
        4.3300000000        0.0259069824     1207.2461374134        0.1264609239
        4.3400000000        0.0186719971      855.5514100807        0.1262557499
        4.3500000000        0.0215318604     1122.1809585632        0.1434165346
        4.3600000000        0.0291638794     1582.7501714306        0.1478865548
        4.3700000000        0.0216581421      988.1192018164        0.0892579279
        4.3800000000        0.0216460571      999.4760102597        0.0980463266
        4.3900000000        0.0218299561      982.2130660023        0.2477935380
        4.4000000000        0.0254005127     1167.0121272159        0.2496916021
        4.4100000000        0.0252294922     1589.8672108844        0.1343928279
        4.4200000000        0.0197769165      948.3183169542        0.0780191151
        4.4300000000        0.0216051025     1266.1454784989        0.1516868537
        4.4400000000        0.0215126343     1000.7849328688        0.1553407723
        4.4500000000        0.0229299927     1093.4569209972        0.1615881455
        4.4600000000        0.0249139404     1111.0436645179        0.1171465599
        4.4700000000        0.0251814575     1436.1021206795        0.1224569719
        4.4800000000        0.0191324463      914.1934548549        0.1184319159
        4.4900000000        0.0177362671      664.9761514337        0.1130349613
        4.5000000000        0.0216511841      824.9005932083        0.0889379850
        4.5100000000        0.0220364990     1032.0595604767        0.0955850863
        4.5200000000        0.0257887573     1256.3686182384        0.1864540789
        4.5300000000        0.0199702148      768.3335973510        0.1644888279
        4.5400000000        0.0237531738     1229.1918834802        0.0890908612
        4.5500000000        0.0236532593      975.5412057006        0.0810306773
        4.5600000000        0.0236953735     1103.0786920916        0.1375168742
        4.5700000000        0.0195082397      751.2620605990        0.1101669003
        4.5800000000        0.0242239380     1110.5035040257        0.0638957523
        4.5900000000        0.0260224609     1761.2231494554        0.0812019951
        4.6000000000        0.0244360352     1073.9791086957        0.1196057886
        4.6100000000        0.0222376099     1014.4465797045        0.0973768577
        4.6200000000        0.0190697021      766.1852834957        0.0814183814
        4.6300000000        0.0222002563      878.7908012824        0.0807653405
        4.6400000000        0.0219351196      742.3766941676        0.1362879227
        4.6500000000        0.0292191772     1551.8697240726        0.1283087804
        4.6600000000        0.0301442871     1335.0403774678        0.0889475499
        4.6700000000        0.0212169189      874.3335930942        0.0929593601
        4.6800000000        0.0224618530     1234.5571551149        0.0808429220
        4.6900000000        0.0237596436     1093.7737568763        0.0742676514
        4.7000000000        0.0214091797     1003.7104544681        0.0883658945
        4.7100000000        0.0202623901      926.0925631502        0.1004984010
        4.7200000000        0.0286284790     1442.9566154529        0.0922897999
        4.7300000000        0.0277689209     1487.8605026956        0.0976590520
        4.7400000000        0.0199032593      714.1353767801        0.0660250083
        4.7500000000        0.0212174683     1094.8409061974        0.0803033417
        4.7600000000        0.0271525879     1410.6077544118        0.0771752022
        4.7700000000        0.0213521118     1008.2389951651        0.1022449895
        4.7800000000        0.0175203857      674.9753279812        0.1142333983
        4.7900000000        0.0243959961      778.1765185804        0.1062512639
        4.8000000000        0.0208463135      830.9030453646        0.1429099723
        4.8100000000        0.0191438599      698.9467202573        0.0883493706
        4.8200000000        0.0278756714     1439.9974166883        0.0977956477
        4.8300000000        0.0279854736     1632.9604529503        0.1328468735
        4.8400000000        0.0233999634     1191.9507977144        0.1338421076
        4.8500000000        0.0211990967      957.4190943815        0.1205453867
        4.8600000000        0.0220493164      977.7148979424        0.0807629616
        4.8700000000        0.0185804443      742.4383716119        0.0787297450
        4.8800000000        0.0182038574      699.0184489754        0.0609549066
        4.8900000000        0.0174758301      563.9812758691        0.0930675077
        4.9000000000        0.0202224731      763.5554129464        0.0552222369
        4.9100000000        0.0217542725      592.5567962831        0.1414529289
        4.9200000000        0.0171392822      765.0130068598        0.1222291646
        4.9300000000        0.0196439819      683.5836281821        0.1089892958
        4.9400000000        0.0200336304      635.0621791372        0.0543301369
        4.9500000000        0.0201010742      739.5707967677        0.0927671227
        4.9600000000        0.0191702271      633.4602416205        0.0820086114
        4.9700000000        0.0233621826     1539.2474502515        0.0779975331
        4.9800000000        0.0218757935      863.5375681602        0.0655841036
        4.9900000000        0.0212753296      686.5519711298        0.0871033550
        5.0000000000        0.0204989014      628.1685335500        0.1204694058
