        30        2.3310000000        0.4990025694    16526.5035530470        1.8528961737
        32        2.3230000000        0.5005413208    21214.9666864625        1.8143874238
        34        2.3200000000        0.4988276384    26610.1867661369        1.8877535136
        36        2.3170000000        0.4990516493    32494.2016747395        1.9443696469
        38        2.3110000000        0.4990880367    39640.1428343724        1.8774921584
        40        2.3080000000        0.4992295312    49137.7210040892        2.0297725847
        42        2.3070000000        0.4993446358    56769.0399412641        1.9520677519
        44        2.3030000000        0.4995938468    67051.5533381037        1.9721555596
        46        2.3010000000        0.5010079159    79349.8161136192        1.9882841755
        48        2.2990000000        0.5034400770    93546.6017354270        2.0278065309
        50        2.2990000000        0.4935913250   109931.1016331680        2.0802469672
        52        2.2950000000        0.5019762158   125236.9659603062        2.1092055882
        54        2.2940000000        0.5008427641   144738.9608516787        2.1963455724
        56        2.2920000000        0.5032509566   164681.8275414489        2.1284466383
        58        2.2920000000        0.4998790131   184007.7713137001        2.0295876476
        60        2.2900000000        0.4996980035   214299.0573791880        2.3411973126
        62        2.2890000000        0.4978024844   244073.0373383306        2.2380217666
        64        2.2890000000        0.4969884949   270193.5788297225        2.1999257938
        66        2.2870000000        0.4993997934   308133.5113203987        2.2833554198
        68        2.2860000000        0.5022366458   338232.8066994479        2.2510120549
        70        2.2860000000        0.4974691964   378377.9025039908        2.2409886825
        72        2.2850000000        0.4992861690   405718.9756235235        2.2295166457
        74        2.2840000000        0.5027833843   451583.4375116972        2.3449585719
        76        2.2830000000        0.5031487729   497951.6849711027        2.2658815991
        78        2.2830000000        0.4992298549   554588.3909895136        2.3428060975
        80        2.2830000000        0.5010920898   601390.8269325930        2.3525480916
        82        2.2820000000        0.4997631711   652135.5904986025        2.3822554189
        84        2.2810000000        0.5004341872   720217.2394571952        2.4041283354
        86        2.2810000000        0.5036126961   762822.0268828367        2.4249896989
        88        2.2800000000        0.5021798893   841681.8719753833        2.4381113174
        90        2.2800000000        0.4966929398   948350.8353994916        2.4477588802
        92        2.2790000000        0.4991357588  1009209.6265091597        2.4124514554
        94        2.2790000000        0.5014405557  1080566.1620989211        2.3704450666
        96        2.2780000000        0.5027257012  1148684.6630092184        2.4555972049
        98        2.2780000000        0.4999645590  1256689.5149889642        2.4567741407
       100        2.2770000000        0.5054590187  1325032.7170855154        2.4829640250
       102        2.2780000000        0.5009979095  1472354.5706255247        2.5137258166
       104        2.2770000000        0.5017056849  1548006.3235856520        2.4937004733
       106        2.2770000000        0.4955204977  1669746.4062838855        2.4640329310
       108        2.2770000000        0.5002199824  1706770.1684389480        2.4379540880
       110        2.2760000000        0.5029738740  1892891.0920430541        2.5591425344
       112        2.2760000000        0.4997166275  1966513.8301366928        2.5502349319
       114        2.2760000000        0.4950167407  2214767.7489297292        2.5835451013
       116        2.2760000000        0.4969056090  2359141.0171557534        2.6369258628
       118        2.2760000000        0.4964926341  2432924.5059482334        2.4924056797
       120        2.2750000000        0.5012523220  2544907.1734096413        2.5158801991
       122        2.2750000000        0.5072241879  2652131.1429986153        2.5329153902
       124        2.2750000000        0.4987942370  2890527.6491109775        2.4790484923
       126        2.2750000000        0.4981218427  3073827.8863689494        2.5563976155
       128        2.2740000000        0.5008703499  3291332.0561224520        2.6295686711
       130        2.2740000000        0.5033453735  3354731.2028176496        2.5883465789
