        30        2.3370000000        0.4728551389    16922.8697164568        1.7532418366
        32        2.3380000000        0.4618789062    21614.1601599659        1.7681214350
        34        2.3330000000        0.4494141977    27072.9616018389        1.7757607041
        36        2.3200000000        0.4760030382    33360.8166971967        1.9254985858
        38        2.3180000000        0.4704490132    41136.7349740550        1.9211221532
        40        2.3180000000        0.4568223828    50222.4678224613        1.9138634748
        42        2.3180000000        0.4482530825    60100.7955015354        1.9872722519
        44        2.3170000000        0.4426874677    71706.0905940318        2.0166712398
        46        2.3160000000        0.4324681593    84716.2045414982        1.9833400095
        48        2.3090000000        0.4493132595    99142.5544975911        1.9871481036
        50        2.3120000000        0.4283928500   115767.4092476147        2.0455210191
        52        2.3110000000        0.4267938471   133560.1953995821        2.0575977495
        54        2.3070000000        0.4326440544   153113.0419706315        2.0533842770
        56        2.3060000000        0.4331018415   176778.7478298397        2.0844803021
        58        2.3070000000        0.4246801427   202327.5361395756        2.1395921189
        60        2.3030000000        0.4284116319   227264.8713836240        2.0618204726
        62        2.2970000000        0.4511546241   261187.0957454771        2.3168426175
        64        2.2990000000        0.4401688538   294724.4071660988        2.2663447529
        66        2.2950000000        0.4527459969   328120.3505544927        2.2394015094
        68        2.3020000000        0.4088186770   367260.0403221374        2.2023393841
        70        2.3040000000        0.3881521556   406884.1950571009        2.0761410285
        72        2.3000000000        0.4029296875   456790.9180842402        2.1352468859
        74        2.3000000000        0.4040210236   500920.9580801033        2.1459795794
        76        2.2980000000        0.4050115240   554357.0372691195        2.1791012814
        78        2.2970000000        0.4100795427   603632.2071025241        2.0458299143
        80        2.2930000000        0.4273602246   672082.2406816126        2.2435559187
        82        2.2940000000        0.4176259946   738371.2897306416        2.1418155580
        84        2.2940000000        0.4119951105   799157.7453547315        2.2456395512
        86        2.2960000000        0.3958532230   888112.9405318219        2.2342153621
        88        2.2930000000        0.4044832290   973429.6867843389        2.2881193863
        90        2.2900000000        0.4247954707  1060722.8080563450        2.3489663050
        92        2.2870000000        0.4418413723  1129128.0808553188        2.4585621603
        94        2.2920000000        0.3972347428  1240382.1902188994        2.3724149678
        96        2.2880000000        0.4231229655  1348185.5514634810        2.4262667051
        98        2.2890000000        0.4069516868  1454039.0381188316        2.3322171494
       100        2.2920000000        0.3851284125  1541216.0747264356        2.2369728192
       102        2.2890000000        0.3998047085  1692745.2274630724        2.3843742871
       104        2.2880000000        0.4143813679  1798544.1665805241        2.4511584045
       106        2.2900000000        0.3845300763  1933119.8121386485        2.3564662907
       108        2.2910000000        0.3717592485  2063636.0213007373        2.2964361934
       110        2.2920000000        0.3649501033  2226090.7186893313        2.4664465375
       112        2.2890000000        0.3819330556  2390720.2426788751        2.5596359782
       114        2.2860000000        0.4046413800  2557354.3543305430        2.4782988981
       116        2.2860000000        0.4041218787  2709656.0731644835        2.5095425034
       118        2.2860000000        0.4025445409  2900710.6897807191        2.3543889256
       120        2.2870000000        0.3844175000  3076366.3583104531        2.4775290694
       122        2.2850000000        0.3990415883  3251692.5188293252        2.5244134702
       124        2.2870000000        0.3771610139  3500020.6093703331        2.5094827452
       126        2.2850000000        0.3974637897  3719996.4729721015        2.4052750678
       128        2.2850000000        0.3910404625  3953024.9868607805        2.5373515218
       130        2.2840000000        0.3961209763  4196049.5500962213        2.5941328098
