         -5.00000000          0.00000000
         -4.97500000          0.00000069
         -4.95000000          0.00000138
         -4.92500000          0.00000210
         -4.90000000          0.00000285
         -4.87500000          0.00000364
         -4.85000000          0.00000448
         -4.82500000          0.00000538
         -4.80000000          0.00000636
         -4.77500000          0.00000743
         -4.75000000          0.00000860
         -4.72500000          0.00000988
         -4.70000000          0.00001130
         -4.67500000          0.00001286
         -4.65000000          0.00001459
         -4.62500000          0.00001651
         -4.60000000          0.00001865
         -4.57500000          0.00002101
         -4.55000000          0.00002364
         -4.52500000          0.00002656
         -4.50000000          0.00002980
         -4.47500000          0.00003341
         -4.45000000          0.00003741
         -4.42500000          0.00004184
         -4.40000000          0.00004677
         -4.37500000          0.00005223
         -4.35000000          0.00005829
         -4.32500000          0.00006500
         -4.30000000          0.00007243
         -4.27500000          0.00008065
         -4.25000000          0.00008974
         -4.22500000          0.00009979
         -4.20000000          0.00011089
         -4.17500000          0.00012315
         -4.15000000          0.00013667
         -4.12500000          0.00015158
         -4.10000000          0.00016800
         -4.07500000          0.00018609
         -4.05000000          0.00020599
         -4.02500000          0.00022788
         -4.00000000          0.00025194
         -3.97500000          0.00027835
         -3.95000000          0.00030735
         -3.92500000          0.00033914
         -3.90000000          0.00037400
         -3.87500000          0.00041218
         -3.85000000          0.00045397
         -3.82500000          0.00049968
         -3.80000000          0.00054966
         -3.77500000          0.00060425
         -3.75000000          0.00066385
         -3.72500000          0.00072887
         -3.70000000          0.00079976
         -3.67500000          0.00087700
         -3.65000000          0.00096109
         -3.62500000          0.00105259
         -3.60000000          0.00115207
         -3.57500000          0.00126018
         -3.55000000          0.00137756
         -3.52500000          0.00150494
         -3.50000000          0.00164307
         -3.47500000          0.00179276
         -3.45000000          0.00195486
         -3.42500000          0.00213029
         -3.40000000          0.00232001
         -3.37500000          0.00252504
         -3.35000000          0.00274648
         -3.32500000          0.00298548
         -3.30000000          0.00324324
         -3.27500000          0.00352105
         -3.25000000          0.00382027
         -3.22500000          0.00414233
         -3.20000000          0.00448874
         -3.17500000          0.00486108
         -3.15000000          0.00526101
         -3.12500000          0.00569028
         -3.10000000          0.00615074
         -3.07500000          0.00664430
         -3.05000000          0.00717299
         -3.02500000          0.00773890
         -3.00000000          0.00834425
         -2.97500000          0.00899132
         -2.95000000          0.00968252
         -2.92500000          0.01042035
         -2.90000000          0.01120738
         -2.87500000          0.01204633
         -2.85000000          0.01293999
         -2.82500000          0.01389127
         -2.80000000          0.01490315
         -2.77500000          0.01597876
         -2.75000000          0.01712129
         -2.72500000          0.01833406
         -2.70000000          0.01962046
         -2.67500000          0.02098400
         -2.65000000          0.02242828
         -2.62500000          0.02395699
         -2.60000000          0.02557391
         -2.57500000          0.02728290
         -2.55000000          0.02908791
         -2.52500000          0.03099297
         -2.50000000          0.03300215
         -2.47500000          0.03511963
         -2.45000000          0.03734962
         -2.42500000          0.03969639
         -2.40000000          0.04216425
         -2.37500000          0.04475756
         -2.35000000          0.04748068
         -2.32500000          0.05033800
         -2.30000000          0.05333393
         -2.27500000          0.05647287
         -2.25000000          0.05975918
         -2.22500000          0.06319722
         -2.20000000          0.06679130
         -2.17500000          0.07054567
         -2.15000000          0.07446452
         -2.12500000          0.07855196
         -2.10000000          0.08281199
         -2.07500000          0.08724849
         -2.05000000          0.09186525
         -2.02500000          0.09666586
         -2.00000000          0.10165379
         -1.97500000          0.10683230
         -1.95000000          0.11220447
         -1.92500000          0.11777315
         -1.90000000          0.12354096
         -1.87500000          0.12951028
         -1.85000000          0.13568321
         -1.82500000          0.14206153
         -1.80000000          0.14864677
         -1.77500000          0.15544008
         -1.75000000          0.16244229
         -1.72500000          0.16965387
         -1.70000000          0.17707490
         -1.67500000          0.18470506
         -1.65000000          0.19254363
         -1.62500000          0.20058945
         -1.60000000          0.20884092
         -1.57500000          0.21729596
         -1.55000000          0.22595205
         -1.52500000          0.23480615
         -1.50000000          0.24385476
         -1.47500000          0.25309383
         -1.45000000          0.26251883
         -1.42500000          0.27212467
         -1.40000000          0.28190575
         -1.37500000          0.29185593
         -1.35000000          0.30196853
         -1.32500000          0.31223631
         -1.30000000          0.32265150
         -1.27500000          0.33320579
         -1.25000000          0.34389033
         -1.22500000          0.35469572
         -1.20000000          0.36561205
         -1.17500000          0.37662888
         -1.15000000          0.38773527
         -1.12500000          0.39891976
         -1.10000000          0.41017045
         -1.07500000          0.42147493
         -1.05000000          0.43282037
         -1.02500000          0.44419351
         -1.00000000          0.45558067
         -0.97500000          0.46696780
         -0.95000000          0.47834049
         -0.92500000          0.48968401
         -0.90000000          0.50098332
         -0.87500000          0.51222312
         -0.85000000          0.52338786
         -0.82500000          0.53446182
         -0.80000000          0.54542909
         -0.77500000          0.55627363
         -0.75000000          0.56697931
         -0.72500000          0.57752995
         -0.70000000          0.58790937
         -0.67500000          0.59810140
         -0.65000000          0.60808995
         -0.62500000          0.61785902
         -0.60000000          0.62739279
         -0.57500000          0.63667563
         -0.55000000          0.64569213
         -0.52500000          0.65442717
         -0.50000000          0.66286597
         -0.47500000          0.67099408
         -0.45000000          0.67879747
         -0.42500000          0.68626257
         -0.40000000          0.69337627
         -0.37500000          0.70012599
         -0.35000000          0.70649972
         -0.32500000          0.71248603
         -0.30000000          0.71807413
         -0.27500000          0.72325388
         -0.25000000          0.72801584
         -0.22500000          0.73235130
         -0.20000000          0.73625226
         -0.17500000          0.73971155
         -0.15000000          0.74272274
         -0.12500000          0.74528024
         -0.10000000          0.74737929
         -0.07500000          0.74901597
         -0.05000000          0.75018723
         -0.02500000          0.75089086
          0.00000000          0.75112555
          0.02500000          0.75089086
          0.05000000          0.75018723
          0.07500000          0.74901597
          0.10000000          0.74737929
          0.12500000          0.74528024
          0.15000000          0.74272274
          0.17500000          0.73971155
          0.20000000          0.73625226
          0.22500000          0.73235130
          0.25000000          0.72801584
          0.27500000          0.72325388
          0.30000000          0.71807413
          0.32500000          0.71248603
          0.35000000          0.70649972
          0.37500000          0.70012599
          0.40000000          0.69337627
          0.42500000          0.68626257
          0.45000000          0.67879747
          0.47500000          0.67099408
          0.50000000          0.66286597
          0.52500000          0.65442717
          0.55000000          0.64569213
          0.57500000          0.63667563
          0.60000000          0.62739279
          0.62500000          0.61785902
          0.65000000          0.60808995
          0.67500000          0.59810140
          0.70000000          0.58790937
          0.72500000          0.57752995
          0.75000000          0.56697931
          0.77500000          0.55627363
          0.80000000          0.54542909
          0.82500000          0.53446182
          0.85000000          0.52338786
          0.87500000          0.51222312
          0.90000000          0.50098332
          0.92500000          0.48968401
          0.95000000          0.47834049
          0.97500000          0.46696780
          1.00000000          0.45558067
          1.02500000          0.44419351
          1.05000000          0.43282037
          1.07500000          0.42147493
          1.10000000          0.41017045
          1.12500000          0.39891976
          1.15000000          0.38773527
          1.17500000          0.37662888
          1.20000000          0.36561205
          1.22500000          0.35469572
          1.25000000          0.34389033
          1.27500000          0.33320579
          1.30000000          0.32265150
          1.32500000          0.31223631
          1.35000000          0.30196853
          1.37500000          0.29185593
          1.40000000          0.28190575
          1.42500000          0.27212467
          1.45000000          0.26251883
          1.47500000          0.25309383
          1.50000000          0.24385476
          1.52500000          0.23480615
          1.55000000          0.22595205
          1.57500000          0.21729596
          1.60000000          0.20884092
          1.62500000          0.20058945
          1.65000000          0.19254363
          1.67500000          0.18470506
          1.70000000          0.17707490
          1.72500000          0.16965387
          1.75000000          0.16244229
          1.77500000          0.15544008
          1.80000000          0.14864677
          1.82500000          0.14206153
          1.85000000          0.13568321
          1.87500000          0.12951029
          1.90000000          0.12354096
          1.92500000          0.11777315
          1.95000000          0.11220447
          1.97500000          0.10683230
          2.00000000          0.10165379
          2.02500000          0.09666586
          2.05000000          0.09186525
          2.07500000          0.08724849
          2.10000000          0.08281199
          2.12500000          0.07855196
          2.15000000          0.07446452
          2.17500000          0.07054567
          2.20000000          0.06679130
          2.22500000          0.06319722
          2.25000000          0.05975918
          2.27500000          0.05647287
          2.30000000          0.05333393
          2.32500000          0.05033800
          2.35000000          0.04748068
          2.37500000          0.04475756
          2.40000000          0.04216425
          2.42500000          0.03969639
          2.45000000          0.03734962
          2.47500000          0.03511963
          2.50000000          0.03300215
          2.52500000          0.03099297
          2.55000000          0.02908792
          2.57500000          0.02728290
          2.60000000          0.02557391
          2.62500000          0.02395699
          2.65000000          0.02242828
          2.67500000          0.02098400
          2.70000000          0.01962046
          2.72500000          0.01833406
          2.75000000          0.01712129
          2.77500000          0.01597876
          2.80000000          0.01490315
          2.82500000          0.01389127
          2.85000000          0.01293999
          2.87500000          0.01204633
          2.90000000          0.01120738
          2.92500000          0.01042035
          2.95000000          0.00968253
          2.97500000          0.00899133
          3.00000000          0.00834425
          3.02500000          0.00773891
          3.05000000          0.00717299
          3.07500000          0.00664431
          3.10000000          0.00615074
          3.12500000          0.00569029
          3.15000000          0.00526101
          3.17500000          0.00486108
          3.20000000          0.00448874
          3.22500000          0.00414234
          3.25000000          0.00382028
          3.27500000          0.00352105
          3.30000000          0.00324324
          3.32500000          0.00298548
          3.35000000          0.00274649
          3.37500000          0.00252505
          3.40000000          0.00232001
          3.42500000          0.00213030
          3.45000000          0.00195487
          3.47500000          0.00179277
          3.50000000          0.00164308
          3.52500000          0.00150495
          3.55000000          0.00137757
          3.57500000          0.00126019
          3.60000000          0.00115209
          3.62500000          0.00105260
          3.65000000          0.00096110
          3.67500000          0.00087701
          3.70000000          0.00079977
          3.72500000          0.00072889
          3.75000000          0.00066387
          3.77500000          0.00060427
          3.80000000          0.00054968
          3.82500000          0.00049971
          3.85000000          0.00045399
          3.87500000          0.00041220
          3.90000000          0.00037403
          3.92500000          0.00033918
          3.95000000          0.00030738
          3.97500000          0.00027839
          4.00000000          0.00025198
          4.02500000          0.00022793
          4.05000000          0.00020604
          4.07500000          0.00018615
          4.10000000          0.00016806
          4.12500000          0.00015165
          4.15000000          0.00013674
          4.17500000          0.00012323
          4.20000000          0.00011098
          4.22500000          0.00009989
          4.25000000          0.00008985
          4.27500000          0.00008077
          4.30000000          0.00007256
          4.32500000          0.00006515
          4.35000000          0.00005845
          4.37500000          0.00005242
          4.40000000          0.00004697
          4.42500000          0.00004207
          4.45000000          0.00003766
          4.47500000          0.00003368
          4.50000000          0.00003011
          4.52500000          0.00002690
          4.55000000          0.00002402
          4.57500000          0.00002144
          4.60000000          0.00001912
          4.62500000          0.00001705
          4.65000000          0.00001519
          4.67500000          0.00001353
          4.70000000          0.00001204
          4.72500000          0.00001071
          4.75000000          0.00000953
          4.77500000          0.00000847
          4.80000000          0.00000753
          4.82500000          0.00000669
          4.85000000          0.00000595
          4.87500000          0.00000529
          4.90000000          0.00000471
          4.92500000          0.00000419
          4.95000000          0.00000373
          4.97500000          0.00000333
          5.00000000          0.00000298
