      1000  19.18822
      2000  19.21468
      3000  19.08527
      4000  19.05196
      5000  19.05210
      6000  19.07627
      7000  19.07923
      8000  19.12137
      9000  19.09913
     10000  19.13222
     11000  19.06632
     12000  19.08390
     13000  19.09213
     14000  19.05880
     15000  19.07615
     16000  19.12002
     17000  19.04882
     18000  19.10137
     19000  19.08832
     20000  19.11299
     21000  19.14018
     22000  19.09038
     23000  19.05263
     24000  19.09248
     25000  19.08508
     26000  19.08722
     27000  19.11224
     28000  19.07036
     29000  19.12458
     30000  19.08400
     31000  19.06954
     32000  19.06618
     33000  19.07284
     34000  19.04513
     35000  19.07987
     36000  19.08798
     37000  19.08758
     38000  19.10558
     39000  19.09157
     40000  19.13833
     41000  19.11458
     42000  19.06900
     43000  19.07256
     44000  19.09509
     45000  19.12161
     46000  19.09259
     47000  19.11999
     48000  19.07351
     49000  19.07946
     50000  19.10574
     51000  19.11658
     52000  19.09281
     53000  19.09750
     54000  19.08664
     55000  19.09164
     56000  19.07235
     57000  19.08902
     58000  19.08740
     59000  19.07133
     60000  19.07534
     61000  19.10141
     62000  19.09540
     63000  19.05543
     64000  19.11219
     65000  19.09194
     66000  19.07244
     67000  19.07954
     68000  19.08453
     69000  19.08827
     70000  19.06993
     71000  19.08287
     72000  19.08346
     73000  19.05656
     74000  19.09757
     75000  19.07691
     76000  19.07243
     77000  19.12220
     78000  19.10335
     79000  19.12168
     80000  19.09817
     81000  19.07526
     82000  19.09636
     83000  19.08615
     84000  19.09245
     85000  19.10419
     86000  19.07313
     87000  19.06269
     88000  19.10257
     89000  19.09557
     90000  19.07377
     91000  19.09327
     92000  19.08691
     93000  19.09933
     94000  19.10550
     95000  19.08119
     96000  19.08922
     97000  19.08778
     98000  19.09036
     99000  19.09675
    100000  19.08945
    101000  19.09748
    102000  19.10073
    103000  19.08975
    104000  19.09820
    105000  19.09929
    106000  19.07053
    107000  19.07891
    108000  19.07619
    109000  19.08195
    110000  19.08209
    111000  19.08802
    112000  19.08185
    113000  19.08240
    114000  19.06832
    115000  19.07980
    116000  19.08742
    117000  19.08566
    118000  19.09558
    119000  19.08607
    120000  19.08205
    121000  19.07279
    122000  19.08089
    123000  19.10466
    124000  19.11172
    125000  19.09084
    126000  19.07253
    127000  19.08972
    128000  19.07307
    129000  19.10389
    130000  19.07219
    131000  19.08479
    132000  19.08395
    133000  19.08321
    134000  19.09993
    135000  19.07566
    136000  19.08830
    137000  19.08537
    138000  19.07787
    139000  19.09071
    140000  19.08254
    141000  19.08939
    142000  19.07045
    143000  19.08262
    144000  19.11845
    145000  19.08386
    146000  19.08018
    147000  19.07460
    148000  19.08847
    149000  19.09389
    150000  19.08761
    151000  19.06653
    152000  19.07531
    153000  19.08849
    154000  19.09790
    155000  19.09396
    156000  19.09793
    157000  19.09534
    158000  19.08932
    159000  19.09337
    160000  19.08493
    161000  19.07052
    162000  19.08050
    163000  19.08813
    164000  19.08519
    165000  19.09540
    166000  19.09501
    167000  19.09874
    168000  19.09046
    169000  19.07722
    170000  19.07434
    171000  19.07968
    172000  19.09075
    173000  19.09164
    174000  19.07938
    175000  19.07238
    176000  19.06954
    177000  19.08521
    178000  19.07379
    179000  19.08509
    180000  19.08292
    181000  19.07384
    182000  19.09700
    183000  19.08982
    184000  19.08013
    185000  19.09196
    186000  19.08735
    187000  19.09130
    188000  19.07101
    189000  19.06725
    190000  19.09061
    191000  19.07987
    192000  19.09831
    193000  19.08250
    194000  19.08424
    195000  19.08272
    196000  19.10996
    197000  19.08532
    198000  19.07953
    199000  19.08590
    200000  19.09122
    201000  19.08023
    202000  19.09693
    203000  19.08650
    204000  19.08804
    205000  19.07886
    206000  19.08568
    207000  19.08484
    208000  19.08456
    209000  19.09180
    210000  19.08349
    211000  19.07835
    212000  19.09818
    213000  19.08806
    214000  19.07183
    215000  19.09325
    216000  19.08072
    217000  19.09065
    218000  19.09444
    219000  19.09043
    220000  19.08635
    221000  19.08482
    222000  19.09919
    223000  19.09066
    224000  19.08364
    225000  19.09732
    226000  19.09292
    227000  19.07798
    228000  19.08096
    229000  19.08697
    230000  19.08053
    231000  19.08765
    232000  19.07511
    233000  19.08814
    234000  19.09754
    235000  19.09393
    236000  19.08904
    237000  19.08935
    238000  19.08858
    239000  19.09203
    240000  19.07984
    241000  19.08890
    242000  19.09716
    243000  19.08821
    244000  19.08105
    245000  19.07095
    246000  19.08416
    247000  19.07532
    248000  19.08183
    249000  19.08224
    250000  19.10527
    251000  19.08198
    252000  19.09209
    253000  19.08860
    254000  19.07718
    255000  19.08707
    256000  19.09442
    257000  19.08862
    258000  19.08720
    259000  19.09593
    260000  19.09270
    261000  19.08442
    262000  19.07517
    263000  19.08925
    264000  19.07989
    265000  19.08704
    266000  19.08553
    267000  19.08275
    268000  19.08467
    269000  19.07376
    270000  19.08029
    271000  19.08905
    272000  19.07972
    273000  19.07247
    274000  19.08929
    275000  19.10057
    276000  19.08917
    277000  19.07470
    278000  19.07833
    279000  19.07878
    280000  19.07990
    281000  19.08565
    282000  19.08342
    283000  19.08234
    284000  19.08705
    285000  19.08951
    286000  19.08550
    287000  19.08183
    288000  19.07455
    289000  19.08868
    290000  19.07842
    291000  19.09275
    292000  19.09186
    293000  19.07541
    294000  19.08589
    295000  19.08465
    296000  19.08734
    297000  19.09111
    298000  19.07863
    299000  19.08835
    300000  19.08743
    301000  19.08752
    302000  19.07804
    303000  19.09246
    304000  19.08608
    305000  19.07877
    306000  19.07868
    307000  19.08068
    308000  19.09445
    309000  19.07774
    310000  19.07785
    311000  19.08096
    312000  19.09678
    313000  19.09074
    314000  19.08454
    315000  19.08437
    316000  19.07365
    317000  19.07162
    318000  19.07994
    319000  19.08198
    320000  19.08376
    321000  19.08460
    322000  19.07939
    323000  19.08445
    324000  19.08497
    325000  19.08188
    326000  19.08621
    327000  19.08326
    328000  19.07612
    329000  19.09340
    330000  19.08055
    331000  19.06998
    332000  19.09028
    333000  19.07525
    334000  19.09010
    335000  19.08580
    336000  19.09035
    337000  19.08352
    338000  19.07085
    339000  19.09769
    340000  19.08217
    341000  19.08522
    342000  19.09118
    343000  19.09057
    344000  19.07575
    345000  19.08734
    346000  19.09231
    347000  19.08609
    348000  19.08844
    349000  19.07668
    350000  19.08456
    351000  19.09328
    352000  19.08057
    353000  19.07948
    354000  19.08623
    355000  19.07663
    356000  19.08386
    357000  19.08740
    358000  19.08014
    359000  19.08632
    360000  19.07992
    361000  19.08997
    362000  19.08320
    363000  19.09441
    364000  19.07436
    365000  19.07826
    366000  19.08609
    367000  19.07279
    368000  19.08932
    369000  19.09259
    370000  19.08819
    371000  19.07507
    372000  19.08381
    373000  19.08359
    374000  19.08416
    375000  19.09010
    376000  19.09512
    377000  19.06730
    378000  19.08799
    379000  19.09002
    380000  19.08721
    381000  19.08118
    382000  19.08829
    383000  19.08823
    384000  19.08522
    385000  19.08895
    386000  19.08915
    387000  19.08907
    388000  19.07618
    389000  19.08167
    390000  19.07867
    391000  19.08736
    392000  19.08058
    393000  19.09146
    394000  19.08345
    395000  19.08777
    396000  19.08547
    397000  19.07736
    398000  19.09087
    399000  19.08914
    400000  19.09284
    401000  19.09957
    402000  19.08527
    403000  19.07455
    404000  19.08774
    405000  19.08476
    406000  19.09037
    407000  19.08612
    408000  19.08283
    409000  19.08160
    410000  19.09274
    411000  19.07901
    412000  19.09373
    413000  19.08391
    414000  19.08913
    415000  19.09410
    416000  19.08523
    417000  19.08473
    418000  19.09076
    419000  19.09438
    420000  19.08491
    421000  19.09067
    422000  19.08712
    423000  19.08746
    424000  19.08762
    425000  19.07513
    426000  19.09036
    427000  19.08585
    428000  19.07458
    429000  19.09939
    430000  19.09370
    431000  19.08473
    432000  19.09075
    433000  19.08197
    434000  19.07927
    435000  19.08276
    436000  19.08157
    437000  19.08863
    438000  19.08961
    439000  19.09097
    440000  19.08712
    441000  19.07991
    442000  19.09731
    443000  19.09267
    444000  19.08914
    445000  19.08634
    446000  19.08532
    447000  19.08326
    448000  19.08595
    449000  19.07471
    450000  19.08914
    451000  19.08673
    452000  19.08059
    453000  19.08476
    454000  19.09027
    455000  19.08642
    456000  19.08267
    457000  19.07826
    458000  19.08600
    459000  19.08762
    460000  19.08919
    461000  19.08013
    462000  19.09052
    463000  19.08591
    464000  19.07299
    465000  19.08830
    466000  19.08223
    467000  19.08819
    468000  19.08585
    469000  19.08607
    470000  19.08671
    471000  19.08629
    472000  19.08700
    473000  19.08681
    474000  19.09177
    475000  19.08252
    476000  19.08894
    477000  19.08255
    478000  19.08353
    479000  19.08476
    480000  19.08531
    481000  19.09126
    482000  19.08557
    483000  19.08776
    484000  19.09487
    485000  19.09613
    486000  19.08674
    487000  19.08292
    488000  19.07762
    489000  19.07695
    490000  19.09048
    491000  19.08086
    492000  19.07842
    493000  19.08283
    494000  19.07953
    495000  19.09602
    496000  19.09215
    497000  19.07880
    498000  19.08309
    499000  19.08795
    500000  19.08835
    501000  19.08889
    502000  19.08367
    503000  19.09102
    504000  19.08233
    505000  19.08933
    506000  19.09057
    507000  19.08827
    508000  19.07682
    509000  19.09176
    510000  19.08002
    511000  19.07865
    512000  19.07714
    513000  19.08361
    514000  19.08532
    515000  19.08426
    516000  19.08520
    517000  19.08718
    518000  19.07861
    519000  19.07668
    520000  19.08661
    521000  19.08381
    522000  19.08789
    523000  19.08304
    524000  19.09290
    525000  19.08173
    526000  19.08200
    527000  19.08873
    528000  19.08508
    529000  19.08224
    530000  19.08657
    531000  19.08240
    532000  19.08495
    533000  19.08835
    534000  19.08156
    535000  19.08849
    536000  19.08595
    537000  19.07924
    538000  19.08742
    539000  19.07798
    540000  19.08349
    541000  19.08653
    542000  19.08463
    543000  19.08988
    544000  19.08775
    545000  19.08329
    546000  19.08484
    547000  19.08856
    548000  19.08477
    549000  19.08681
    550000  19.07579
    551000  19.08262
    552000  19.08208
    553000  19.08142
    554000  19.08615
    555000  19.08406
    556000  19.09195
    557000  19.08729
    558000  19.08290
    559000  19.08238
    560000  19.08049
    561000  19.08879
    562000  19.08124
    563000  19.07874
    564000  19.08374
    565000  19.08499
    566000  19.08131
    567000  19.09805
    568000  19.09472
    569000  19.09166
    570000  19.08429
    571000  19.08079
    572000  19.08858
    573000  19.08130
    574000  19.09128
    575000  19.08785
    576000  19.07221
    577000  19.07749
    578000  19.08184
    579000  19.08583
    580000  19.07767
    581000  19.08487
    582000  19.08133
    583000  19.08320
    584000  19.09568
    585000  19.08092
    586000  19.09053
    587000  19.08747
    588000  19.09403
    589000  19.07950
    590000  19.08750
    591000  19.08770
    592000  19.08847
    593000  19.08272
    594000  19.08895
    595000  19.08511
    596000  19.08733
    597000  19.08281
    598000  19.08289
    599000  19.08681
    600000  19.07763
    601000  19.08390
    602000  19.08515
    603000  19.08946
    604000  19.08133
    605000  19.08090
    606000  19.08481
    607000  19.08605
    608000  19.08118
    609000  19.08537
    610000  19.09243
    611000  19.08405
    612000  19.08308
    613000  19.07558
    614000  19.07630
    615000  19.09453
    616000  19.09195
    617000  19.09211
    618000  19.08429
    619000  19.08147
    620000  19.08379
    621000  19.08164
    622000  19.08183
    623000  19.08329
    624000  19.07986
    625000  19.08777
    626000  19.08857
    627000  19.08972
    628000  19.08361
    629000  19.09157
    630000  19.08956
    631000  19.08401
    632000  19.08144
    633000  19.09211
    634000  19.09350
    635000  19.08859
    636000  19.08886
    637000  19.08977
    638000  19.08891
    639000  19.08614
    640000  19.08817
    641000  19.08616
    642000  19.09116
    643000  19.07720
    644000  19.08266
    645000  19.08818
    646000  19.08375
    647000  19.08230
    648000  19.08592
    649000  19.08551
    650000  19.08485
    651000  19.08561
    652000  19.09598
    653000  19.08361
    654000  19.08860
    655000  19.09121
    656000  19.09526
    657000  19.08354
    658000  19.08191
    659000  19.08612
    660000  19.07313
    661000  19.08022
    662000  19.07498
    663000  19.08531
    664000  19.09137
    665000  19.09259
    666000  19.09076
    667000  19.07897
    668000  19.08925
    669000  19.08604
    670000  19.07823
    671000  19.09091
    672000  19.08890
    673000  19.09361
    674000  19.09040
    675000  19.08830
    676000  19.08228
    677000  19.08788
    678000  19.07937
    679000  19.08646
    680000  19.08321
    681000  19.08839
    682000  19.08733
    683000  19.08901
    684000  19.08414
    685000  19.08381
    686000  19.08740
    687000  19.08818
    688000  19.08079
    689000  19.08933
    690000  19.08084
    691000  19.08891
    692000  19.08215
    693000  19.08399
    694000  19.08797
    695000  19.08380
    696000  19.08987
    697000  19.08623
    698000  19.08397
    699000  19.08459
    700000  19.08249
    701000  19.08620
    702000  19.09492
    703000  19.08847
    704000  19.08321
    705000  19.08577
    706000  19.08030
    707000  19.08595
    708000  19.09151
    709000  19.08760
    710000  19.07661
    711000  19.08389
    712000  19.08485
    713000  19.08580
    714000  19.07980
    715000  19.08934
    716000  19.08450
    717000  19.08393
    718000  19.09572
    719000  19.08964
    720000  19.08847
    721000  19.08518
    722000  19.08394
    723000  19.08690
    724000  19.08268
    725000  19.08849
    726000  19.08092
    727000  19.08480
    728000  19.09322
    729000  19.07956
    730000  19.08440
    731000  19.08777
    732000  19.08202
    733000  19.08182
    734000  19.08724
    735000  19.08200
    736000  19.08935
    737000  19.09130
    738000  19.08261
    739000  19.08651
    740000  19.08779
    741000  19.08261
    742000  19.08521
    743000  19.08694
    744000  19.08807
    745000  19.08572
    746000  19.08246
    747000  19.08951
    748000  19.08246
    749000  19.08521
    750000  19.09035
    751000  19.07789
    752000  19.09131
    753000  19.08066
    754000  19.09000
    755000  19.09048
    756000  19.08182
    757000  19.08625
    758000  19.08436
    759000  19.08814
    760000  19.08793
    761000  19.07379
    762000  19.08140
    763000  19.08455
    764000  19.08365
    765000  19.08503
    766000  19.09716
    767000  19.09577
    768000  19.08109
    769000  19.08484
    770000  19.08677
    771000  19.07515
    772000  19.09063
    773000  19.08621
    774000  19.08325
    775000  19.08289
    776000  19.08517
    777000  19.08108
    778000  19.08860
    779000  19.08392
    780000  19.08305
    781000  19.08752
    782000  19.08315
    783000  19.07525
    784000  19.08476
    785000  19.08321
    786000  19.08678
    787000  19.08777
    788000  19.09092
    789000  19.08365
    790000  19.09264
    791000  19.08661
    792000  19.08544
    793000  19.09012
    794000  19.08857
    795000  19.07974
    796000  19.08611
    797000  19.08672
    798000  19.08406
    799000  19.08258
    800000  19.09092
    801000  19.08248
    802000  19.08615
    803000  19.08207
    804000  19.08048
    805000  19.09300
    806000  19.08360
    807000  19.08630
    808000  19.08071
    809000  19.09072
    810000  19.08239
    811000  19.08756
    812000  19.08430
    813000  19.08889
    814000  19.08242
    815000  19.08912
    816000  19.08583
    817000  19.08909
    818000  19.07747
    819000  19.08034
    820000  19.08896
    821000  19.08726
    822000  19.08715
    823000  19.09185
    824000  19.08793
    825000  19.08779
    826000  19.08247
    827000  19.09519
    828000  19.07116
    829000  19.07965
    830000  19.08322
    831000  19.08806
    832000  19.08008
    833000  19.08245
    834000  19.07351
    835000  19.08264
    836000  19.08983
    837000  19.08221
    838000  19.09494
    839000  19.08457
    840000  19.08724
    841000  19.09291
    842000  19.08200
    843000  19.08750
    844000  19.08047
    845000  19.08289
    846000  19.08646
    847000  19.08796
    848000  19.08146
    849000  19.08589
    850000  19.09210
    851000  19.07689
    852000  19.08492
    853000  19.08486
    854000  19.08444
    855000  19.08443
    856000  19.08636
    857000  19.08275
    858000  19.08232
    859000  19.08472
    860000  19.09236
    861000  19.08409
    862000  19.08929
    863000  19.08628
    864000  19.08183
    865000  19.08156
    866000  19.08050
    867000  19.08815
    868000  19.09165
    869000  19.08646
    870000  19.07758
    871000  19.08547
    872000  19.08522
    873000  19.08840
    874000  19.08656
    875000  19.07516
    876000  19.08573
    877000  19.08153
    878000  19.08578
    879000  19.08550
    880000  19.07147
    881000  19.08149
    882000  19.08074
    883000  19.07716
    884000  19.08827
    885000  19.08585
    886000  19.07398
    887000  19.08497
    888000  19.09065
    889000  19.08947
    890000  19.07965
    891000  19.08914
    892000  19.09038
    893000  19.09174
    894000  19.09366
    895000  19.08187
    896000  19.08782
    897000  19.08436
    898000  19.08794
    899000  19.08499
    900000  19.08612
    901000  19.08140
    902000  19.08159
    903000  19.09190
    904000  19.08942
    905000  19.08927
    906000  19.08379
    907000  19.08004
    908000  19.08857
    909000  19.08613
    910000  19.09491
    911000  19.08097
    912000  19.07939
    913000  19.08908
    914000  19.08609
    915000  19.09137
    916000  19.08230
    917000  19.08725
    918000  19.08488
    919000  19.09117
    920000  19.08350
    921000  19.08642
    922000  19.08427
    923000  19.09119
    924000  19.09348
    925000  19.08429
    926000  19.09620
    927000  19.09124
    928000  19.08360
    929000  19.09003
    930000  19.08028
    931000  19.08062
    932000  19.09072
    933000  19.08587
    934000  19.08404
    935000  19.08678
    936000  19.08570
    937000  19.08312
    938000  19.08140
    939000  19.08374
    940000  19.08956
    941000  19.08248
    942000  19.08476
    943000  19.08813
    944000  19.08483
    945000  19.08296
    946000  19.09409
    947000  19.09030
    948000  19.08860
    949000  19.08675
    950000  19.08802
    951000  19.09413
    952000  19.08633
    953000  19.08821
    954000  19.08667
    955000  19.08235
    956000  19.08639
    957000  19.08627
    958000  19.08614
    959000  19.07922
    960000  19.08299
    961000  19.07599
    962000  19.08632
    963000  19.08127
    964000  19.09178
    965000  19.08200
    966000  19.07990
    967000  19.09194
    968000  19.08571
    969000  19.08590
    970000  19.08189
    971000  19.08640
    972000  19.08633
    973000  19.08761
    974000  19.09067
    975000  19.09094
    976000  19.08196
    977000  19.08671
    978000  19.08667
    979000  19.08675
    980000  19.08796
    981000  19.08666
    982000  19.08510
    983000  19.09134
    984000  19.08295
    985000  19.08676
    986000  19.09416
    987000  19.08864
    988000  19.09200
    989000  19.08494
    990000  19.08233
    991000  19.08666
    992000  19.08982
    993000  19.08385
    994000  19.08873
    995000  19.08303
    996000  19.08144
    997000  19.09025
    998000  19.08963
    999000  19.08145
   1000000  19.09130
