         -5.00000000          0.00000000
         -4.97500000          0.00000004
         -4.95000000          0.00000007
         -4.92500000          0.00000012
         -4.90000000          0.00000017
         -4.87500000          0.00000024
         -4.85000000          0.00000032
         -4.82500000          0.00000042
         -4.80000000          0.00000054
         -4.77500000          0.00000070
         -4.75000000          0.00000091
         -4.72500000          0.00000116
         -4.70000000          0.00000149
         -4.67500000          0.00000189
         -4.65000000          0.00000241
         -4.62500000          0.00000305
         -4.60000000          0.00000385
         -4.57500000          0.00000484
         -4.55000000          0.00000608
         -4.52500000          0.00000760
         -4.50000000          0.00000949
         -4.47500000          0.00001181
         -4.45000000          0.00001466
         -4.42500000          0.00001814
         -4.40000000          0.00002239
         -4.37500000          0.00002755
         -4.35000000          0.00003382
         -4.32500000          0.00004140
         -4.30000000          0.00005055
         -4.27500000          0.00006155
         -4.25000000          0.00007475
         -4.22500000          0.00009055
         -4.20000000          0.00010939
         -4.17500000          0.00013181
         -4.15000000          0.00015841
         -4.12500000          0.00018989
         -4.10000000          0.00022705
         -4.07500000          0.00027080
         -4.05000000          0.00032216
         -4.02500000          0.00038230
         -4.00000000          0.00045254
         -3.97500000          0.00053436
         -3.95000000          0.00062942
         -3.92500000          0.00073959
         -3.90000000          0.00086694
         -3.87500000          0.00101377
         -3.85000000          0.00118263
         -3.82500000          0.00137634
         -3.80000000          0.00159800
         -3.77500000          0.00185101
         -3.75000000          0.00213908
         -3.72500000          0.00246628
         -3.70000000          0.00283700
         -3.67500000          0.00325600
         -3.65000000          0.00372843
         -3.62500000          0.00425980
         -3.60000000          0.00485605
         -3.57500000          0.00552348
         -3.55000000          0.00626883
         -3.52500000          0.00709922
         -3.50000000          0.00802218
         -3.47500000          0.00904562
         -3.45000000          0.01017784
         -3.42500000          0.01142751
         -3.40000000          0.01280363
         -3.37500000          0.01431551
         -3.35000000          0.01597276
         -3.32500000          0.01778523
         -3.30000000          0.01976298
         -3.27500000          0.02191623
         -3.25000000          0.02425531
         -3.22500000          0.02679058
         -3.20000000          0.02953242
         -3.17500000          0.03249111
         -3.15000000          0.03567678
         -3.12500000          0.03909933
         -3.10000000          0.04276837
         -3.07500000          0.04669311
         -3.05000000          0.05088231
         -3.02500000          0.05534414
         -3.00000000          0.06008617
         -2.97500000          0.06511521
         -2.95000000          0.07043728
         -2.92500000          0.07605749
         -2.90000000          0.08197997
         -2.87500000          0.08820782
         -2.85000000          0.09474299
         -2.82500000          0.10158623
         -2.80000000          0.10873706
         -2.77500000          0.11619366
         -2.75000000          0.12395287
         -2.72500000          0.13201011
         -2.70000000          0.14035940
         -2.67500000          0.14899328
         -2.65000000          0.15790285
         -2.62500000          0.16707773
         -2.60000000          0.17650613
         -2.57500000          0.18617478
         -2.55000000          0.19606904
         -2.52500000          0.20617292
         -2.50000000          0.21646911
         -2.47500000          0.22693908
         -2.45000000          0.23756313
         -2.42500000          0.24832047
         -2.40000000          0.25918933
         -2.37500000          0.27014705
         -2.35000000          0.28117019
         -2.32500000          0.29223464
         -2.30000000          0.30331572
         -2.27500000          0.31438836
         -2.25000000          0.32542716
         -2.22500000          0.33640657
         -2.20000000          0.34730101
         -2.17500000          0.35808496
         -2.15000000          0.36873317
         -2.12500000          0.37922071
         -2.10000000          0.38952315
         -2.07500000          0.39961667
         -2.05000000          0.40947816
         -2.02500000          0.41908535
         -2.00000000          0.42841691
         -1.97500000          0.43745258
         -1.95000000          0.44617320
         -1.92500000          0.45456084
         -1.90000000          0.46259888
         -1.87500000          0.47027203
         -1.85000000          0.47756645
         -1.82500000          0.48446974
         -1.80000000          0.49097101
         -1.77500000          0.49706090
         -1.75000000          0.50273158
         -1.72500000          0.50797682
         -1.70000000          0.51279189
         -1.67500000          0.51717364
         -1.65000000          0.52112044
         -1.62500000          0.52463216
         -1.60000000          0.52771014
         -1.57500000          0.53035715
         -1.55000000          0.53257732
         -1.52500000          0.53437613
         -1.50000000          0.53576031
         -1.47500000          0.53673780
         -1.45000000          0.53731767
         -1.42500000          0.53751006
         -1.40000000          0.53732609
         -1.37500000          0.53677779
         -1.35000000          0.53587805
         -1.32500000          0.53464048
         -1.30000000          0.53307939
         -1.27500000          0.53120968
         -1.25000000          0.52904677
         -1.22500000          0.52660652
         -1.20000000          0.52390516
         -1.17500000          0.52095920
         -1.15000000          0.51778537
         -1.12500000          0.51440058
         -1.10000000          0.51082177
         -1.07500000          0.50706596
         -1.05000000          0.50315009
         -1.02500000          0.49909102
         -1.00000000          0.49490546
         -0.97500000          0.49060994
         -0.95000000          0.48622073
         -0.92500000          0.48175382
         -0.90000000          0.47722490
         -0.87500000          0.47264929
         -0.85000000          0.46804193
         -0.82500000          0.46341737
         -0.80000000          0.45878970
         -0.77500000          0.45417259
         -0.75000000          0.44957923
         -0.72500000          0.44502233
         -0.70000000          0.44051411
         -0.67500000          0.43606629
         -0.65000000          0.43169012
         -0.62500000          0.42739631
         -0.60000000          0.42319509
         -0.57500000          0.41909617
         -0.55000000          0.41510878
         -0.52500000          0.41124164
         -0.50000000          0.40750300
         -0.47500000          0.40390063
         -0.45000000          0.40044181
         -0.42500000          0.39713338
         -0.40000000          0.39398173
         -0.37500000          0.39099279
         -0.35000000          0.38817208
         -0.32500000          0.38552468
         -0.30000000          0.38305530
         -0.27500000          0.38076821
         -0.25000000          0.37866732
         -0.22500000          0.37675615
         -0.20000000          0.37503786
         -0.17500000          0.37351525
         -0.15000000          0.37219077
         -0.12500000          0.37106653
         -0.10000000          0.37014431
         -0.07500000          0.36942553
         -0.05000000          0.36891133
         -0.02500000          0.36860249
          0.00000000          0.36849949
          0.02500000          0.36860249
          0.05000000          0.36891133
          0.07500000          0.36942553
          0.10000000          0.37014431
          0.12500000          0.37106653
          0.15000000          0.37219077
          0.17500000          0.37351525
          0.20000000          0.37503786
          0.22500000          0.37675615
          0.25000000          0.37866732
          0.27500000          0.38076821
          0.30000000          0.38305530
          0.32500000          0.38552468
          0.35000000          0.38817208
          0.37500000          0.39099279
          0.40000000          0.39398173
          0.42500000          0.39713338
          0.45000000          0.40044181
          0.47500000          0.40390063
          0.50000000          0.40750300
          0.52500000          0.41124164
          0.55000000          0.41510878
          0.57500000          0.41909617
          0.60000000          0.42319509
          0.62500000          0.42739631
          0.65000000          0.43169012
          0.67500000          0.43606629
          0.70000000          0.44051411
          0.72500000          0.44502233
          0.75000000          0.44957923
          0.77500000          0.45417259
          0.80000000          0.45878970
          0.82500000          0.46341737
          0.85000000          0.46804193
          0.87500000          0.47264929
          0.90000000          0.47722490
          0.92500000          0.48175382
          0.95000000          0.48622073
          0.97500000          0.49060994
          1.00000000          0.49490546
          1.02500000          0.49909102
          1.05000000          0.50315009
          1.07500000          0.50706596
          1.10000000          0.51082177
          1.12500000          0.51440058
          1.15000000          0.51778537
          1.17500000          0.52095920
          1.20000000          0.52390516
          1.22500000          0.52660652
          1.25000000          0.52904677
          1.27500000          0.53120968
          1.30000000          0.53307939
          1.32500000          0.53464048
          1.35000000          0.53587805
          1.37500000          0.53677779
          1.40000000          0.53732609
          1.42500000          0.53751006
          1.45000000          0.53731767
          1.47500000          0.53673780
          1.50000000          0.53576031
          1.52500000          0.53437613
          1.55000000          0.53257732
          1.57500000          0.53035715
          1.60000000          0.52771014
          1.62500000          0.52463216
          1.65000000          0.52112044
          1.67500000          0.51717364
          1.70000000          0.51279189
          1.72500000          0.50797682
          1.75000000          0.50273158
          1.77500000          0.49706090
          1.80000000          0.49097101
          1.82500000          0.48446974
          1.85000000          0.47756645
          1.87500000          0.47027203
          1.90000000          0.46259888
          1.92500000          0.45456084
          1.95000000          0.44617320
          1.97500000          0.43745258
          2.00000000          0.42841691
          2.02500000          0.41908535
          2.05000000          0.40947816
          2.07500000          0.39961667
          2.10000000          0.38952315
          2.12500000          0.37922071
          2.15000000          0.36873317
          2.17500000          0.35808496
          2.20000000          0.34730101
          2.22500000          0.33640657
          2.25000000          0.32542716
          2.27500000          0.31438836
          2.30000000          0.30331572
          2.32500000          0.29223464
          2.35000000          0.28117019
          2.37500000          0.27014705
          2.40000000          0.25918933
          2.42500000          0.24832047
          2.45000000          0.23756313
          2.47500000          0.22693908
          2.50000000          0.21646911
          2.52500000          0.20617292
          2.55000000          0.19606904
          2.57500000          0.18617478
          2.60000000          0.17650613
          2.62500000          0.16707773
          2.65000000          0.15790285
          2.67500000          0.14899328
          2.70000000          0.14035940
          2.72500000          0.13201011
          2.75000000          0.12395287
          2.77500000          0.11619366
          2.80000000          0.10873706
          2.82500000          0.10158623
          2.85000000          0.09474299
          2.87500000          0.08820782
          2.90000000          0.08197997
          2.92500000          0.07605749
          2.95000000          0.07043728
          2.97500000          0.06511521
          3.00000000          0.06008617
          3.02500000          0.05534414
          3.05000000          0.05088231
          3.07500000          0.04669311
          3.10000000          0.04276837
          3.12500000          0.03909933
          3.15000000          0.03567678
          3.17500000          0.03249111
          3.20000000          0.02953242
          3.22500000          0.02679058
          3.25000000          0.02425531
          3.27500000          0.02191623
          3.30000000          0.01976298
          3.32500000          0.01778523
          3.35000000          0.01597276
          3.37500000          0.01431551
          3.40000000          0.01280363
          3.42500000          0.01142751
          3.45000000          0.01017784
          3.47500000          0.00904562
          3.50000000          0.00802218
          3.52500000          0.00709922
          3.55000000          0.00626883
          3.57500000          0.00552348
          3.60000000          0.00485605
          3.62500000          0.00425980
          3.65000000          0.00372843
          3.67500000          0.00325600
          3.70000000          0.00283700
          3.72500000          0.00246628
          3.75000000          0.00213908
          3.77500000          0.00185101
          3.80000000          0.00159800
          3.82500000          0.00137634
          3.85000000          0.00118263
          3.87500000          0.00101377
          3.90000000          0.00086694
          3.92500000          0.00073959
          3.95000000          0.00062942
          3.97500000          0.00053436
          4.00000000          0.00045254
          4.02500000          0.00038230
          4.05000000          0.00032216
          4.07500000          0.00027080
          4.10000000          0.00022706
          4.12500000          0.00018990
          4.15000000          0.00015841
          4.17500000          0.00013181
          4.20000000          0.00010939
          4.22500000          0.00009056
          4.25000000          0.00007476
          4.27500000          0.00006157
          4.30000000          0.00005057
          4.32500000          0.00004142
          4.35000000          0.00003384
          4.37500000          0.00002758
          4.40000000          0.00002242
          4.42500000          0.00001818
          4.45000000          0.00001470
          4.47500000          0.00001187
          4.50000000          0.00000956
          4.52500000          0.00000769
          4.55000000          0.00000618
          4.57500000          0.00000498
          4.60000000          0.00000401
          4.62500000          0.00000325
          4.65000000          0.00000267
          4.67500000          0.00000222
          4.70000000          0.00000190
          4.72500000          0.00000168
          4.75000000          0.00000156
          4.77500000          0.00000153
          4.80000000          0.00000159
          4.82500000          0.00000176
          4.85000000          0.00000204
          4.87500000          0.00000244
          4.90000000          0.00000302
          4.92500000          0.00000380
          4.95000000          0.00000484
          4.97500000          0.00000624
          5.00000000          0.00000809
