    #    0.155479
    0.000000  -22.007505
    0.017275  -22.007574
    0.034551  -22.007656
    0.051826  -22.007749
    0.069102  -22.007848
    0.086377  -22.007951
    0.103652  -22.008059
    0.120928  -22.008169
    0.138203  -22.008283
    0.155479  -22.008399

    0.000000  -22.007391
    0.017275  -22.007475
    0.034551  -22.007564
    0.051826  -22.007662
    0.069102  -22.007764
    0.086377  -22.007869
    0.103652  -22.007978
    0.120928  -22.008091
    0.138203  -22.008206
    0.155479  -22.008323

    0.000000  -22.007195
    0.017275  -22.007135
    0.034551  -22.007069
    0.051826  -22.007008
    0.069102  -22.006950
    0.086377  -22.006898
    0.103652  -22.006854
    0.120928  -22.006817
    0.138203  -22.006788
    0.155479  -22.006768

    0.000000  -22.006911
    0.017275  -22.006837
    0.034551  -22.006764
    0.051826  -22.006699
    0.069102  -22.006639
    0.086377  -22.006586
    0.103652  -22.006540
    0.120928  -22.006502
    0.138203  -22.006473
    0.155479  -22.006452

    0.000000  -21.962537
    0.017275  -21.962625
    0.034551  -21.962757
    0.051826  -21.962907
    0.069102  -21.963067
    0.086377  -21.963231
    0.103652  -21.963404
    0.120928  -21.963579
    0.138203  -21.963755
    0.155479  -21.963932

    0.000000  -21.962351
    0.017275  -21.962278
    0.034551  -21.962171
    0.051826  -21.962073
    0.069102  -21.961984
    0.086377  -21.961906
    0.103652  -21.961844
    0.120928  -21.961793
    0.138203  -21.961754
    0.155479  -21.961727

    0.000000  -21.960170
    0.017275  -21.960269
    0.034551  -21.960408
    0.051826  -21.960565
    0.069102  -21.960733
    0.086377  -21.960906
    0.103652  -21.961089
    0.120928  -21.961275
    0.138203  -21.961463
    0.155479  -21.961652

    0.000000  -21.960007
    0.017275  -21.959925
    0.034551  -21.959817
    0.051826  -21.959722
    0.069102  -21.959641
    0.086377  -21.959573
    0.103652  -21.959525
    0.120928  -21.959491
    0.138203  -21.959472
    0.155479  -21.959468

    0.000000  -21.948989
    0.017275  -21.949139
    0.034551  -21.949318
    0.051826  -21.949511
    0.069102  -21.949711
    0.086377  -21.949916
    0.103652  -21.950123
    0.120928  -21.950332
    0.138203  -21.950538
    0.155479  -21.950744

    0.000000  -21.948906
    0.017275  -21.948780
    0.034551  -21.948990
    0.051826  -21.949224
    0.069102  -21.949460
    0.086377  -21.949698
    0.103652  -21.949936
    0.120928  -21.950175
    0.138203  -21.950410
    0.155479  -21.950645

    0.000000  -21.948566
    0.017275  -21.948762
    0.034551  -21.948654
    0.051826  -21.948559
    0.069102  -21.948497
    0.086377  -21.948472
    0.103652  -21.948486
    0.120928  -21.948534
    0.138203  -21.948610
    0.155479  -21.948710

    0.000000  -21.948509
    0.017275  -21.948330
    0.034551  -21.948134
    0.051826  -21.947962
    0.069102  -21.947822
    0.086377  -21.947726
    0.103652  -21.947686
    0.120928  -21.947703
    0.138203  -21.947771
    0.155479  -21.947878

    0.000000  -21.945937
    0.017275  -21.945950
    0.034551  -21.945989
    0.051826  -21.946044
    0.069102  -21.946108
    0.086377  -21.946228
    0.103652  -21.946382
    0.120928  -21.946552
    0.138203  -21.946735
    0.155479  -21.946926

    0.000000  -21.945828
    0.017275  -21.945843
    0.034551  -21.945890
    0.051826  -21.945975
    0.069102  -21.946077
    0.086377  -21.946141
    0.103652  -21.946232
    0.120928  -21.946360
    0.138203  -21.946512
    0.155479  -21.946676

    0.000000  -21.945796
    0.017275  -21.945831
    0.034551  -21.945857
    0.051826  -21.945899
    0.069102  -21.945963
    0.086377  -21.946025
    0.103652  -21.946042
    0.120928  -21.946000
    0.138203  -21.945925
    0.155479  -21.945849

    0.000000  -21.945747
    0.017275  -21.945746
    0.034551  -21.945749
    0.051826  -21.945756
    0.069102  -21.945752
    0.086377  -21.945729
    0.103652  -21.945688
    0.120928  -21.945629
    0.138203  -21.945558
    0.155479  -21.945487

    0.000000  -21.943141
    0.017275  -21.943127
    0.034551  -21.943087
    0.051826  -21.943031
    0.069102  -21.942993
    0.086377  -21.943049
    0.103652  -21.943231
    0.120928  -21.943569
    0.138203  -21.944013
    0.155479  -21.944474

    0.000000  -21.943029
    0.017275  -21.943017
    0.034551  -21.942983
    0.051826  -21.942942
    0.069102  -21.942904
    0.086377  -21.942863
    0.103652  -21.942831
    0.120928  -21.942818
    0.138203  -21.942853
    0.155479  -21.942951

    0.000000  -21.942782
    0.017275  -21.942798
    0.034551  -21.942811
    0.051826  -21.942822
    0.069102  -21.942803
    0.086377  -21.942731
    0.103652  -21.942648
    0.120928  -21.942693
    0.138203  -21.942785
    0.155479  -21.942819

    0.000000  -21.942623
    0.017275  -21.942600
    0.034551  -21.942557
    0.051826  -21.942503
    0.069102  -21.942443
    0.086377  -21.942402
    0.103652  -21.942459
    0.120928  -21.942486
    0.138203  -21.942432
    0.155479  -21.942457

    0.000000  -21.939673
    0.017275  -21.939696
    0.034551  -21.940145
    0.051826  -21.940729
    0.069102  -21.941288
    0.086377  -21.941770
    0.103652  -21.942045
    0.120928  -21.942067
    0.138203  -21.942027
    0.155479  -21.941992

    0.000000  -21.939619
    0.017275  -21.939654
    0.034551  -21.939725
    0.051826  -21.939810
    0.069102  -21.939904
    0.086377  -21.940008
    0.103652  -21.940167
    0.120928  -21.940594
    0.138203  -21.941046
    0.155479  -21.941402

    0.000000  -21.938902
    0.017275  -21.939468
    0.034551  -21.939603
    0.051826  -21.939615
    0.069102  -21.939642
    0.086377  -21.939688
    0.103652  -21.939994
    0.120928  -21.940164
    0.138203  -21.940252
    0.155479  -21.940319

    0.000000  -21.938782
    0.017275  -21.938189
    0.034551  -21.938040
    0.051826  -21.938493
    0.069102  -21.939002
    0.086377  -21.939520
    0.103652  -21.939743
    0.120928  -21.939817
    0.138203  -21.939900
    0.155479  -21.939990

    0.000000  -21.937488
    0.017275  -21.937644
    0.034551  -21.937545
    0.051826  -21.937258
    0.069102  -21.937275
    0.086377  -21.937316
    0.103652  -21.937373
    0.120928  -21.937439
    0.138203  -21.937504
    0.155479  -21.937574

    0.000000  -21.937397
    0.017275  -21.937331
    0.034551  -21.937267
    0.051826  -21.937065
    0.069102  -21.937052
    0.086377  -21.937120
    0.103652  -21.937184
    0.120928  -21.937243
    0.138203  -21.937296
    0.155479  -21.937347

    0.000000  -21.936289
    0.017275  -21.936500
    0.034551  -21.936714
    0.051826  -21.936734
    0.069102  -21.936249
    0.086377  -21.935717
    0.103652  -21.935520
    0.120928  -21.935543
    0.138203  -21.935595
    0.155479  -21.935671

    0.000000  -21.936168
    0.017275  -21.935914
    0.034551  -21.935567
    0.051826  -21.935325
    0.069102  -21.935327
    0.086377  -21.935358
    0.103652  -21.935386
    0.120928  -21.935462
    0.138203  -21.935515
    0.155479  -21.935536

    0.000000  -21.934862
    0.017275  -21.934984
    0.034551  -21.935099
    0.051826  -21.935156
    0.069102  -21.935180
    0.086377  -21.935250
    0.103652  -21.935014
    0.120928  -21.934566
    0.138203  -21.934299
    0.155479  -21.934168

    0.000000  -21.934819
    0.017275  -21.934784
    0.034551  -21.934931
    0.051826  -21.935043
    0.069102  -21.934958
    0.086377  -21.934769
    0.103652  -21.934597
    0.120928  -21.934442
    0.138203  -21.934186
    0.155479  -21.933888

    0.000000  -21.934635
    0.017275  -21.934669
    0.034551  -21.934494
    0.051826  -21.934295
    0.069102  -21.934072
    0.086377  -21.933815
    0.103652  -21.933510
    0.120928  -21.933128
    0.138203  -21.932646
    0.155479  -21.932076

    0.000000  -21.934565
    0.017275  -21.934382
    0.034551  -21.934045
    0.051826  -21.933608
    0.069102  -21.933084
    0.086377  -21.932496
    0.103652  -21.931870
    0.120928  -21.931217
    0.138203  -21.930571
    0.155479  -21.930523

    0.000000  -21.930402
    0.017275  -21.930418
    0.034551  -21.930456
    0.051826  -21.930494
    0.069102  -21.930527
    0.086377  -21.930548
    0.103652  -21.930560
    0.120928  -21.930558
    0.138203  -21.930518
    0.155479  -21.929855

    0.000000  -21.930274
    0.017275  -21.930255
    0.034551  -21.930202
    0.051826  -21.930140
    0.069102  -21.930076
    0.086377  -21.930012
    0.103652  -21.929946
    0.120928  -21.929876
    0.138203  -21.929803
    0.155479  -21.929719

    0.000000  -21.928950
    0.017275  -21.928951
    0.034551  -21.928937
    0.051826  -21.928903
    0.069102  -21.928847
    0.086377  -21.928767
    0.103652  -21.928674
    0.120928  -21.928569
    0.138203  -21.928464
    0.155479  -21.928370

    0.000000  -21.928702
    0.017275  -21.928684
    0.034551  -21.928621
    0.051826  -21.928527
    0.069102  -21.928410
    0.086377  -21.928274
    0.103652  -21.928129
    0.120928  -21.927977
    0.138203  -21.927831
    0.155479  -21.927699

    0.000000  -21.925824
    0.017275  -21.925841
    0.034551  -21.925874
    0.051826  -21.925924
    0.069102  -21.925988
    0.086377  -21.926054
    0.103652  -21.926126
    0.120928  -21.926196
    0.138203  -21.926250
    0.155479  -21.926279

    0.000000  -21.925757
    0.017275  -21.925756
    0.034551  -21.925770
    0.051826  -21.925801
    0.069102  -21.925846
    0.086377  -21.925892
    0.103652  -21.925945
    0.120928  -21.925997
    0.138203  -21.926032
    0.155479  -21.926043

    0.000000  -21.912134
    0.017275  -21.912319
    0.034551  -21.912661
    0.051826  -21.912993
    0.069102  -21.913308
    0.086377  -21.913602
    0.103652  -21.913883
    0.120928  -21.914142
    0.138203  -21.914380
    0.155479  -21.914594

    0.000000  -21.912041
    0.017275  -21.911996
    0.034551  -21.912331
    0.051826  -21.912660
    0.069102  -21.912974
    0.086377  -21.913267
    0.103652  -21.913546
    0.120928  -21.913804
    0.138203  -21.914040
    0.155479  -21.914253

    0.000000  -21.911954
    0.017275  -21.911760
    0.034551  -21.911391
    0.051826  -21.911014
    0.069102  -21.910631
    0.086377  -21.910241
    0.103652  -21.909853
    0.120928  -21.909465
    0.138203  -21.909079
    0.155479  -21.908699

    0.000000  -21.911629
    0.017275  -21.911669
    0.034551  -21.911294
    0.051826  -21.910916
    0.069102  -21.910531
    0.086377  -21.910140
    0.103652  -21.909752
    0.120928  -21.909364
    0.138203  -21.908978
    0.155479  -21.908596

    0.000000  -21.908218
    0.017275  -21.908248
    0.034551  -21.908265
    0.051826  -21.908266
    0.069102  -21.908233
    0.086377  -21.908164
    0.103652  -21.908064
    0.120928  -21.907936
    0.138203  -21.907778
    0.155479  -21.907596

    0.000000  -21.908158
    0.017275  -21.908115
    0.034551  -21.908071
    0.051826  -21.908027
    0.069102  -21.907960
    0.086377  -21.907864
    0.103652  -21.907738
    0.120928  -21.907585
    0.138203  -21.907402
    0.155479  -21.907194

    0.000000  -21.907691
    0.017275  -21.907653
    0.034551  -21.907570
    0.051826  -21.907440
    0.069102  -21.907263
    0.086377  -21.907046
    0.103652  -21.906804
    0.120928  -21.906537
    0.138203  -21.906252
    0.155479  -21.905951

    0.000000  -21.907619
    0.017275  -21.907600
    0.034551  -21.907506
    0.051826  -21.907367
    0.069102  -21.907187
    0.086377  -21.906974
    0.103652  -21.906737
    0.120928  -21.906477
    0.138203  -21.906199
    0.155479  -21.905906

    0.000000  -21.900313
    0.017275  -21.900298
    0.034551  -21.900247
    0.051826  -21.900163
    0.069102  -21.900041
    0.086377  -21.899879
    0.103652  -21.899686
    0.120928  -21.899461
    0.138203  -21.899202
    0.155479  -21.898916

    0.000000  -21.900247
    0.017275  -21.900227
    0.034551  -21.900170
    0.051826  -21.900081
    0.069102  -21.899954
    0.086377  -21.899790
    0.103652  -21.899594
    0.120928  -21.899370
    0.138203  -21.899115
    0.155479  -21.898836

    0.000000  -21.896814
    0.017275  -21.896801
    0.034551  -21.896783
    0.051826  -21.896759
    0.069102  -21.896721
    0.086377  -21.896668
    0.103652  -21.896603
    0.120928  -21.896514
    0.138203  -21.896411
    0.155479  -21.896290

    0.000000  -21.896778
    0.017275  -21.896780
    0.034551  -21.896756
    0.051826  -21.896713
    0.069102  -21.896654
    0.086377  -21.896580
    0.103652  -21.896496
    0.120928  -21.896390
    0.138203  -21.896273
    0.155479  -21.896141

    0.000000  -21.890989
    0.017275  -21.890996
    0.034551  -21.890998
    0.051826  -21.891000
    0.069102  -21.890997
    0.086377  -21.890987
    0.103652  -21.890974
    0.120928  -21.890944
    0.138203  -21.890909
    0.155479  -21.890856

    0.000000  -21.890958
    0.017275  -21.890954
    0.034551  -21.890945
    0.051826  -21.890936
    0.069102  -21.890922
    0.086377  -21.890902
    0.103652  -21.890878
    0.120928  -21.890838
    0.138203  -21.890794
    0.155479  -21.890734

    0.000000  -21.885047
    0.017275  -21.885057
    0.034551  -21.885080
    0.051826  -21.885121
    0.069102  -21.885177
    0.086377  -21.885242
    0.103652  -21.885319
    0.120928  -21.885405
    0.138203  -21.885495
    0.155479  -21.885583

    0.000000  -21.884965
    0.017275  -21.884978
    0.034551  -21.885004
    0.051826  -21.885046
    0.069102  -21.885104
    0.086377  -21.885170
    0.103652  -21.885247
    0.120928  -21.885332
    0.138203  -21.885420
    0.155479  -21.885504

    0.000000  -21.877663
    0.017275  -21.877688
    0.034551  -21.877742
    0.051826  -21.877841
    0.069102  -21.877975
    0.086377  -21.878137
    0.103652  -21.878337
    0.120928  -21.878559
    0.138203  -21.878806
    0.155479  -21.879069

    0.000000  -21.877571
    0.017275  -21.877598
    0.034551  -21.877655
    0.051826  -21.877755
    0.069102  -21.877891
    0.086377  -21.878053
    0.103652  -21.878254
    0.120928  -21.878477
    0.138203  -21.878723
    0.155479  -21.878986

    0.000000  -21.859488
    0.017275  -21.859971
    0.034551  -21.860476
    0.051826  -21.860990
    0.069102  -21.861505
    0.086377  -21.862020
    0.103652  -21.862539
    0.120928  -21.863061
    0.138203  -21.863586
    0.155479  -21.864113

    0.000000  -21.859368
    0.017275  -21.858900
    0.034551  -21.858653
    0.051826  -21.859134
    0.069102  -21.859618
    0.086377  -21.860099
    0.103652  -21.860585
    0.120928  -21.861073
    0.138203  -21.861565
    0.155479  -21.862059

    0.000000  -21.857823
    0.017275  -21.858176
    0.034551  -21.858419
    0.051826  -21.857954
    0.069102  -21.857500
    0.086377  -21.857058
    0.103652  -21.856635
    0.120928  -21.856231
    0.138203  -21.855852
    0.155479  -21.855494

    0.000000  -21.857683
    0.017275  -21.857339
    0.034551  -21.856879
    0.051826  -21.856430
    0.069102  -21.855991
    0.086377  -21.855562
    0.103652  -21.855150
    0.120928  -21.854757
    0.138203  -21.854385
    0.155479  -21.854033

    0.000000  -21.842688
    0.017275  -21.842703
    0.034551  -21.842757
    0.051826  -21.842823
    0.069102  -21.842892
    0.086377  -21.842960
    0.103652  -21.843033
    0.120928  -21.843107
    0.138203  -21.843185
    0.155479  -21.843264

    0.000000  -21.842633
    0.017275  -21.842639
    0.034551  -21.842633
    0.051826  -21.842641
    0.069102  -21.842657
    0.086377  -21.842678
    0.103652  -21.842709
    0.120928  -21.842742
    0.138203  -21.842782
    0.155479  -21.842823

    0.000000  -21.841597
    0.017275  -21.841602
    0.034551  -21.841575
    0.051826  -21.841519
    0.069102  -21.841439
    0.086377  -21.841335
    0.103652  -21.841219
    0.120928  -21.841101
    0.138203  -21.840982
    0.155479  -21.840866

    0.000000  -21.841532
    0.017275  -21.841496
    0.034551  -21.841419
    0.051826  -21.841317
    0.069102  -21.841194
    0.086377  -21.841052
    0.103652  -21.840898
    0.120928  -21.840741
    0.138203  -21.840581
    0.155479  -21.840421

    0.000000  -21.835649
    0.017275  -21.835648
    0.034551  -21.835648
    0.051826  -21.835654
    0.069102  -21.835663
    0.086377  -21.835670
    0.103652  -21.835676
    0.120928  -21.835688
    0.138203  -21.835703
    0.155479  -21.835712

    0.000000  -21.835612
    0.017275  -21.835616
    0.034551  -21.835617
    0.051826  -21.835619
    0.069102  -21.835621
    0.086377  -21.835621
    0.103652  -21.835621
    0.120928  -21.835628
    0.138203  -21.835640
    0.155479  -21.835649

    0.000000  -21.831784
    0.017275  -21.831781
    0.034551  -21.831800
    0.051826  -21.831847
    0.069102  -21.831907
    0.086377  -21.831976
    0.103652  -21.832059
    0.120928  -21.832149
    0.138203  -21.832260
    0.155479  -21.832385

    0.000000  -21.831756
    0.017275  -21.831770
    0.034551  -21.831790
    0.051826  -21.831820
    0.069102  -21.831862
    0.086377  -21.831912
    0.103652  -21.831974
    0.120928  -21.832044
    0.138203  -21.832133
    0.155479  -21.832234

    0.000000  -21.826613
    0.017275  -21.826625
    0.034551  -21.826658
    0.051826  -21.826717
    0.069102  -21.826795
    0.086377  -21.826891
    0.103652  -21.827010
    0.120928  -21.827147
    0.138203  -21.827308
    0.155479  -21.827493

    0.000000  -21.826553
    0.017275  -21.826561
    0.034551  -21.826589
    0.051826  -21.826641
    0.069102  -21.826712
    0.086377  -21.826800
    0.103652  -21.826910
    0.120928  -21.827038
    0.138203  -21.827189
    0.155479  -21.827363

    0.000000  -21.820584
    0.017275  -21.820594
    0.034551  -21.820632
    0.051826  -21.820703
    0.069102  -21.820795
    0.086377  -21.820904
    0.103652  -21.821042
    0.120928  -21.821203
    0.138203  -21.821390
    0.155479  -21.821606

    0.000000  -21.820517
    0.017275  -21.820525
    0.034551  -21.820560
    0.051826  -21.820629
    0.069102  -21.820717
    0.086377  -21.820822
    0.103652  -21.820957
    0.120928  -21.821114
    0.138203  -21.821297
    0.155479  -21.821509

    0.000000  -21.767162
    0.017275  -21.767209
    0.034551  -21.767419
    0.051826  -21.767651
    0.069102  -21.767877
    0.086377  -21.768091
    0.103652  -21.768292
    0.120928  -21.768477
    0.138203  -21.768645
    0.155479  -21.768795

    0.000000  -21.766731
    0.017275  -21.766677
    0.034551  -21.766438
    0.051826  -21.766163
    0.069102  -21.765876
    0.086377  -21.765988
    0.103652  -21.766185
    0.120928  -21.766368
    0.138203  -21.766535
    0.155479  -21.766684

    0.000000  -21.765036
    0.017275  -21.765141
    0.034551  -21.765339
    0.051826  -21.765560
    0.069102  -21.765779
    0.086377  -21.765579
    0.103652  -21.765279
    0.120928  -21.764976
    0.138203  -21.764672
    0.155479  -21.764369

    0.000000  -21.764399
    0.017275  -21.764287
    0.034551  -21.764060
    0.051826  -21.763797
    0.069102  -21.763517
    0.086377  -21.763226
    0.103652  -21.762930
    0.120928  -21.762630
    0.138203  -21.762329
    0.155479  -21.762028

    0.000000  -21.707119
    0.017275  -21.707428
    0.034551  -21.707911
    0.051826  -21.708417
    0.069102  -21.708933
    0.086377  -21.709451
    0.103652  -21.709976
    0.120928  -21.710502
    0.138203  -21.711028
    0.155479  -21.711552

    0.000000  -21.706796
    0.017275  -21.706505
    0.034551  -21.706066
    0.051826  -21.706449
    0.069102  -21.706967
    0.086377  -21.707487
    0.103652  -21.708015
    0.120928  -21.708543
    0.138203  -21.709072
    0.155479  -21.709598

    0.000000  -21.705026
    0.017275  -21.705452
    0.034551  -21.705940
    0.051826  -21.705641
    0.069102  -21.705234
    0.086377  -21.704845
    0.103652  -21.704485
    0.120928  -21.704151
    0.138203  -21.703848
    0.155479  -21.703576

    0.000000  -21.704532
    0.017275  -21.704124
    0.034551  -21.703679
    0.051826  -21.703251
    0.069102  -21.702840
    0.086377  -21.702449
    0.103652  -21.702085
    0.120928  -21.701747
    0.138203  -21.701441
    0.155479  -21.701165

    0.000000  -20.995788
    0.017275  -20.995762
    0.034551  -20.995691
    0.051826  -20.995571
    0.069102  -20.995383
    0.086377  -20.995130
    0.103652  -20.994829
    0.120928  -20.994485
    0.138203  -20.994082
    0.155479  -20.993647

    0.000000  -20.995701
    0.017275  -20.995659
    0.034551  -20.995535
    0.051826  -20.995350
    0.069102  -20.995095
    0.086377  -20.994771
    0.103652  -20.994404
    0.120928  -20.994005
    0.138203  -20.993565
    0.155479  -20.993108

    0.000000  -20.995199
    0.017275  -20.995195
    0.034551  -20.995127
    0.051826  -20.994999
    0.069102  -20.994794
    0.086377  -20.994524
    0.103652  -20.994189
    0.120928  -20.993791
    0.138203  -20.993302
    0.155479  -20.992749

    0.000000  -20.995120
    0.017275  -20.995061
    0.034551  -20.994933
    0.051826  -20.994743
    0.069102  -20.994477
    0.086377  -20.994143
    0.103652  -20.993751
    0.120928  -20.993306
    0.138203  -20.992789
    0.155479  -20.992222

    0.000000  -20.985253
    0.017275  -20.985273
    0.034551  -20.985294
    0.051826  -20.985325
    0.069102  -20.985371
    0.086377  -20.985440
    0.103652  -20.985529
    0.120928  -20.985634
    0.138203  -20.985733
    0.155479  -20.985825

    0.000000  -20.985085
    0.017275  -20.985097
    0.034551  -20.985112
    0.051826  -20.985149
    0.069102  -20.985215
    0.086377  -20.985317
    0.103652  -20.985442
    0.120928  -20.985579
    0.138203  -20.985700
    0.155479  -20.985799

    0.000000  -20.983201
    0.017275  -20.983226
    0.034551  -20.983244
    0.051826  -20.983222
    0.069102  -20.983127
    0.086377  -20.982939
    0.103652  -20.982661
    0.120928  -20.982305
    0.138203  -20.981864
    0.155479  -20.981361

    0.000000  -20.982741
    0.017275  -20.982754
    0.034551  -20.982766
    0.051826  -20.982757
    0.069102  -20.982695
    0.086377  -20.982556
    0.103652  -20.982333
    0.120928  -20.982030
    0.138203  -20.981637
    0.155479  -20.981175

    0.000000  -20.980707
    0.017275  -20.980628
    0.034551  -20.980432
    0.051826  -20.980148
    0.069102  -20.979797
    0.086377  -20.979393
    0.103652  -20.978943
    0.120928  -20.978457
    0.138203  -20.977940
    0.155479  -20.977399

    0.000000  -20.980259
    0.017275  -20.980189
    0.034551  -20.980006
    0.051826  -20.979737
    0.069102  -20.979405
    0.086377  -20.979023
    0.103652  -20.978597
    0.120928  -20.978139
    0.138203  -20.977651
    0.155479  -20.977141

    0.000000  -20.976894
    0.017275  -20.976856
    0.034551  -20.976743
    0.051826  -20.976557
    0.069102  -20.976302
    0.086377  -20.975981
    0.103652  -20.975594
    0.120928  -20.975145
    0.138203  -20.974652
    0.155479  -20.974118

    0.000000  -20.976696
    0.017275  -20.976655
    0.034551  -20.976533
    0.051826  -20.976336
    0.069102  -20.976069
    0.086377  -20.975738
    0.103652  -20.975341
    0.120928  -20.974886
    0.138203  -20.974387
    0.155479  -20.973850

    0.000000  -20.968926
    0.017275  -20.968907
    0.034551  -20.968848
    0.051826  -20.968752
    0.069102  -20.968617
    0.086377  -20.968449
    0.103652  -20.968246
    0.120928  -20.968000
    0.138203  -20.967729
    0.155479  -20.967425

    0.000000  -20.968829
    0.017275  -20.968809
    0.034551  -20.968750
    0.051826  -20.968655
    0.069102  -20.968521
    0.086377  -20.968353
    0.103652  -20.968151
    0.120928  -20.967905
    0.138203  -20.967635
    0.155479  -20.967331

    0.000000  -20.960150
    0.017275  -20.960147
    0.034551  -20.960119
    0.051826  -20.960078
    0.069102  -20.960020
    0.086377  -20.959943
    0.103652  -20.959846
    0.120928  -20.959736
    0.138203  -20.959609
    0.155479  -20.959458

    0.000000  -20.960107
    0.017275  -20.960098
    0.034551  -20.960062
    0.051826  -20.960011
    0.069102  -20.959942
    0.086377  -20.959854
    0.103652  -20.959746
    0.120928  -20.959625
    0.138203  -20.959488
    0.155479  -20.959327

    0.000000  -20.953275
    0.017275  -20.953290
    0.034551  -20.953315
    0.051826  -20.953364
    0.069102  -20.953435
    0.086377  -20.953532
    0.103652  -20.953659
    0.120928  -20.953818
    0.138203  -20.954012
    0.155479  -20.954234

    0.000000  -20.953089
    0.017275  -20.953111
    0.034551  -20.953139
    0.051826  -20.953185
    0.069102  -20.953247
    0.086377  -20.953319
    0.103652  -20.953401
    0.120928  -20.953492
    0.138203  -20.953587
    0.155479  -20.953678

    0.000000  -20.951549
    0.017275  -20.951577
    0.034551  -20.951639
    0.051826  -20.951740
    0.069102  -20.951866
    0.086377  -20.952013
    0.103652  -20.952181
    0.120928  -20.952356
    0.138203  -20.952551
    0.155479  -20.952762

    0.000000  -20.951414
    0.017275  -20.951439
    0.034551  -20.951479
    0.051826  -20.951550
    0.069102  -20.951647
    0.086377  -20.951776
    0.103652  -20.951937
    0.120928  -20.952112
    0.138203  -20.952300
    0.155479  -20.952475

    0.000000  -20.948817
    0.017275  -20.948847
    0.034551  -20.948907
    0.051826  -20.949005
    0.069102  -20.949132
    0.086377  -20.949278
    0.103652  -20.949457
    0.120928  -20.949641
    0.138203  -20.949835
    0.155479  -20.950030

    0.000000  -20.948694
    0.017275  -20.948720
    0.034551  -20.948775
    0.051826  -20.948866
    0.069102  -20.948986
    0.086377  -20.949125
    0.103652  -20.949298
    0.120928  -20.949477
    0.138203  -20.949668
    0.155479  -20.949862

    0.000000  -20.927850
    0.017275  -20.928525
    0.034551  -20.929408
    0.051826  -20.930369
    0.069102  -20.931373
    0.086377  -20.932401
    0.103652  -20.933445
    0.120928  -20.934488
    0.138203  -20.935525
    0.155479  -20.936542

    0.000000  -20.927521
    0.017275  -20.928356
    0.034551  -20.929270
    0.051826  -20.930239
    0.069102  -20.931239
    0.086377  -20.932253
    0.103652  -20.933277
    0.120928  -20.934295
    0.138203  -20.935303
    0.155479  -20.936285

    0.000000  -20.927481
    0.017275  -20.926930
    0.034551  -20.926377
    0.051826  -20.925927
    0.069102  -20.925762
    0.086377  -20.925852
    0.103652  -20.925920
    0.120928  -20.925960
    0.138203  -20.925984
    0.155479  -20.925992

    0.000000  -20.927394
    0.017275  -20.926683
    0.034551  -20.926075
    0.051826  -20.925613
    0.069102  -20.925523
    0.086377  -20.925263
    0.103652  -20.925301
    0.120928  -20.925325
    0.138203  -20.925338
    0.155479  -20.925337

    0.000000  -20.924826
    0.017275  -20.925151
    0.034551  -20.925414
    0.051826  -20.925593
    0.069102  -20.925286
    0.086377  -20.925164
    0.103652  -20.924830
    0.120928  -20.924505
    0.138203  -20.924192
    0.155479  -20.923888

    0.000000  -20.924672
    0.017275  -20.924622
    0.034551  -20.924835
    0.051826  -20.924983
    0.069102  -20.924993
    0.086377  -20.924722
    0.103652  -20.924403
    0.120928  -20.924090
    0.138203  -20.923792
    0.155479  -20.923506

    0.000000  -20.924330
    0.017275  -20.924231
    0.034551  -20.923624
    0.051826  -20.922936
    0.069102  -20.922204
    0.086377  -20.921459
    0.103652  -20.920737
    0.120928  -20.920041
    0.138203  -20.919391
    0.155479  -20.918789

    0.000000  -20.924267
    0.017275  -20.923861
    0.034551  -20.923324
    0.051826  -20.922696
    0.069102  -20.922006
    0.086377  -20.921288
    0.103652  -20.920580
    0.120928  -20.919891
    0.138203  -20.919241
    0.155479  -20.918637

    0.000000  -20.915754
    0.017275  -20.915774
    0.034551  -20.915792
    0.051826  -20.915818
    0.069102  -20.915844
    0.086377  -20.915866
    0.103652  -20.915892
    0.120928  -20.915916
    0.138203  -20.915934
    0.155479  -20.915941

    0.000000  -20.915697
    0.017275  -20.915688
    0.034551  -20.915675
    0.051826  -20.915672
    0.069102  -20.915672
    0.086377  -20.915670
    0.103652  -20.915675
    0.120928  -20.915682
    0.138203  -20.915682
    0.155479  -20.915672

    0.000000  -20.915390
    0.017275  -20.915377
    0.034551  -20.915383
    0.051826  -20.915397
    0.069102  -20.915406
    0.086377  -20.915409
    0.103652  -20.915418
    0.120928  -20.915418
    0.138203  -20.915432
    0.155479  -20.915450

    0.000000  -20.915333
    0.017275  -20.915346
    0.034551  -20.915309
    0.051826  -20.915271
    0.069102  -20.915229
    0.086377  -20.915182
    0.103652  -20.915145
    0.120928  -20.915105
    0.138203  -20.915077
    0.155479  -20.915055

    0.000000  -20.911603
    0.017275  -20.911598
    0.034551  -20.911571
    0.051826  -20.911542
    0.069102  -20.911496
    0.086377  -20.911428
    0.103652  -20.911348
    0.120928  -20.911244
    0.138203  -20.911124
    0.155479  -20.910990

    0.000000  -20.911480
    0.017275  -20.911484
    0.034551  -20.911462
    0.051826  -20.911435
    0.069102  -20.911388
    0.086377  -20.911316
    0.103652  -20.911231
    0.120928  -20.911124
    0.138203  -20.911006
    0.155479  -20.910884

    0.000000  -20.909591
    0.017275  -20.909602
    0.034551  -20.909631
    0.051826  -20.909682
    0.069102  -20.909752
    0.086377  -20.909838
    0.103652  -20.909942
    0.120928  -20.910050
    0.138203  -20.910163
    0.155479  -20.910258

    0.000000  -20.909483
    0.017275  -20.909496
    0.034551  -20.909527
    0.051826  -20.909580
    0.069102  -20.909653
    0.086377  -20.909741
    0.103652  -20.909849
    0.120928  -20.909962
    0.138203  -20.910078
    0.155479  -20.910174

    0.000000  -20.904373
    0.017275  -20.904386
    0.034551  -20.904433
    0.051826  -20.904522
    0.069102  -20.904634
    0.086377  -20.904767
    0.103652  -20.904931
    0.120928  -20.905126
    0.138203  -20.905342
    0.155479  -20.905588

    0.000000  -20.904270
    0.017275  -20.904282
    0.034551  -20.904329
    0.051826  -20.904417
    0.069102  -20.904528
    0.086377  -20.904660
    0.103652  -20.904823
    0.120928  -20.905015
    0.138203  -20.905227
    0.155479  -20.905468

    0.000000  -20.901051
    0.017275  -20.901189
    0.034551  -20.901426
    0.051826  -20.901679
    0.069102  -20.901925
    0.086377  -20.902149
    0.103652  -20.902364
    0.120928  -20.902552
    0.138203  -20.902723
    0.155479  -20.902867

    0.000000  -20.900958
    0.017275  -20.900927
    0.034551  -20.900955
    0.051826  -20.901102
    0.069102  -20.901288
    0.086377  -20.901473
    0.103652  -20.901662
    0.120928  -20.901831
    0.138203  -20.901989
    0.155479  -20.902127

    0.000000  -20.899880
    0.017275  -20.899958
    0.034551  -20.899880
    0.051826  -20.899685
    0.069102  -20.899447
    0.086377  -20.899187
    0.103652  -20.898943
    0.120928  -20.898699
    0.138203  -20.898475
    0.155479  -20.898267

    0.000000  -20.899798
    0.017275  -20.899638
    0.034551  -20.899416
    0.051826  -20.899180
    0.069102  -20.898942
    0.086377  -20.898701
    0.103652  -20.898483
    0.120928  -20.898267
    0.138203  -20.898072
    0.155479  -20.897892

    0.000000  -20.890529
    0.017275  -20.890532
    0.034551  -20.890606
    0.051826  -20.890701
    0.069102  -20.890813
    0.086377  -20.890925
    0.103652  -20.891044
    0.120928  -20.891173
    0.138203  -20.891305
    0.155479  -20.891446

    0.000000  -20.890440
    0.017275  -20.890466
    0.034551  -20.890443
    0.051826  -20.890439
    0.069102  -20.890462
    0.086377  -20.890498
    0.103652  -20.890554
    0.120928  -20.890630
    0.138203  -20.890719
    0.155479  -20.890825

    0.000000  -20.884642
    0.017275  -20.884679
    0.034551  -20.884675
    0.051826  -20.884637
    0.069102  -20.884567
    0.086377  -20.884474
    0.103652  -20.884378
    0.120928  -20.884295
    0.138203  -20.884234
    0.155479  -20.884216

    0.000000  -20.884471
    0.017275  -20.884412
    0.034551  -20.884313
    0.051826  -20.884194
    0.069102  -20.884067
    0.086377  -20.883943
    0.103652  -20.883840
    0.120928  -20.883774
    0.138203  -20.883750
    0.155479  -20.883780

    0.000000  -20.877513
    0.017275  -20.877526
    0.034551  -20.877524
    0.051826  -20.877513
    0.069102  -20.877485
    0.086377  -20.877437
    0.103652  -20.877369
    0.120928  -20.877275
    0.138203  -20.877159
    0.155479  -20.877021

    0.000000  -20.877354
    0.017275  -20.877330
    0.034551  -20.877283
    0.051826  -20.877221
    0.069102  -20.877136
    0.086377  -20.877025
    0.103652  -20.876892
    0.120928  -20.876734
    0.138203  -20.876566
    0.155479  -20.876396

    0.000000  -20.869301
    0.017275  -20.869336
    0.034551  -20.869429
    0.051826  -20.869584
    0.069102  -20.869790
    0.086377  -20.870049
    0.103652  -20.870359
    0.120928  -20.870702
    0.138203  -20.871095
    0.155479  -20.871514

    0.000000  -20.869179
    0.017275  -20.869202
    0.034551  -20.869275
    0.051826  -20.869404
    0.069102  -20.869579
    0.086377  -20.869803
    0.103652  -20.870073
    0.120928  -20.870367
    0.138203  -20.870697
    0.155479  -20.871032

    0.000000  -20.859256
    0.017275  -20.859291
    0.034551  -20.859386
    0.051826  -20.859553
    0.069102  -20.859781
    0.086377  -20.860077
    0.103652  -20.860438
    0.120928  -20.860859
    0.138203  -20.861355
    0.155479  -20.861927

    0.000000  -20.859137
    0.017275  -20.859173
    0.034551  -20.859272
    0.051826  -20.859443
    0.069102  -20.859677
    0.086377  -20.859979
    0.103652  -20.860346
    0.120928  -20.860772
    0.138203  -20.861271
    0.155479  -20.861845

    0.000000  -20.851534
    0.017275  -20.851520
    0.034551  -20.851480
    0.051826  -20.851430
    0.069102  -20.851384
    0.086377  -20.851367
    0.103652  -20.851427
    0.120928  -20.851596
    0.138203  -20.851899
    0.155479  -20.852345

    0.000000  -20.851362
    0.017275  -20.851345
    0.034551  -20.851299
    0.051826  -20.851243
    0.069102  -20.851199
    0.086377  -20.851196
    0.103652  -20.851274
    0.120928  -20.851442
    0.138203  -20.851704
    0.155479  -20.852081

    0.000000  -20.849065
    0.017275  -20.849067
    0.034551  -20.849042
    0.051826  -20.848999
    0.069102  -20.848922
    0.086377  -20.848822
    0.103652  -20.848708
    0.120928  -20.848600
    0.138203  -20.848514
    0.155479  -20.848504

    0.000000  -20.848985
    0.017275  -20.848970
    0.034551  -20.848929
    0.051826  -20.848877
    0.069102  -20.848798
    0.086377  -20.848697
    0.103652  -20.848565
    0.120928  -20.848408
    0.138203  -20.848247
    0.155479  -20.848144

    0.000000  -20.846274
    0.017275  -20.846272
    0.034551  -20.846259
    0.051826  -20.846240
    0.069102  -20.846193
    0.086377  -20.846114
    0.103652  -20.846010
    0.120928  -20.845896
    0.138203  -20.845762
    0.155479  -20.845636

    0.000000  -20.846199
    0.017275  -20.846187
    0.034551  -20.846141
    0.051826  -20.846083
    0.069102  -20.846000
    0.086377  -20.845895
    0.103652  -20.845782
    0.120928  -20.845681
    0.138203  -20.845587
    0.155479  -20.845527

    0.000000  -20.839474
    0.017275  -20.839570
    0.034551  -20.839749
    0.051826  -20.839998
    0.069102  -20.840303
    0.086377  -20.840646
    0.103652  -20.841006
    0.120928  -20.841348
    0.138203  -20.841651
    0.155479  -20.841955

    0.000000  -20.839387
    0.017275  -20.839382
    0.034551  -20.839469
    0.051826  -20.839649
    0.069102  -20.839909
    0.086377  -20.840226
    0.103652  -20.840588
    0.120928  -20.840975
    0.138203  -20.841393
    0.155479  -20.841897

    0.000000  -20.838181
    0.017275  -20.838197
    0.034551  -20.838209
    0.051826  -20.838194
    0.069102  -20.838166
    0.086377  -20.838146
    0.103652  -20.838207
    0.120928  -20.838500
    0.138203  -20.839130
    0.155479  -20.839949

    0.000000  -20.838141
    0.017275  -20.838112
    0.034551  -20.838045
    0.051826  -20.837975
    0.069102  -20.837915
    0.086377  -20.837888
    0.103652  -20.837969
    0.120928  -20.838303
    0.138203  -20.838936
    0.155479  -20.839637

    0.000000  -20.834546
    0.017275  -20.834596
    0.034551  -20.834686
    0.051826  -20.834842
    0.069102  -20.835112
    0.086377  -20.835535
    0.103652  -20.836081
    0.120928  -20.836555
    0.138203  -20.836723
    0.155479  -20.836653

    0.000000  -20.834534
    0.017275  -20.834506
    0.034551  -20.834495
    0.051826  -20.834568
    0.069102  -20.834829
    0.086377  -20.835307
    0.103652  -20.835835
    0.120928  -20.836184
    0.138203  -20.836262
    0.155479  -20.836155

    0.000000  -20.832637
    0.017275  -20.832749
    0.034551  -20.832960
    0.051826  -20.833216
    0.069102  -20.833386
    0.086377  -20.833395
    0.103652  -20.833283
    0.120928  -20.833083
    0.138203  -20.832837
    0.155479  -20.832547

    0.000000  -20.832552
    0.017275  -20.832550
    0.034551  -20.832632
    0.051826  -20.832779
    0.069102  -20.832915
    0.086377  -20.832972
    0.103652  -20.832926
    0.120928  -20.832773
    0.138203  -20.832551
    0.155479  -20.832264

    0.000000  -20.829681
    0.017275  -20.829679
    0.034551  -20.829642
    0.051826  -20.829564
    0.069102  -20.829439
    0.086377  -20.829265
    0.103652  -20.829041
    0.120928  -20.828777
    0.138203  -20.828512
    0.155479  -20.828876

    0.000000  -20.829614
    0.017275  -20.829595
    0.034551  -20.829543
    0.051826  -20.829453
    0.069102  -20.829322
    0.086377  -20.829146
    0.103652  -20.828925
    0.120928  -20.828675
    0.138203  -20.828458
    0.155479  -20.828655

    0.000000  -20.825324
    0.017275  -20.825309
    0.034551  -20.825244
    0.051826  -20.825134
    0.069102  -20.824991
    0.086377  -20.824840
    0.103652  -20.824819
    0.120928  -20.825574
    0.138203  -20.826835
    0.155479  -20.827856

    0.000000  -20.825254
    0.017275  -20.825232
    0.034551  -20.825153
    0.051826  -20.825025
    0.069102  -20.824852
    0.086377  -20.824647
    0.103652  -20.824489
    0.120928  -20.825436
    0.138203  -20.826818
    0.155479  -20.827609

    0.000000  -20.820152
    0.017275  -20.820237
    0.034551  -20.820548
    0.051826  -20.821130
    0.069102  -20.821917
    0.086377  -20.822888
    0.103652  -20.823931
    0.120928  -20.823975
    0.138203  -20.823669
    0.155479  -20.823302

    0.000000  -20.820130
    0.017275  -20.820164
    0.034551  -20.820430
    0.051826  -20.821003
    0.069102  -20.821779
    0.086377  -20.822716
    0.103652  -20.823645
    0.120928  -20.823899
    0.138203  -20.823636
    0.155479  -20.823232

    0.000000  -20.819839
    0.017275  -20.819877
    0.034551  -20.819875
    0.051826  -20.819757
    0.069102  -20.819569
    0.086377  -20.819325
    0.103652  -20.819027
    0.120928  -20.818665
    0.138203  -20.818253
    0.155479  -20.817773

    0.000000  -20.819768
    0.017275  -20.819790
    0.034551  -20.819756
    0.051826  -20.819634
    0.069102  -20.819443
    0.086377  -20.819193
    0.103652  -20.818890
    0.120928  -20.818523
    0.138203  -20.818105
    0.155479  -20.817620

    0.000000  -20.791693
    0.017275  -20.792933
    0.034551  -20.794241
    0.051826  -20.795503
    0.069102  -20.796689
    0.086377  -20.797799
    0.103652  -20.798839
    0.120928  -20.799811
    0.138203  -20.800712
    0.155479  -20.801550

    0.000000  -20.791598
    0.017275  -20.791585
    0.034551  -20.792743
    0.051826  -20.793933
    0.069102  -20.795061
    0.086377  -20.796119
    0.103652  -20.797114
    0.120928  -20.798048
    0.138203  -20.798920
    0.155479  -20.799738

    0.000000  -20.789856
    0.017275  -20.789778
    0.034551  -20.788399
    0.051826  -20.786900
    0.069102  -20.785359
    0.086377  -20.783793
    0.103652  -20.782229
    0.120928  -20.780675
    0.138203  -20.779138
    0.155479  -20.777637

    0.000000  -20.789798
    0.017275  -20.788547
    0.034551  -20.787121
    0.051826  -20.785649
    0.069102  -20.784140
    0.086377  -20.782603
    0.103652  -20.781062
    0.120928  -20.779526
    0.138203  -20.778002
    0.155479  -20.776506

    0.000000  -20.767741
    0.017275  -20.767672
    0.034551  -20.767470
    0.051826  -20.767154
    0.069102  -20.766717
    0.086377  -20.766171
    0.103652  -20.765550
    0.120928  -20.764871
    0.138203  -20.764151
    0.155479  -20.763425

    0.000000  -20.767700
    0.017275  -20.767638
    0.034551  -20.767436
    0.051826  -20.767114
    0.069102  -20.766668
    0.086377  -20.766113
    0.103652  -20.765485
    0.120928  -20.764802
    0.138203  -20.764082
    0.155479  -20.763357

    0.000000  -20.759752
    0.017275  -20.759730
    0.034551  -20.759616
    0.051826  -20.759413
    0.069102  -20.759116
    0.086377  -20.758729
    0.103652  -20.758262
    0.120928  -20.757716
    0.138203  -20.757091
    0.155479  -20.756405

    0.000000  -20.759722
    0.017275  -20.759661
    0.034551  -20.759504
    0.051826  -20.759261
    0.069102  -20.758934
    0.086377  -20.758524
    0.103652  -20.758048
    0.120928  -20.757506
    0.138203  -20.756900
    0.155479  -20.756252

    0.000000  -20.748968
    0.017275  -20.748986
    0.034551  -20.748989
    0.051826  -20.748981
    0.069102  -20.748968
    0.086377  -20.748949
    0.103652  -20.748931
    0.120928  -20.748917
    0.138203  -20.748921
    0.155479  -20.748962

    0.000000  -20.748939
    0.017275  -20.748918
    0.034551  -20.748881
    0.051826  -20.748835
    0.069102  -20.748786
    0.086377  -20.748734
    0.103652  -20.748688
    0.120928  -20.748654
    0.138203  -20.748649
    0.155479  -20.748696

    0.000000  -20.739700
    0.017275  -20.739773
    0.034551  -20.739905
    0.051826  -20.740100
    0.069102  -20.740346
    0.086377  -20.740639
    0.103652  -20.740972
    0.120928  -20.741328
    0.138203  -20.741726
    0.155479  -20.742196

    0.000000  -20.739658
    0.017275  -20.739660
    0.034551  -20.739721
    0.051826  -20.739849
    0.069102  -20.740038
    0.086377  -20.740286
    0.103652  -20.740597
    0.120928  -20.740968
    0.138203  -20.741443
    0.155479  -20.742063

    0.000000  -20.731329
    0.017275  -20.731612
    0.034551  -20.732200
    0.051826  -20.733045
    0.069102  -20.734087
    0.086377  -20.735268
    0.103652  -20.736555
    0.120928  -20.737909
    0.138203  -20.739292
    0.155479  -20.740618

    0.000000  -20.731278
    0.017275  -20.731325
    0.034551  -20.731671
    0.051826  -20.732306
    0.069102  -20.733182
    0.086377  -20.734242
    0.103652  -20.735437
    0.120928  -20.736706
    0.138203  -20.737983
    0.155479  -20.739180

    0.000000  -20.726365
    0.017275  -20.727163
    0.034551  -20.728224
    0.051826  -20.729357
    0.069102  -20.730535
    0.086377  -20.731751
    0.103652  -20.732993
    0.120928  -20.734217
    0.138203  -20.735396
    0.155479  -20.736496

    0.000000  -20.726313
    0.017275  -20.726757
    0.034551  -20.727907
    0.051826  -20.729165
    0.069102  -20.730437
    0.086377  -20.731679
    0.103652  -20.732908
    0.120928  -20.734122
    0.138203  -20.735299
    0.155479  -20.736402

    0.000000  -20.724783
    0.017275  -20.724483
    0.034551  -20.723552
    0.051826  -20.722799
    0.069102  -20.723532
    0.086377  -20.724966
    0.103652  -20.726617
    0.120928  -20.728378
    0.138203  -20.730200
    0.155479  -20.732031

    0.000000  -20.724724
    0.017275  -20.723861
    0.034551  -20.722830
    0.051826  -20.722467
    0.069102  -20.723416
    0.086377  -20.724846
    0.103652  -20.726495
    0.120928  -20.728253
    0.138203  -20.730070
    0.155479  -20.731894

    0.000000  -20.720121
    0.017275  -20.720341
    0.034551  -20.720907
    0.051826  -20.721599
    0.069102  -20.721162
    0.086377  -20.720200
    0.103652  -20.719224
    0.120928  -20.718266
    0.138203  -20.717348
    0.155479  -20.716470

    0.000000  -20.720007
    0.017275  -20.720220
    0.034551  -20.720746
    0.051826  -20.720978
    0.069102  -20.720146
    0.086377  -20.719116
    0.103652  -20.718102
    0.120928  -20.717120
    0.138203  -20.716188
    0.155479  -20.715306

    0.000000  -20.702884
    0.017275  -20.703169
    0.034551  -20.703287
    0.051826  -20.703242
    0.069102  -20.703055
    0.086377  -20.702766
    0.103652  -20.702425
    0.120928  -20.702056
    0.138203  -20.701691
    0.155479  -20.701350

    0.000000  -20.702839
    0.017275  -20.702439
    0.034551  -20.702455
    0.051826  -20.702408
    0.069102  -20.702219
    0.086377  -20.701933
    0.103652  -20.701603
    0.120928  -20.701254
    0.138203  -20.700916
    0.155479  -20.700607

    0.000000  -20.701999
    0.017275  -20.702291
    0.034551  -20.701859
    0.051826  -20.701253
    0.069102  -20.700605
    0.086377  -20.699937
    0.103652  -20.699278
    0.120928  -20.698627
    0.138203  -20.697999
    0.155479  -20.697399

    0.000000  -20.701919
    0.017275  -20.701442
    0.034551  -20.700836
    0.051826  -20.700156
    0.069102  -20.699438
    0.086377  -20.698710
    0.103652  -20.698008
    0.120928  -20.697335
    0.138203  -20.696708
    0.155479  -20.696133

    0.000000  -20.695261
    0.017275  -20.695175
    0.034551  -20.694924
    0.051826  -20.694579
    0.069102  -20.694214
    0.086377  -20.693833
    0.103652  -20.693419
    0.120928  -20.692971
    0.138203  -20.692515
    0.155479  -20.692070

    0.000000  -20.695150
    0.017275  -20.695068
    0.034551  -20.694841
    0.051826  -20.694540
    0.069102  -20.694161
    0.086377  -20.693713
    0.103652  -20.693240
    0.120928  -20.692750
    0.138203  -20.692274
    0.155479  -20.691834

    0.000000  -20.694116
    0.017275  -20.694054
    0.034551  -20.693837
    0.051826  -20.693419
    0.069102  -20.692826
    0.086377  -20.692156
    0.103652  -20.691506
    0.120928  -20.690887
    0.138203  -20.690287
    0.155479  -20.689688

    0.000000  -20.694024
    0.017275  -20.693913
    0.034551  -20.693585
    0.051826  -20.693055
    0.069102  -20.692357
    0.086377  -20.691597
    0.103652  -20.690895
    0.120928  -20.690263
    0.138203  -20.689659
    0.155479  -20.689039

    0.000000  -20.690148
    0.017275  -20.690150
    0.034551  -20.690074
    0.051826  -20.689906
    0.069102  -20.689613
    0.086377  -20.689145
    0.103652  -20.688498
    0.120928  -20.687783
    0.138203  -20.687220
    0.155479  -20.686863

    0.000000  -20.690067
    0.017275  -20.689989
    0.034551  -20.689820
    0.051826  -20.689535
    0.069102  -20.689091
    0.086377  -20.688441
    0.103652  -20.687575
    0.120928  -20.686568
    0.138203  -20.686113
    0.155479  -20.685962

    0.000000  -20.686309
    0.017275  -20.686296
    0.034551  -20.686279
    0.051826  -20.686268
    0.069102  -20.686245
    0.086377  -20.686209
    0.103652  -20.686162
    0.120928  -20.686028
    0.138203  -20.685171
    0.155479  -20.683881

    0.000000  -20.686226
    0.017275  -20.686228
    0.034551  -20.686224
    0.051826  -20.686214
    0.069102  -20.686164
    0.086377  -20.686058
    0.103652  -20.685862
    0.120928  -20.685461
    0.138203  -20.684721
    0.155479  -20.683658

    0.000000  -20.677742
    0.017275  -20.678282
    0.034551  -20.678927
    0.051826  -20.679570
    0.069102  -20.680202
    0.086377  -20.680820
    0.103652  -20.681423
    0.120928  -20.682007
    0.138203  -20.682570
    0.155479  -20.683103

    0.000000  -20.677399
    0.017275  -20.676865
    0.034551  -20.676686
    0.051826  -20.677320
    0.069102  -20.677947
    0.086377  -20.678562
    0.103652  -20.679165
    0.120928  -20.679751
    0.138203  -20.680320
    0.155479  -20.680870

    0.000000  -20.675669
    0.017275  -20.676064
    0.034551  -20.676219
    0.051826  -20.675577
    0.069102  -20.674945
    0.086377  -20.674338
    0.103652  -20.673772
    0.120928  -20.673261
    0.138203  -20.672830
    0.155479  -20.672507

    0.000000  -20.675128
    0.017275  -20.674738
    0.034551  -20.674116
    0.051826  -20.673488
    0.069102  -20.672869
    0.086377  -20.672276
    0.103652  -20.671727
    0.120928  -20.671235
    0.138203  -20.670824
    0.155479  -20.670522

    0.000000  -20.646695
    0.017275  -20.648165
    0.034551  -20.649713
    0.051826  -20.651234
    0.069102  -20.652706
    0.086377  -20.654113
    0.103652  -20.655443
    0.120928  -20.656669
    0.138203  -20.657767
    0.155479  -20.658704

    0.000000  -20.646477
    0.017275  -20.646005
    0.034551  -20.647539
    0.051826  -20.649045
    0.069102  -20.650501
    0.086377  -20.651889
    0.103652  -20.653199
    0.120928  -20.654402
    0.138203  -20.655476
    0.155479  -20.656388

    0.000000  -20.644613
    0.017275  -20.644997
    0.034551  -20.643396
    0.051826  -20.641800
    0.069102  -20.640206
    0.086377  -20.638617
    0.103652  -20.637047
    0.120928  -20.635491
    0.138203  -20.633961
    0.155479  -20.632452

    0.000000  -20.644322
    0.017275  -20.642922
    0.034551  -20.641335
    0.051826  -20.639752
    0.069102  -20.638170
    0.086377  -20.636592
    0.103652  -20.635032
    0.120928  -20.633487
    0.138203  -20.631965
    0.155479  -20.630465

    0.000000  -20.593144
    0.017275  -20.594194
    0.034551  -20.595398
    0.051826  -20.596608
    0.069102  -20.597810
    0.086377  -20.598996
    0.103652  -20.600176
    0.120928  -20.601339
    0.138203  -20.602484
    0.155479  -20.603609

    0.000000  -20.592907
    0.017275  -20.592374
    0.034551  -20.593577
    0.051826  -20.594785
    0.069102  -20.595984
    0.086377  -20.597168
    0.103652  -20.598346
    0.120928  -20.599507
    0.138203  -20.600650
    0.155479  -20.601773

    0.000000  -20.591210
    0.017275  -20.591874
    0.034551  -20.590695
    0.051826  -20.589535
    0.069102  -20.588389
    0.086377  -20.587261
    0.103652  -20.586168
    0.120928  -20.585103
    0.138203  -20.584077
    0.155479  -20.583090

    0.000000  -20.590818
    0.017275  -20.589668
    0.034551  -20.588491
    0.051826  -20.587331
    0.069102  -20.586186
    0.086377  -20.585058
    0.103652  -20.583966
    0.120928  -20.582902
    0.138203  -20.581877
    0.155479  -20.580891

    0.000000   -9.336982
    0.017275   -9.336191
    0.034551   -9.333816
    0.051826   -9.329859
    0.069102   -9.324323
    0.086377   -9.317205
    0.103652   -9.308510
    0.120928   -9.298243
    0.138203   -9.286404
    0.155479   -9.272999

    0.000000   -9.336902
    0.017275   -9.336110
    0.034551   -9.333735
    0.051826   -9.329779
    0.069102   -9.324242
    0.086377   -9.317125
    0.103652   -9.308430
    0.120928   -9.298162
    0.138203   -9.286324
    0.155479   -9.272919

    0.000000   -9.280312
    0.017275   -9.279522
    0.034551   -9.277154
    0.051826   -9.273207
    0.069102   -9.267685
    0.086377   -9.260587
    0.103652   -9.251916
    0.120928   -9.241677
    0.138203   -9.229873
    0.155479   -9.216509

    0.000000   -9.280074
    0.017275   -9.279284
    0.034551   -9.276915
    0.051826   -9.272969
    0.069102   -9.267447
    0.086377   -9.260349
    0.103652   -9.251678
    0.120928   -9.241440
    0.138203   -9.229636
    0.155479   -9.216271

    0.000000   -9.176693
    0.017275   -9.175907
    0.034551   -9.173547
    0.051826   -9.169616
    0.069102   -9.164116
    0.086377   -9.157047
    0.103652   -9.148412
    0.120928   -9.138218
    0.138203   -9.126466
    0.155479   -9.113164

    0.000000   -9.176322
    0.017275   -9.175535
    0.034551   -9.173175
    0.051826   -9.169244
    0.069102   -9.163744
    0.086377   -9.156676
    0.103652   -9.148041
    0.120928   -9.137847
    0.138203   -9.126096
    0.155479   -9.112794

    0.000000   -9.037800
    0.017275   -9.037017
    0.034551   -9.034668
    0.051826   -9.030756
    0.069102   -9.025282
    0.086377   -9.018248
    0.103652   -9.009658
    0.120928   -8.999517
    0.138203   -8.987830
    0.155479   -8.974605

    0.000000   -9.037298
    0.017275   -9.036515
    0.034551   -9.034166
    0.051826   -9.030255
    0.069102   -9.024781
    0.086377   -9.017747
    0.103652   -9.009157
    0.120928   -8.999017
    0.138203   -8.987331
    0.155479   -8.974106

    0.000000   -8.865459
    0.017275   -8.864680
    0.034551   -8.862342
    0.051826   -8.858447
    0.069102   -8.852997
    0.086377   -8.845997
    0.103652   -8.837451
    0.120928   -8.827363
    0.138203   -8.815742
    0.155479   -8.802595

    0.000000   -8.864794
    0.017275   -8.864014
    0.034551   -8.861676
    0.051826   -8.857782
    0.069102   -8.852333
    0.086377   -8.845333
    0.103652   -8.836788
    0.120928   -8.826700
    0.138203   -8.815080
    0.155479   -8.801934

    0.000000   -8.665438
    0.017275   -8.664660
    0.034551   -8.662326
    0.051826   -8.658438
    0.069102   -8.652999
    0.086377   -8.646013
    0.103652   -8.637487
    0.120928   -8.627425
    0.138203   -8.615838
    0.155479   -8.602735

    0.000000   -8.664651
    0.017275   -8.663874
    0.034551   -8.661540
    0.051826   -8.657652
    0.069102   -8.652213
    0.086377   -8.645228
    0.103652   -8.636702
    0.120928   -8.626642
    0.138203   -8.615056
    0.155479   -8.601954

    0.000000   -8.444820
    0.017275   -8.444037
    0.034551   -8.441688
    0.051826   -8.437776
    0.069102   -8.432304
    0.086377   -8.425277
    0.103652   -8.416701
    0.120928   -8.406585
    0.138203   -8.394938
    0.155479   -8.381772

    0.000000   -8.443951
    0.017275   -8.443168
    0.034551   -8.440819
    0.051826   -8.436907
    0.069102   -8.431435
    0.086377   -8.424408
    0.103652   -8.415833
    0.120928   -8.405718
    0.138203   -8.394071
    0.155479   -8.380906

    0.000000   -8.215325
    0.017275   -8.214525
    0.034551   -8.212123
    0.051826   -8.208122
    0.069102   -8.202527
    0.086377   -8.195341
    0.103652   -8.186572
    0.120928   -8.176228
    0.138203   -8.164319
    0.155479   -8.150856

    0.000000   -8.214455
    0.017275   -8.213654
    0.034551   -8.211252
    0.051826   -8.207251
    0.069102   -8.201656
    0.086377   -8.194469
    0.103652   -8.185700
    0.120928   -8.175355
    0.138203   -8.163446
    0.155479   -8.149983

    0.000000   -8.005027
    0.017275   -8.004191
    0.034551   -8.001682
    0.051826   -7.997504
    0.069102   -7.991656
    0.086377   -7.984146
    0.103652   -7.974977
    0.120928   -7.964154
    0.138203   -7.951686
    0.155479   -7.937581

    0.000000   -8.004367
    0.017275   -8.003531
    0.034551   -8.001022
    0.051826   -7.996843
    0.069102   -7.990994
    0.086377   -7.983483
    0.103652   -7.974312
    0.120928   -7.963488
    0.138203   -7.951018
    0.155479   -7.936910

    0.000000   -7.850219
    0.017275   -7.849347
    0.034551   -7.846727
    0.051826   -7.842362
    0.069102   -7.836252
    0.086377   -7.828398
    0.103652   -7.818804
    0.120928   -7.807470
    0.138203   -7.794399
    0.155479   -7.779594

    0.000000   -7.849972
    0.017275   -7.849100
    0.034551   -7.846480
    0.051826   -7.842115
    0.069102   -7.836003
    0.086377   -7.828149
    0.103652   -7.818554
    0.120928   -7.807219
    0.138203   -7.794146
    0.155479   -7.779339

    0.000000   -6.165581
    0.017275   -6.166183
    0.034551   -6.167995
    0.051826   -6.171030
    0.069102   -6.175313
    0.086377   -6.180876
    0.103652   -6.187766
    0.120928   -6.196028
    0.138203   -6.205722
    0.155479   -6.216910

    0.000000   -6.165456
    0.017275   -6.166059
    0.034551   -6.167870
    0.051826   -6.170905
    0.069102   -6.175187
    0.086377   -6.180749
    0.103652   -6.187638
    0.120928   -6.195899
    0.138203   -6.205590
    0.155479   -6.216776

    0.000000   -5.892296
    0.017275   -5.892945
    0.034551   -5.894895
    0.051826   -5.898162
    0.069102   -5.902770
    0.086377   -5.908752
    0.103652   -5.916152
    0.120928   -5.925018
    0.138203   -5.935406
    0.155479   -5.947375

    0.000000   -5.891809
    0.017275   -5.892458
    0.034551   -5.894408
    0.051826   -5.897674
    0.069102   -5.902281
    0.086377   -5.908261
    0.103652   -5.915661
    0.120928   -5.924525
    0.138203   -5.934910
    0.155479   -5.946876

    0.000000   -5.509273
    0.017275   -5.510049
    0.034551   -5.512381
    0.051826   -5.516287
    0.069102   -5.521792
    0.086377   -5.528934
    0.103652   -5.537757
    0.120928   -5.548315
    0.138203   -5.560664
    0.155479   -5.574869

    0.000000   -5.508563
    0.017275   -5.509339
    0.034551   -5.511671
    0.051826   -5.515576
    0.069102   -5.521081
    0.086377   -5.528222
    0.103652   -5.537045
    0.120928   -5.547601
    0.138203   -5.559950
    0.155479   -5.574153

    0.000000   -5.072674
    0.017275   -5.073658
    0.034551   -5.076617
    0.051826   -5.081568
    0.069102   -5.088542
    0.086377   -5.097578
    0.103652   -5.108724
    0.120928   -5.122037
    0.138203   -5.137577
    0.155479   -5.155406

    0.000000   -5.071835
    0.017275   -5.072819
    0.034551   -5.075778
    0.051826   -5.080730
    0.069102   -5.087703
    0.086377   -5.096739
    0.103652   -5.107886
    0.120928   -5.121199
    0.138203   -5.136739
    0.155479   -5.154569

    0.000000   -4.616557
    0.017275   -4.617814
    0.034551   -4.621591
    0.051826   -4.627908
    0.069102   -4.636796
    0.086377   -4.648295
    0.103652   -4.662456
    0.120928   -4.679333
    0.138203   -4.698983
    0.155479   -4.721463

    0.000000   -4.615634
    0.017275   -4.616891
    0.034551   -4.620668
    0.051826   -4.626986
    0.069102   -4.635874
    0.086377   -4.647373
    0.103652   -4.661536
    0.120928   -4.678413
    0.138203   -4.698066
    0.155479   -4.720547

    0.000000   -4.177357
    0.017275   -4.178896
    0.034551   -4.183523
    0.051826   -4.191258
    0.069102   -4.202133
    0.086377   -4.216190
    0.103652   -4.233481
    0.120928   -4.254056
    0.138203   -4.277967
    0.155479   -4.305258

    0.000000   -4.176475
    0.017275   -4.178015
    0.034551   -4.182641
    0.051826   -4.190376
    0.069102   -4.201251
    0.086377   -4.215309
    0.103652   -4.232600
    0.120928   -4.253174
    0.138203   -4.277086
    0.155479   -4.304378

    0.000000   -3.799554
    0.017275   -3.801261
    0.034551   -3.806393
    0.051826   -3.814979
    0.069102   -3.827063
    0.086377   -3.842703
    0.103652   -3.861967
    0.120928   -3.884925
    0.138203   -3.911643
    0.155479   -3.942178

    0.000000   -3.798841
    0.017275   -3.800548
    0.034551   -3.805679
    0.051826   -3.814263
    0.069102   -3.826344
    0.086377   -3.841982
    0.103652   -3.861243
    0.120928   -3.884197
    0.138203   -3.910911
    0.155479   -3.941441

    0.000000   -3.527063
    0.017275   -3.528692
    0.034551   -3.533596
    0.051826   -3.541822
    0.069102   -3.553448
    0.086377   -3.568575
    0.103652   -3.587324
    0.120928   -3.609827
    0.138203   -3.636214
    0.155479   -3.666609

    0.000000   -3.526580
    0.017275   -3.528208
    0.034551   -3.533110
    0.051826   -3.541332
    0.069102   -3.552953
    0.086377   -3.568073
    0.103652   -3.586814
    0.120928   -3.609308
    0.138203   -3.635685
    0.155479   -3.666071

    0.000000   -3.371506
    0.017275   -3.372888
    0.034551   -3.377054
    0.051826   -3.384071
    0.069102   -3.394045
    0.086377   -3.407118
    0.103652   -3.423469
    0.120928   -3.443298
    0.138203   -3.466819
    0.155479   -3.494249

    0.000000   -3.371252
    0.017275   -3.372632
    0.034551   -3.376797
    0.051826   -3.383810
    0.069102   -3.393779
    0.086377   -3.406846
    0.103652   -3.423190
    0.120928   -3.443010
    0.138203   -3.466522
    0.155479   -3.493942

    0.000000   -3.298138
    0.017275   -3.299302
    0.034551   -3.302821
    0.051826   -3.308766
    0.069102   -3.317254
    0.086377   -3.328444
    0.103652   -3.342538
    0.120928   -3.359772
    0.138203   -3.380406
    0.155479   -3.404717

    0.000000   -3.298060
    0.017275   -3.299224
    0.034551   -3.302742
    0.051826   -3.308686
    0.069102   -3.317172
    0.086377   -3.328359
    0.103652   -3.342450
    0.120928   -3.359680
    0.138203   -3.380310
    0.155479   -3.404616

    0.000000   -1.641337
    0.017275   -1.641029
    0.034551   -1.640141
    0.051826   -1.641857
    0.069102   -1.687895
    0.086377   -1.741281
    0.103652   -1.799661
    0.120928   -1.861460
    0.138203   -1.925453
    0.155479   -1.990649

    0.000000   -1.641293
    0.017275   -1.640985
    0.034551   -1.640096
    0.051826   -1.641760
    0.069102   -1.687800
    0.086377   -1.741187
    0.103652   -1.799568
    0.120928   -1.861368
    0.138203   -1.925362
    0.155479   -1.990559

    0.000000   -1.630189
    0.017275   -1.630006
    0.034551   -1.629551
    0.051826   -1.638644
    0.069102   -1.642237
    0.086377   -1.691068
    0.103652   -1.746744
    0.120928   -1.805711
    0.138203   -1.866771
    0.155479   -1.928980

    0.000000   -1.630173
    0.017275   -1.629988
    0.034551   -1.629521
    0.051826   -1.638600
    0.069102   -1.642008
    0.086377   -1.690843
    0.103652   -1.746516
    0.120928   -1.805481
    0.138203   -1.866540
    0.155479   -1.928747

    0.000000   -1.572123
    0.017275   -1.580516
    0.034551   -1.604443
    0.051826   -1.628395
    0.069102   -1.635043
    0.086377   -1.634710
    0.103652   -1.661350
    0.120928   -1.711847
    0.138203   -1.765766
    0.155479   -1.821515

    0.000000   -1.572018
    0.017275   -1.580412
    0.034551   -1.604339
    0.051826   -1.628374
    0.069102   -1.634820
    0.086377   -1.634675
    0.103652   -1.661068
    0.120928   -1.711531
    0.138203   -1.765428
    0.155479   -1.821164

    0.000000   -1.529661
    0.017275   -1.534977
    0.034551   -1.557991
    0.051826   -1.593738
    0.069102   -1.626291
    0.086377   -1.628048
    0.103652   -1.633981
    0.120928   -1.638668
    0.138203   -1.658698
    0.155479   -1.693675

    0.000000   -1.529579
    0.017275   -1.534857
    0.034551   -1.557788
    0.051826   -1.593533
    0.069102   -1.626180
    0.086377   -1.627867
    0.103652   -1.633928
    0.120928   -1.638587
    0.138203   -1.658479
    0.155479   -1.693340

    0.000000   -1.521089
    0.017275   -1.526560
    0.034551   -1.533088
    0.051826   -1.547465
    0.069102   -1.574780
    0.086377   -1.611742
    0.103652   -1.624334
    0.120928   -1.624996
    0.138203   -1.625216
    0.155479   -1.626445

    0.000000   -1.520977
    0.017275   -1.526423
    0.034551   -1.532879
    0.051826   -1.547316
    0.069102   -1.574556
    0.086377   -1.611384
    0.103652   -1.624141
    0.120928   -1.624823
    0.138203   -1.625070
    0.155479   -1.626303

    0.000000   -1.516292
    0.017275   -1.517272
    0.034551   -1.522373
    0.051826   -1.529398
    0.069102   -1.538021
    0.086377   -1.550823
    0.103652   -1.568980
    0.120928   -1.589256
    0.138203   -1.602152
    0.155479   -1.606320

    0.000000   -1.516253
    0.017275   -1.517052
    0.034551   -1.522006
    0.051826   -1.529082
    0.069102   -1.537837
    0.086377   -1.550703
    0.103652   -1.568792
    0.120928   -1.589019
    0.138203   -1.601956
    0.155479   -1.606146

    0.000000   -1.405519
    0.017275   -1.414887
    0.034551   -1.435658
    0.051826   -1.457993
    0.069102   -1.476150
    0.086377   -1.489334
    0.103652   -1.499482
    0.120928   -1.508684
    0.138203   -1.518873
    0.155479   -1.531773

    0.000000   -1.405129
    0.017275   -1.414413
    0.034551   -1.435097
    0.051826   -1.457411
    0.069102   -1.475633
    0.086377   -1.488921
    0.103652   -1.499143
    0.120928   -1.508373
    0.138203   -1.518560
    0.155479   -1.531440

    0.000000   -1.330463
    0.017275   -1.325194
    0.034551   -1.318567
    0.051826   -1.325181
    0.069102   -1.342940
    0.086377   -1.364809
    0.103652   -1.387356
    0.120928   -1.409014
    0.138203   -1.429332
    0.155479   -1.448352

    0.000000   -1.330429
    0.017275   -1.324915
    0.034551   -1.318103
    0.051826   -1.324633
    0.069102   -1.342422
    0.086377   -1.364357
    0.103652   -1.386975
    0.120928   -1.408692
    0.138203   -1.429049
    0.155479   -1.448086

    0.000000   -1.290642
    0.017275   -1.290124
    0.034551   -1.288328
    0.051826   -1.281753
    0.069102   -1.278684
    0.086377   -1.281488
    0.103652   -1.285842
    0.120928   -1.294600
    0.138203   -1.329973
    0.155479   -1.366132

    0.000000   -1.290329
    0.017275   -1.289796
    0.034551   -1.288071
    0.051826   -1.281373
    0.069102   -1.278149
    0.086377   -1.281041
    0.103652   -1.285454
    0.120928   -1.294402
    0.138203   -1.329628
    0.155479   -1.365820

    0.000000   -1.265043
    0.017275   -1.267317
    0.034551   -1.271223
    0.051826   -1.272635
    0.069102   -1.266804
    0.086377   -1.258132
    0.103652   -1.261359
    0.120928   -1.287694
    0.138203   -1.293426
    0.155479   -1.297997

    0.000000   -1.264644
    0.017275   -1.266951
    0.034551   -1.270918
    0.051826   -1.272234
    0.069102   -1.266469
    0.086377   -1.257986
    0.103652   -1.261192
    0.120928   -1.287442
    0.138203   -1.293166
    0.155479   -1.297802

    0.000000   -1.181169
    0.017275   -1.177605
    0.034551   -1.167948
    0.051826   -1.158530
    0.069102   -1.181213
    0.086377   -1.211600
    0.103652   -1.236927
    0.120928   -1.243921
    0.138203   -1.256356
    0.155479   -1.279064

    0.000000   -1.180740
    0.017275   -1.177204
    0.034551   -1.167617
    0.051826   -1.158159
    0.069102   -1.180675
    0.086377   -1.211095
    0.103652   -1.236670
    0.120928   -1.243788
    0.138203   -1.256235
    0.155479   -1.278928

    0.000000   -1.130924
    0.017275   -1.126554
    0.034551   -1.133298
    0.051826   -1.148285
    0.069102   -1.135031
    0.086377   -1.117534
    0.103652   -1.106276
    0.120928   -1.129298
    0.138203   -1.163445
    0.155479   -1.203461

    0.000000   -1.130906
    0.017275   -1.126500
    0.034551   -1.132741
    0.051826   -1.147932
    0.069102   -1.134859
    0.086377   -1.117442
    0.103652   -1.106112
    0.120928   -1.128905
    0.138203   -1.162836
    0.155479   -1.202831

    0.000000   -1.116273
    0.017275   -1.120092
    0.034551   -1.112493
    0.051826   -1.094148
    0.069102   -1.075506
    0.086377   -1.071285
    0.103652   -1.088549
    0.120928   -1.099904
    0.138203   -1.126216
    0.155479   -1.143117

    0.000000   -1.115688
    0.017275   -1.119541
    0.034551   -1.112469
    0.051826   -1.094131
    0.069102   -1.075477
    0.086377   -1.071229
    0.103652   -1.088474
    0.120928   -1.099364
    0.138203   -1.125631
    0.155479   -1.142840

    0.000000   -0.961295
    0.017275   -0.965380
    0.034551   -0.977321
    0.051826   -0.996069
    0.069102   -1.018984
    0.086377   -1.037979
    0.103652   -1.062056
    0.120928   -1.080217
    0.138203   -1.084756
    0.155479   -1.118206

    0.000000   -0.960857
    0.017275   -0.964941
    0.034551   -0.976873
    0.051826   -0.995595
    0.069102   -1.018446
    0.086377   -1.037492
    0.103652   -1.061949
    0.120928   -1.080091
    0.138203   -1.084559
    0.155479   -1.117966

    0.000000   -0.891208
    0.017275   -0.896492
    0.034551   -0.911907
    0.051826   -0.936085
    0.069102   -0.966217
    0.086377   -0.993409
    0.103652   -0.992485
    0.120928   -0.975442
    0.138203   -1.005122
    0.155479   -1.009945

    0.000000   -0.890484
    0.017275   -0.895769
    0.034551   -0.911185
    0.051826   -0.935357
    0.069102   -0.965469
    0.086377   -0.992726
    0.103652   -0.992248
    0.120928   -0.975307
    0.138203   -1.004732
    0.155479   -1.009803

    0.000000   -0.780311
    0.017275   -0.784170
    0.034551   -0.795534
    0.051826   -0.813822
    0.069102   -0.838290
    0.086377   -0.868664
    0.103652   -0.907481
    0.120928   -0.956417
    0.138203   -0.955414
    0.155479   -0.981778

    0.000000   -0.779513
    0.017275   -0.783377
    0.034551   -0.794756
    0.051826   -0.813072
    0.069102   -0.837588
    0.086377   -0.868063
    0.103652   -0.907101
    0.120928   -0.955993
    0.138203   -0.955042
    0.155479   -0.981190

    0.000000   -0.616767
    0.017275   -0.622102
    0.034551   -0.640310
    0.051826   -0.677954
    0.069102   -0.734915
    0.086377   -0.800523
    0.103652   -0.863146
    0.120928   -0.910467
    0.138203   -0.936932
    0.155479   -0.916322

    0.000000   -0.616025
    0.017275   -0.621366
    0.034551   -0.639596
    0.051826   -0.677304
    0.069102   -0.734370
    0.086377   -0.800137
    0.103652   -0.862965
    0.120928   -0.909922
    0.138203   -0.936578
    0.155479   -0.916278

    0.000000   -0.524649
    0.017275   -0.537228
    0.034551   -0.568512
    0.051826   -0.602562
    0.069102   -0.630475
    0.086377   -0.655394
    0.103652   -0.679616
    0.120928   -0.703450
    0.138203   -0.726691
    0.155479   -0.749141

    0.000000   -0.524279
    0.017275   -0.536811
    0.034551   -0.568026
    0.051826   -0.601995
    0.069102   -0.629860
    0.086377   -0.654771
    0.103652   -0.679003
    0.120928   -0.702853
    0.138203   -0.726115
    0.155479   -0.748588

    0.000000   -0.419098
    0.017275   -0.423036
    0.034551   -0.432349
    0.051826   -0.444302
    0.069102   -0.458117
    0.086377   -0.473623
    0.103652   -0.490816
    0.120928   -0.509792
    0.138203   -0.530726
    0.155479   -0.553810

    0.000000   -0.418457
    0.017275   -0.422390
    0.034551   -0.431722
    0.051826   -0.443727
    0.069102   -0.457606
    0.086377   -0.473177
    0.103652   -0.490430
    0.120928   -0.509462
    0.138203   -0.530448
    0.155479   -0.553578

    0.000000   -0.223542
    0.017275   -0.214351
    0.034551   -0.192248
    0.051826   -0.165985
    0.069102   -0.140695
    0.086377   -0.118458
    0.103652   -0.099915
    0.120928   -0.085122
    0.138203   -0.073905
    0.155479   -0.065999

    0.000000   -0.221763
    0.017275   -0.212649
    0.034551   -0.190720
    0.051826   -0.164661
    0.069102   -0.139576
    0.086377   -0.117529
    0.103652   -0.099147
    0.120928   -0.084477
    0.138203   -0.073340
    0.155479   -0.065474

    0.000000    0.068930
    0.017275    0.072242
    0.034551    0.081126
    0.051826    0.092956
    0.069102    0.104724
    0.086377    0.114083
    0.103652    0.119753
    0.120928    0.121373
    0.138203    0.119139
    0.155479    0.113509

    0.000000    0.070838
    0.017275    0.074098
    0.034551    0.082837
    0.051826    0.094453
    0.069102    0.105978
    0.086377    0.115102
    0.103652    0.120574
    0.120928    0.122046
    0.138203    0.119720
    0.155479    0.114044

    0.000000    0.523644
    0.017275    0.523596
    0.034551    0.523363
    0.051826    0.522745
    0.069102    0.521518
    0.086377    0.519496
    0.103652    0.516532
    0.120928    0.512508
    0.138203    0.507327
    0.155479    0.500906

    0.000000    0.523820
    0.017275    0.523774
    0.034551    0.523546
    0.051826    0.522931
    0.069102    0.521705
    0.086377    0.519681
    0.103652    0.516711
    0.120928    0.512682
    0.138203    0.507493
    0.155479    0.501063

    0.000000    0.671057
    0.017275    0.672152
    0.034551    0.673896
    0.051826    0.676388
    0.069102    0.679151
    0.086377    0.681651
    0.103652    0.683395
    0.120928    0.683982
    0.138203    0.683117
    0.155479    0.680602

    0.000000    0.671634
    0.017275    0.672410
    0.034551    0.674130
    0.051826    0.676616
    0.069102    0.679373
    0.086377    0.681867
    0.103652    0.683604
    0.120928    0.684182
    0.138203    0.683306
    0.155479    0.680779

    0.000000    0.671935
    0.017275    0.677116
    0.034551    0.694689
    0.051826    0.723445
    0.069102    0.761980
    0.086377    0.807263
    0.103652    0.852840
    0.120928    0.887105
    0.138203    0.904982
    0.155479    0.912550

    0.000000    0.671974
    0.017275    0.677921
    0.034551    0.695425
    0.051826    0.724060
    0.069102    0.762439
    0.086377    0.807538
    0.103652    0.852908
    0.120928    0.887213
    0.138203    0.905133
    0.155479    0.912692

    0.000000    0.883557
    0.017275    0.885514
    0.034551    0.891175
    0.051826    0.900006
    0.069102    0.911499
    0.086377    0.925992
    0.103652    0.946849
    0.120928    0.982476
    0.138203    1.035349
    0.155479    1.097056

    0.000000    0.883606
    0.017275    0.885559
    0.034551    0.891211
    0.051826    0.900027
    0.069102    0.911515
    0.086377    0.926061
    0.103652    0.947011
    0.120928    0.982712
    0.138203    1.035551
    0.155479    1.097190

    0.000000    1.023220
    0.017275    1.026992
    0.034551    1.037880
    0.051826    1.054639
    0.069102    1.075325
    0.086377    1.097553
    0.103652    1.118892
    0.120928    1.137314
    0.138203    1.151499
    0.155479    1.160889

    0.000000    1.023280
    0.017275    1.027056
    0.034551    1.037958
    0.051826    1.054735
    0.069102    1.075441
    0.086377    1.097683
    0.103652    1.119027
    0.120928    1.137446
    0.138203    1.151621
    0.155479    1.161000

    0.000000    1.175421
    0.017275    1.179811
    0.034551    1.192689
    0.051826    1.213220
    0.069102    1.240157
    0.086377    1.271984
    0.103652    1.307015
    0.120928    1.343377
    0.138203    1.378679
    0.155479    1.404817

    0.000000    1.175877
    0.017275    1.180265
    0.034551    1.193133
    0.051826    1.213646
    0.069102    1.240556
    0.086377    1.272345
    0.103652    1.307330
    0.120928    1.343638
    0.138203    1.378900
    0.155479    1.405055

    0.000000    1.244345
    0.017275    1.248841
    0.034551    1.261853
    0.051826    1.281973
    0.069102    1.306973
    0.086377    1.334015
    0.103652    1.360067
    0.120928    1.382514
    0.138203    1.400005
    0.155479    1.417963

    0.000000    1.244527
    0.017275    1.249027
    0.034551    1.262046
    0.051826    1.282176
    0.069102    1.307183
    0.086377    1.334229
    0.103652    1.360283
    0.120928    1.382732
    0.138203    1.400248
    0.155479    1.418250

    0.000000    1.404394
    0.017275    1.409627
    0.034551    1.425367
    0.051826    1.450611
    0.069102    1.483118
    0.086377    1.519434
    0.103652    1.555110
    0.120928    1.585573
    0.138203    1.607614
    0.155479    1.620211

    0.000000    1.404415
    0.017275    1.409822
    0.034551    1.425655
    0.051826    1.450919
    0.069102    1.483411
    0.086377    1.519703
    0.103652    1.555375
    0.120928    1.585854
    0.138203    1.607909
    0.155479    1.620505

    0.000000    1.413210
    0.017275    1.419366
    0.034551    1.437148
    0.051826    1.464570
    0.069102    1.498920
    0.086377    1.537137
    0.103652    1.576047
    0.120928    1.612314
    0.138203    1.642560
    0.155479    1.664089

    0.000000    1.413361
    0.017275    1.419670
    0.034551    1.437609
    0.051826    1.465110
    0.069102    1.499459
    0.086377    1.537598
    0.103652    1.576421
    0.120928    1.612690
    0.138203    1.642993
    0.155479    1.664570

    0.000000    1.464589
    0.017275    1.470907
    0.034551    1.489820
    0.051826    1.521204
    0.069102    1.565040
    0.086377    1.621210
    0.103652    1.689116
    0.120928    1.767358
    0.138203    1.845249
    0.155479    1.885566

    0.000000    1.464662
    0.017275    1.471041
    0.034551    1.490033
    0.051826    1.521476
    0.069102    1.565341
    0.086377    1.621519
    0.103652    1.689432
    0.120928    1.767758
    0.138203    1.846139
    0.155479    1.886310

    0.000000    1.494696
    0.017275    1.500915
    0.034551    1.519731
    0.051826    1.551284
    0.069102    1.595220
    0.086377    1.650561
    0.103652    1.715728
    0.120928    1.787520
    0.138203    1.860957
    0.155479    1.917932

    0.000000    1.494895
    0.017275    1.501150
    0.034551    1.520008
    0.051826    1.551569
    0.069102    1.595491
    0.086377    1.650816
    0.103652    1.715965
    0.120928    1.787687
    0.138203    1.861305
    0.155479    1.918516

    0.000000    1.525621
    0.017275    1.532647
    0.034551    1.553470
    0.051826    1.587242
    0.069102    1.632703
    0.086377    1.688201
    0.103652    1.751239
    0.120928    1.816300
    0.138203    1.876879
    0.155479    1.946932

    0.000000    1.525864
    0.017275    1.532999
    0.034551    1.553975
    0.051826    1.587839
    0.069102    1.633322
    0.086377    1.688790
    0.103652    1.751796
    0.120928    1.816908
    0.138203    1.877557
    0.155479    1.947402

    0.000000    1.577835
    0.017275    1.583175
    0.034551    1.599256
    0.051826    1.626225
    0.069102    1.664059
    0.086377    1.712159
    0.103652    1.768946
    0.120928    1.833066
    0.138203    1.905771
    0.155479    1.958711

    0.000000    1.577941
    0.017275    1.583276
    0.034551    1.599369
    0.051826    1.626371
    0.069102    1.664260
    0.086377    1.712416
    0.103652    1.769237
    0.120928    1.833394
    0.138203    1.906043
    0.155479    1.958971

    0.000000    1.682369
    0.017275    1.686093
    0.034551    1.697477
    0.051826    1.717105
    0.069102    1.745792
    0.086377    1.784303
    0.103652    1.833004
    0.120928    1.891641
    0.138203    1.947365
    0.155479    1.962803

    0.000000    1.682630
    0.017275    1.686359
    0.034551    1.697758
    0.051826    1.717411
    0.069102    1.746133
    0.086377    1.784684
    0.103652    1.833412
    0.120928    1.892028
    0.138203    1.947764
    0.155479    1.963320

    0.000000    1.794806
    0.017275    1.797102
    0.034551    1.804244
    0.051826    1.817004
    0.069102    1.836626
    0.086377    1.864642
    0.103652    1.902231
    0.120928    1.940552
    0.138203    1.951658
    0.155479    1.994650

    0.000000    1.795132
    0.017275    1.797427
    0.034551    1.804566
    0.051826    1.817323
    0.069102    1.836941
    0.086377    1.864959
    0.103652    1.902565
    0.120928    1.941134
    0.138203    1.952385
    0.155479    1.994824

    0.000000    1.876306
    0.017275    1.877335
    0.034551    1.880615
    0.051826    1.886766
    0.069102    1.896926
    0.086377    1.912818
    0.103652    1.936442
    0.120928    1.947626
    0.138203    1.960094
    0.155479    2.039199

    0.000000    1.876702
    0.017275    1.877727
    0.034551    1.880997
    0.051826    1.887132
    0.069102    1.897272
    0.086377    1.913151
    0.103652    1.936791
    0.120928    1.947986
    0.138203    1.960402
    0.155479    2.039426

    0.000000    1.927704
    0.017275    1.927938
    0.034551    1.928680
    0.051826    1.930056
    0.069102    1.932291
    0.086377    1.935723
    0.103652    1.941057
    0.120928    1.957733
    0.138203    2.010096
    0.155479    2.070272

    0.000000    1.928105
    0.017275    1.928337
    0.034551    1.929073
    0.051826    1.930443
    0.069102    1.932683
    0.086377    1.936141
    0.103652    1.941531
    0.120928    1.958111
    0.138203    2.010340
    0.155479    2.070516

    0.000000    1.946837
    0.017275    1.946880
    0.034551    1.947002
    0.051826    1.947180
    0.069102    1.947383
    0.086377    1.947571
    0.103652    1.947734
    0.120928    1.969699
    0.138203    2.017440
    0.155479    2.088853

    0.000000    1.947168
    0.017275    1.947212
    0.034551    1.947333
    0.051826    1.947511
    0.069102    1.947718
    0.086377    1.947909
    0.103652    1.948081
    0.120928    1.970059
    0.138203    2.017579
    0.155479    2.089013

    0.000000    1.984003
    0.017275    1.982794
    0.034551    1.981452
    0.051826    1.980880
    0.069102    1.981424
    0.086377    1.983887
    0.103652    1.990519
    0.120928    2.007861
    0.138203    2.048160
    0.155479    2.113281

    0.000000    1.985964
    0.017275    1.984083
    0.034551    1.982660
    0.051826    1.982071
    0.069102    1.982619
    0.086377    1.985099
    0.103652    1.991741
    0.120928    2.008983
    0.138203    2.048979
    0.155479    2.113928

    0.000000    1.986350
    0.017275    1.989210
    0.034551    1.993762
    0.051826    2.000163
    0.069102    2.009235
    0.086377    2.022458
    0.103652    2.042322
    0.120928    2.072582
    0.138203    2.117519
    0.155479    2.179604

    0.000000    1.988253
    0.017275    1.990478
    0.034551    1.994989
    0.051826    2.001406
    0.069102    2.010508
    0.086377    2.023764
    0.103652    2.043650
    0.120928    2.073902
    0.138203    2.118781
    0.155479    2.180777

    0.000000    3.019832
    0.017275    3.019945
    0.034551    3.020952
    0.051826    3.022496
    0.069102    3.018016
    0.086377    3.011335
    0.103652    3.001965
    0.120928    2.995576
    0.138203    2.994081
    0.155479    2.998646

    0.000000    3.019957
    0.017275    3.020067
    0.034551    3.021077
    0.051826    3.022961
    0.069102    3.023923
    0.086377    3.018352
    0.103652    3.006866
    0.120928    2.999208
    0.138203    2.996683
    0.155479    3.000145

    0.000000    3.068451
    0.017275    3.065909
    0.034551    3.059258
    0.051826    3.049818
    0.069102    3.040870
    0.086377    3.034453
    0.103652    3.025062
    0.120928    3.016238
    0.138203    3.007223
    0.155479    3.002265

    0.000000    3.068937
    0.017275    3.066383
    0.034551    3.059689
    0.051826    3.050285
    0.069102    3.044418
    0.086377    3.040207
    0.103652    3.030409
    0.120928    3.019824
    0.138203    3.008712
    0.155479    3.004580

    0.000000    3.231495
    0.017275    3.225613
    0.034551    3.209907
    0.051826    3.186158
    0.069102    3.159419
    0.086377    3.132633
    0.103652    3.107807
    0.120928    3.088905
    0.138203    3.074801
    0.155479    3.063580

    0.000000    3.232277
    0.017275    3.226383
    0.034551    3.210624
    0.051826    3.186948
    0.069102    3.160683
    0.086377    3.133857
    0.103652    3.108312
    0.120928    3.089158
    0.138203    3.075300
    0.155479    3.063925

    0.000000    3.301119
    0.017275    3.300538
    0.034551    3.304967
    0.051826    3.308010
    0.069102    3.295307
    0.086377    3.277426
    0.103652    3.251518
    0.120928    3.227182
    0.138203    3.203527
    0.155479    3.182397

    0.000000    3.301702
    0.017275    3.301098
    0.034551    3.305065
    0.051826    3.308971
    0.069102    3.304050
    0.086377    3.286778
    0.103652    3.260353
    0.120928    3.232981
    0.138203    3.207200
    0.155479    3.185084

    0.000000    3.414352
    0.017275    3.419795
    0.034551    3.443652
    0.051826    3.485110
    0.069102    3.456635
    0.086377    3.436525
    0.103652    3.406784
    0.120928    3.374630
    0.138203    3.341587
    0.155479    3.309135

    0.000000    3.414708
    0.017275    3.420124
    0.034551    3.447116
    0.051826    3.487253
    0.069102    3.464225
    0.086377    3.439336
    0.103652    3.408444
    0.120928    3.377325
    0.138203    3.344867
    0.155479    3.312810

    0.000000    3.537582
    0.017275    3.531871
    0.034551    3.520644
    0.051826    3.591597
    0.069102    3.487884
    0.086377    3.522901
    0.103652    3.568462
    0.120928    3.620623
    0.138203    3.621847
    0.155479    3.594147

    0.000000    3.540932
    0.017275    3.535104
    0.034551    3.524106
    0.051826    3.653324
    0.069102    3.587592
    0.086377    3.614382
    0.103652    3.628721
    0.120928    3.675308
    0.138203    3.646150
    0.155479    3.609920

    0.000000    3.684022
    0.017275    3.761281
    0.034551    3.758976
    0.051826    3.792605
    0.069102    3.752363
    0.086377    3.735010
    0.103652    3.707861
    0.120928    3.701282
    0.138203    3.746638
    0.155479    3.772286

    0.000000    3.685266
    0.017275    3.772690
    0.034551    3.767820
    0.051826    3.836822
    0.069102    3.776535
    0.086377    3.756238
    0.103652    3.738847
    0.120928    3.770585
    0.138203    3.866174
    0.155479    3.869944

