 #    s     py     pz     px    dxy    dyz    dz2    dxz    dx2    tot                                                                                                                               
  -16.273103    0.000000    0.000000    0.000000    0.000000    0.000000    0.000000    0.000000    0.000000    0.000000    0.000000    0.000000
  -16.154103    0.000000    0.000000    0.000000    0.000000    0.000000    0.000000    0.000000    0.000000    0.000000    0.000000    0.000000
  -16.035103    0.000000    0.000000    0.000000    0.000000    0.000000    0.000000    0.000000    0.000000    0.000000    0.000000    0.000000
  -15.916103    0.000000    0.000000    0.000000    0.000000    0.000000    0.000000    0.000000    0.000000    0.000000    0.000000    0.000000
  -15.797103    0.000000    0.000000    0.000000    0.000000    0.000000    0.000000    0.000000    0.000000    0.000000    0.000000    0.000000
  -15.678103    0.000000    0.000000    0.000000    0.000000    0.000000    0.000000    0.000000    0.000000    0.000000    0.000000    0.000000
  -15.559103    0.000000    0.000000    0.000000    0.000000    0.000000    0.000000    0.000000    0.000000    0.000000    0.000000    0.000000
  -15.440103    0.000000    0.000000    0.000000    0.000000    0.000000    0.000000    0.000000    0.000000    0.000000    0.000000    0.000000
  -15.321103    0.000000    0.000000    0.000000    0.000000    0.000000    0.000000    0.000000    0.000000    0.000000    0.000000    0.000000
  -15.202103    0.000000    0.000000    0.000000    0.000000    0.000000    0.000000    0.000000    0.000000    0.000000    0.000000    0.000000
  -15.083103    0.000000    0.000000    0.000000    0.000000    0.000000    0.000000    0.000000    0.000000    0.000000    0.000000    0.000000
  -14.964103    0.000000    0.000000    0.000000    0.000000    0.000000    0.000000    0.000000    0.000000    0.000000    0.000000    0.000000
  -14.845103    0.000000    0.000000    0.000000    0.000000    0.000000    0.000000    0.000000    0.000000    0.000000    0.000000    0.000000
  -14.725103    0.000000    0.000000    0.000000    0.000000    0.000000    0.000000    0.000000    0.000000    0.000000    0.000000    0.000000
  -14.606103    0.000000    0.000000    0.000000    0.000000    0.000000    0.000000    0.000000    0.000000    0.000000    0.000000    0.000000
  -14.487103    0.000000    0.000000    0.000000    0.000000    0.000000    0.000000    0.000000    0.000000    0.000000    0.000000    0.000000
  -14.368103    0.000000    0.000000    0.000000    0.000000    0.000000    0.000000    0.000000    0.000000    0.000000    0.000000    0.000000
  -14.249103    0.001575    0.000005    0.001574    0.000003    0.000001    0.000001    0.000000    0.000000    0.000000    0.000000    0.000000
  -14.130103    0.013854    0.000112    0.013820    0.000078    0.000034    0.000034    0.000000    0.000000    0.000000    0.000000    0.000000
  -14.011103    0.019374    0.000289    0.019290    0.000192    0.000084    0.000097    0.000000    0.000000    0.000000    0.000000    0.000000
  -13.892103    0.024488    0.000510    0.024370    0.000366    0.000118    0.000144    0.000000    0.000000    0.000000    0.000000    0.000000
  -13.773103    0.027599    0.000791    0.027430    0.000559    0.000169    0.000232    0.000000    0.000000    0.000000    0.000000    0.000000
  -13.654103    0.030717    0.001092    0.030500    0.000779    0.000217    0.000313    0.000000    0.000000    0.000000    0.000000    0.000000
  -13.535103    0.033969    0.001396    0.033680    0.001008    0.000289    0.000388    0.000000    0.000000    0.000000    0.000000    0.000000
  -13.416103    0.035963    0.001715    0.035550    0.001213    0.000413    0.000502    0.000000    0.000000    0.000000    0.000000    0.000000
  -13.297103    0.038328    0.002070    0.037830    0.001455    0.000498    0.000615    0.000000    0.000000    0.000000    0.000000    0.000000
  -13.178103    0.041001    0.002430    0.040420    0.001732    0.000581    0.000698    0.000000    0.000000    0.000000    0.000000    0.000000
  -13.058103    0.042597    0.002745    0.041800    0.001921    0.000797    0.000824    0.000000    0.000000    0.000000    0.000000    0.000000
  -12.939103    0.044354    0.003169    0.043460    0.002219    0.000894    0.000950    0.000000    0.000000    0.000000    0.000000    0.000000
  -12.820103    0.046208    0.003621    0.045240    0.002540    0.000968    0.001081    0.000000    0.000000    0.000000    0.000000    0.000000
  -12.701103    0.048230    0.004057    0.047170    0.002864    0.001060    0.001193    0.000000    0.000000    0.000000    0.000000    0.000000
  -12.582103    0.049522    0.004491    0.048290    0.003161    0.001232    0.001330    0.000000    0.000000    0.000000    0.000000    0.000000
  -12.463103    0.050868    0.004916    0.049450    0.003446    0.001418    0.001470    0.000000    0.000000    0.000000    0.000000    0.000000
  -12.344103    0.052319    0.005443    0.050830    0.003836    0.001489    0.001607    0.000000    0.000000    0.000000    0.000000    0.000000
  -12.225103    0.053838    0.005978    0.052280    0.004229    0.001558    0.001749    0.000000    0.000000    0.000000    0.000000    0.000000
  -12.106103    0.055210    0.006513    0.053550    0.004616    0.001660    0.001897    0.000000    0.000000    0.000000    0.000000    0.000000
  -11.987103    0.056249    0.007010    0.054400    0.004955    0.001849    0.002055    0.000000    0.000000    0.000000    0.000000    0.000000
  -11.868103    0.057508    0.007438    0.055410    0.005237    0.002098    0.002201    0.000000    0.000000    0.000000    0.000000    0.000000
  -11.749103    0.058711    0.007929    0.056420    0.005577    0.002291    0.002352    0.000000    0.000000    0.000000    0.000000    0.000000
  -11.630103    0.059958    0.008498    0.057560    0.005998    0.002398    0.002500    0.000000    0.000000    0.000000    0.000000    0.000000
  -11.511103    0.061228    0.009080    0.058730    0.006427    0.002498    0.002653    0.000000    0.000000    0.000000    0.000000    0.000000
  -11.391103    0.062073    0.009666    0.059410    0.006827    0.002663    0.002839    0.000000    0.000000    0.000000    0.000000    0.000000
  -11.272103    0.063056    0.010145    0.060120    0.007134    0.002936    0.003011    0.000000    0.000000    0.000000    0.000000    0.000000
  -11.153103    0.064093    0.010641    0.060910    0.007471    0.003183    0.003170    0.000000    0.000000    0.000000    0.000000    0.000000
  -11.034103    0.065122    0.011187    0.061740    0.007861    0.003382    0.003326    0.000000    0.000000    0.000000    0.000000    0.000000
  -10.915103    0.066155    0.011777    0.062620    0.008295    0.003535    0.003482    0.000000    0.000000    0.000000    0.000000    0.000000
  -10.796103    0.067188    0.012413    0.063550    0.008775    0.003638    0.003638    0.000000    0.000000    0.000000    0.000000    0.000000
  -10.677103    0.067892    0.013089    0.064130    0.009263    0.003762    0.003826    0.000000    0.000000    0.000000    0.000000    0.000000
  -10.558103    0.068636    0.013694    0.064670    0.009676    0.003966    0.004018    0.000000    0.000000    0.000000    0.000000    0.000000
  -10.439103    0.069480    0.014254    0.065270    0.010060    0.004210    0.004194    0.000000    0.000000    0.000000    0.000000    0.000000
  -10.320103    0.070315    0.014860    0.065920    0.010500    0.004395    0.004360    0.000000    0.000000    0.000000    0.000000    0.000000
  -10.201103    0.071198    0.015468    0.066630    0.010950    0.004568    0.004518    0.000000    0.000000    0.000000    0.000000    0.000000
  -10.082103    0.072073    0.016094    0.067330    0.011420    0.004743    0.004674    0.000000    0.000000    0.000000    0.000000    0.000000
   -9.963103    0.072949    0.016749    0.068080    0.011920    0.004869    0.004829    0.000000    0.000000    0.000000    0.000000    0.000000
   -9.844103    0.073503    0.017464    0.068510    0.012450    0.004993    0.005014    0.000000    0.000000    0.000000    0.000000    0.000000
   -9.724103    0.074100    0.018160    0.068960    0.012960    0.005140    0.005200    0.000000    0.000000    0.000000    0.000000    0.000000
   -9.605103    0.074876    0.018730    0.069480    0.013350    0.005396    0.005380    0.000000    0.000000    0.000000    0.000000    0.000000
   -9.486103    0.075709    0.019277    0.070040    0.013730    0.005669    0.005547    0.000000    0.000000    0.000000    0.000000    0.000000
   -9.367103    0.076506    0.019891    0.070650    0.014190    0.005856    0.005701    0.000000    0.000000    0.000000    0.000000    0.000000
   -9.248103    0.077332    0.020527    0.071310    0.014680    0.006022    0.005847    0.000000    0.000000    0.000000    0.000000    0.000000
   -9.129103    0.078203    0.021137    0.072000    0.015150    0.006203    0.005987    0.000000    0.000000    0.000000    0.000000    0.000000
   -9.010103    0.078939    0.021768    0.072550    0.015630    0.006389    0.006138    0.000000    0.000000    0.000000    0.000000    0.000000
   -8.891103    0.079595    0.022442    0.073060    0.016150    0.006535    0.006292    0.000000    0.000000    0.000000    0.000000    0.000000
   -8.772103    0.080352    0.023068    0.073650    0.016630    0.006702    0.006438    0.000000    0.000000    0.000000    0.000000    0.000000
   -8.653103    0.081287    0.023577    0.074320    0.017000    0.006967    0.006577    0.000000    0.000000    0.000000    0.000000    0.000000
   -8.534103    0.082321    0.024083    0.075110    0.017380    0.007211    0.006703    0.000000    0.000000    0.000000    0.000000    0.000000
   -8.415103    0.083440    0.024606    0.076040    0.017800    0.007400    0.006806    0.000000    0.000000    0.000000    0.000000    0.000000
   -8.296103    0.084655    0.025205    0.077190    0.018320    0.007465    0.006885    0.000000    0.000000    0.000000    0.000000    0.000000
   -8.177103    0.086189    0.025775    0.078660    0.018830    0.007529    0.006945    0.000000    0.000000    0.000000    0.000000    0.000000
   -8.057103    0.088084    0.026334    0.080460    0.019320    0.007624    0.007014    0.000000    0.000000    0.000000    0.000000    0.000000
   -7.938103    0.090803    0.026952    0.083060    0.019850    0.007743    0.007102    0.000000    0.000000    0.000000    0.000000    0.000000
   -7.819103    0.095120    0.027640    0.087220    0.020420    0.007900    0.007220    0.000000    0.000000    0.000000    0.000000    0.000000
   -7.700103    0.104656    0.028856    0.096450    0.021340    0.008206    0.007516    0.000000    0.000000    0.000000    0.000000    0.000000
   -7.581103    0.097619    0.028351    0.089580    0.021240    0.008039    0.007111    0.000000    0.000000    0.000000    0.000000    0.000000
   -7.462103    0.094723    0.028200    0.086700    0.021320    0.008023    0.006880    0.000000    0.000000    0.000000    0.000000    0.000000
   -7.343103    0.095886    0.028634    0.087810    0.021820    0.008076    0.006814    0.000000    0.000000    0.000000    0.000000    0.000000
   -7.224103    0.092013    0.028754    0.084280    0.022220    0.007733    0.006534    0.000000    0.000000    0.000000    0.000000    0.000000
   -7.105103    0.087302    0.028428    0.079750    0.022170    0.007552    0.006258    0.000000    0.000000    0.000000    0.000000    0.000000
   -6.986103    0.083685    0.028266    0.076280    0.022240    0.007405    0.006026    0.000000    0.000000    0.000000    0.000000    0.000000
   -6.867103    0.082503    0.028419    0.075170    0.022560    0.007333    0.005859    0.000000    0.000000    0.000000    0.000000    0.000000
   -6.748103    0.083585    0.029022    0.076220    0.023280    0.007365    0.005742    0.000000    0.000000    0.000000    0.000000    0.000000
   -6.629103    0.079329    0.031073    0.071060    0.024440    0.008269    0.006633    0.000000    0.000000    0.000000    0.000000    0.000000
   -6.510103    0.082304    0.034506    0.072410    0.026460    0.009894    0.008046    0.000000    0.000000    0.000000    0.000000    0.000000
   -6.390103    0.081350    0.038426    0.069410    0.028490    0.011940    0.009936    0.000000    0.000000    0.000000    0.000000    0.000000
   -6.271103    0.078230    0.038420    0.066390    0.028670    0.011840    0.009750    0.000000    0.000000    0.000000    0.000000    0.000000
   -6.152103    0.077800    0.040390    0.065020    0.029890    0.012780    0.010500    0.000000    0.000000    0.000000    0.000000    0.000000
   -6.033103    0.079660    0.043750    0.065310    0.031940    0.014350    0.011810    0.000000    0.000000    0.000000    0.000000    0.000000
   -5.914103    0.081080    0.045980    0.065840    0.033640    0.015240    0.012340    0.000000    0.000000    0.000000    0.000000    0.000000
   -5.795103    0.081850    0.048920    0.065450    0.035750    0.016400    0.013170    0.000000    0.000000    0.000000    0.000000    0.000000
   -5.676103    0.076300    0.049610    0.060790    0.037020    0.015510    0.012590    0.000000    0.000000    0.000000    0.000000    0.000000
   -5.557103    0.075240    0.053070    0.059170    0.039990    0.016070    0.013080    0.000000    0.000000    0.000000    0.000000    0.000000
   -5.438103    0.076040    0.056510    0.059010    0.042670    0.017030    0.013840    0.000000    0.000000    0.000000    0.000000    0.000000
   -5.319103    0.076690    0.060720    0.058220    0.045660    0.018470    0.015060    0.000000    0.000000    0.000000    0.000000    0.000000
   -5.200103    0.074130    0.059120    0.055220    0.043920    0.018910    0.015200    0.000000    0.000000    0.000000    0.000000    0.000000
   -5.081103    0.071280    0.056350    0.052400    0.041460    0.018880    0.014890    0.000000    0.000000    0.000000    0.000000    0.000000
   -4.962103    0.071450    0.057770    0.051600    0.042290    0.019850    0.015480    0.000000    0.000000    0.000000    0.000000    0.000000
   -4.843103    0.071010    0.058200    0.050550    0.042300    0.020460    0.015900    0.000000    0.000000    0.000000    0.000000    0.000000
   -4.723103    0.067070    0.056860    0.046590    0.041020    0.020480    0.015840    0.000000    0.000000    0.000000    0.000000    0.000000
   -4.604103    0.064760    0.054010    0.043690    0.037850    0.021070    0.016160    0.000000    0.000000    0.000000    0.000000    0.000000
   -4.485103    0.063430    0.054370    0.041010    0.037100    0.022420    0.017270    0.000000    0.000000    0.000000    0.000000    0.000000
   -4.366103    0.062380    0.054440    0.040090    0.037300    0.022290    0.017140    0.000000    0.000000    0.000000    0.000000    0.000000
   -4.247103    0.064000    0.052070    0.041260    0.034700    0.022740    0.017370    0.000000    0.000000    0.000000    0.000000    0.000000
   -4.128103    0.068070    0.051530    0.045390    0.034320    0.022680    0.017210    0.000000    0.000000    0.000000    0.000000    0.000000
   -4.009103    0.074470    0.055610    0.051050    0.038050    0.023420    0.017560    0.000000    0.000000    0.000000    0.000000    0.000000
   -3.890103    0.084030    0.060560    0.059410    0.042430    0.024620    0.018130    0.000000    0.000000    0.000000    0.000000    0.000000
   -3.771103    0.095160    0.064230    0.069640    0.045760    0.025520    0.018470    0.000000    0.000000    0.000000    0.000000    0.000000
   -3.652103    0.098510    0.062500    0.072710    0.044260    0.025800    0.018240    0.000000    0.000000    0.000000    0.000000    0.000000
   -3.533103    0.096080    0.059890    0.070290    0.042280    0.025790    0.017610    0.000000    0.000000    0.000000    0.000000    0.000000
   -3.414103    0.099040    0.062670    0.072460    0.045400    0.026580    0.017270    0.000000    0.000000    0.000000    0.000000    0.000000
   -3.295103    0.098050    0.058530    0.070790    0.041870    0.027260    0.016660    0.000000    0.000000    0.000000    0.000000    0.000000
   -3.176103    0.087080    0.054550    0.060750    0.038780    0.026330    0.015770    0.000000    0.000000    0.000000    0.000000    0.000000
   -3.056103    0.086280    0.053490    0.059580    0.038130    0.026700    0.015360    0.000000    0.000000    0.000000    0.000000    0.000000
   -2.937103    0.083810    0.052270    0.057250    0.037240    0.026560    0.015030    0.000000    0.000000    0.000000    0.000000    0.000000
   -2.818103    0.082190    0.051300    0.054950    0.035360    0.027240    0.015940    0.000000    0.000000    0.000000    0.000000    0.000000
   -2.699103    0.078030    0.051830    0.051450    0.034290    0.026580    0.017540    0.000000    0.000000    0.000000    0.000000    0.000000
   -2.580103    0.078090    0.052570    0.050810    0.034440    0.027280    0.018130    0.000000    0.000000    0.000000    0.000000    0.000000
   -2.461103    0.094740    0.059370    0.061750    0.038180    0.032990    0.021190    0.000000    0.000000    0.000000    0.000000    0.000000
   -2.342103    0.090040    0.056960    0.057160    0.035970    0.032880    0.020990    0.000000    0.000000    0.000000    0.000000    0.000000
   -2.223103    0.091510    0.057320    0.057570    0.036030    0.033940    0.021290    0.000000    0.000000    0.000000    0.000000    0.000000
   -2.104103    0.093170    0.059070    0.058290    0.037300    0.034880    0.021770    0.000000    0.000000    0.000000    0.000000    0.000000
   -1.985103    0.095880    0.059820    0.060140    0.037310    0.035740    0.022510    0.000000    0.000000    0.000000    0.000000    0.000000
   -1.866103    0.098720    0.061240    0.062290    0.038120    0.036430    0.023120    0.000000    0.000000    0.000000    0.000000    0.000000
   -1.747103    0.094870    0.060620    0.057510    0.038280    0.037360    0.022340    0.000000    0.000000    0.000000    0.000000    0.000000
   -1.628103    0.096710    0.062100    0.059160    0.039650    0.037550    0.022450    0.000000    0.000000    0.000000    0.000000    0.000000
   -1.509103    0.099170    0.062500    0.059180    0.039930    0.039990    0.022570    0.000000    0.000000    0.000000    0.000000    0.000000
   -1.389103    0.090690    0.059970    0.055350    0.038100    0.035340    0.021870    0.000000    0.000000    0.000000    0.000000    0.000000
   -1.270103    0.090510    0.060090    0.055280    0.038060    0.035230    0.022030    0.000000    0.000000    0.000000    0.000000    0.000000
   -1.151103    0.091460    0.062300    0.055320    0.038660    0.036140    0.023640    0.000000    0.000000    0.000000    0.000000    0.000000
   -1.032103    0.090610    0.063090    0.054160    0.039000    0.036450    0.024090    0.000000    0.000000    0.000000    0.000000    0.000000
   -0.913103    0.090310    0.064810    0.053980    0.039630    0.036330    0.025180    0.000000    0.000000    0.000000    0.000000    0.000000
   -0.794103    0.091460    0.067480    0.054600    0.040570    0.036860    0.026910    0.000000    0.000000    0.000000    0.000000    0.000000
   -0.675103    0.090680    0.067640    0.053360    0.040290    0.037320    0.027350    0.000000    0.000000    0.000000    0.000000    0.000000
   -0.556103    0.092800    0.069060    0.053270    0.040540    0.039530    0.028520    0.000000    0.000000    0.000000    0.000000    0.000000
   -0.437103    0.091540    0.069130    0.052590    0.040440    0.038950    0.028690    0.000000    0.000000    0.000000    0.000000    0.000000
   -0.318103    0.093420    0.070580    0.053500    0.041100    0.039920    0.029480    0.000000    0.000000    0.000000    0.000000    0.000000
   -0.199103    0.093990    0.071700    0.053300    0.041630    0.040690    0.030070    0.000000    0.000000    0.000000    0.000000    0.000000
   -0.080103    0.092940    0.072400    0.052110    0.041840    0.040830    0.030560    0.000000    0.000000    0.000000    0.000000    0.000000
    0.038897    0.092970    0.073940    0.051720    0.042320    0.041250    0.031620    0.000000    0.000000    0.000000    0.000000    0.000000
    0.157897    0.091250    0.075010    0.051040    0.042190    0.040210    0.032820    0.000000    0.000000    0.000000    0.000000    0.000000
    0.277897    0.091400    0.076810    0.050950    0.042070    0.040450    0.034740    0.000000    0.000000    0.000000    0.000000    0.000000
    0.396897    0.090370    0.075960    0.049590    0.041550    0.040780    0.034410    0.000000    0.000000    0.000000    0.000000    0.000000
    0.515897    0.090130    0.075850    0.048650    0.041470    0.041480    0.034380    0.000000    0.000000    0.000000    0.000000    0.000000
    0.634897    0.091600    0.077310    0.048560    0.041870    0.043040    0.035440    0.000000    0.000000    0.000000    0.000000    0.000000
    0.753897    0.092360    0.078770    0.047860    0.042190    0.044500    0.036580    0.000000    0.000000    0.000000    0.000000    0.000000
    0.872897    0.091300    0.079670    0.047190    0.042500    0.044110    0.037170    0.000000    0.000000    0.000000    0.000000    0.000000
    0.991897    0.092850    0.081370    0.047130    0.042980    0.045720    0.038390    0.000000    0.000000    0.000000    0.000000    0.000000
    1.110897    0.093570    0.082940    0.046970    0.043430    0.046600    0.039510    0.000000    0.000000    0.000000    0.000000    0.000000
    1.229897    0.093800    0.084040    0.046970    0.043420    0.046830    0.040620    0.000000    0.000000    0.000000    0.000000    0.000000
    1.348897    0.095670    0.086820    0.047420    0.043560    0.048250    0.043260    0.000000    0.000000    0.000000    0.000000    0.000000
    1.467897    0.094740    0.086610    0.045860    0.043060    0.048880    0.043550    0.000000    0.000000    0.000000    0.000000    0.000000
    1.586897    0.093580    0.086550    0.044320    0.042750    0.049260    0.043800    0.000000    0.000000    0.000000    0.000000    0.000000
    1.705897    0.093660    0.088770    0.043740    0.042800    0.049920    0.045970    0.000000    0.000000    0.000000    0.000000    0.000000
    1.824897    0.093950    0.089890    0.043150    0.043110    0.050800    0.046780    0.000000    0.000000    0.000000    0.000000    0.000000
    1.944897    0.095230    0.091810    0.042910    0.043550    0.052320    0.048260    0.000000    0.000000    0.000000    0.000000    0.000000
    2.063897    0.095510    0.093500    0.042180    0.043490    0.053330    0.050010    0.000000    0.000000    0.000000    0.000000    0.000000
    2.182897    0.097050    0.096100    0.041630    0.043730    0.055420    0.052370    0.000000    0.000000    0.000000    0.000000    0.000000
    2.301897    0.096780    0.097920    0.041120    0.043740    0.055660    0.054180    0.000000    0.000000    0.000000    0.000000    0.000000
    2.420897    0.097770    0.099300    0.040390    0.043180    0.057380    0.056120    0.000000    0.000000    0.000000    0.000000    0.000000
    2.539897    0.099480    0.105430    0.039900    0.042660    0.059580    0.062770    0.000000    0.000000    0.000000    0.000000    0.000000
    2.658897    0.100950    0.105420    0.038470    0.042270    0.062480    0.063150    0.000000    0.000000    0.000000    0.000000    0.000000
    2.777897    0.104770    0.111420    0.037920    0.042130    0.066850    0.069290    0.000000    0.000000    0.000000    0.000000    0.000000
    2.896897    0.108320    0.115160    0.037240    0.042310    0.071080    0.072850    0.000000    0.000000    0.000000    0.000000    0.000000
    3.015897    0.110700    0.119610    0.036220    0.042310    0.074480    0.077300    0.000000    0.000000    0.000000    0.000000    0.000000
    3.134897    0.114900    0.125120    0.035740    0.042830    0.079160    0.082290    0.000000    0.000000    0.000000    0.000000    0.000000
    3.253897    0.112810    0.122130    0.034460    0.042910    0.078350    0.079220    0.000000    0.000000    0.000000    0.000000    0.000000
    3.372897    0.112260    0.120570    0.033110    0.042650    0.079150    0.077920    0.000000    0.000000    0.000000    0.000000    0.000000
    3.491897    0.109610    0.117300    0.031880    0.042360    0.077730    0.074940    0.000000    0.000000    0.000000    0.000000    0.000000
    3.611897    0.107150    0.114970    0.030750    0.042180    0.076400    0.072790    0.000000    0.000000    0.000000    0.000000    0.000000
    3.730897    0.105460    0.113920    0.029640    0.042100    0.075820    0.071820    0.000000    0.000000    0.000000    0.000000    0.000000
    3.849897    0.104190    0.113710    0.028760    0.042300    0.075430    0.071410    0.000000    0.000000    0.000000    0.000000    0.000000
    3.968897    0.101790    0.112480    0.027750    0.042430    0.074040    0.070050    0.000000    0.000000    0.000000    0.000000    0.000000
    4.087897    0.099650    0.110980    0.026570    0.042230    0.073080    0.068750    0.000000    0.000000    0.000000    0.000000    0.000000
    4.206897    0.097300    0.109530    0.025420    0.041930    0.071880    0.067600    0.000000    0.000000    0.000000    0.000000    0.000000
    4.325897    0.095740    0.108510    0.024360    0.041740    0.071380    0.066770    0.000000    0.000000    0.000000    0.000000    0.000000
    4.444897    0.094180    0.107520    0.023400    0.041840    0.070780    0.065680    0.000000    0.000000    0.000000    0.000000    0.000000
    4.563897    0.092290    0.105800    0.022620    0.041900    0.069670    0.063900    0.000000    0.000000    0.000000    0.000000    0.000000
    4.682897    0.090540    0.104280    0.021830    0.041640    0.068710    0.062640    0.000000    0.000000    0.000000    0.000000    0.000000
    4.801897    0.089430    0.103560    0.021130    0.041430    0.068300    0.062130    0.000000    0.000000    0.000000    0.000000    0.000000
    4.920897    0.088860    0.103510    0.020550    0.041280    0.068310    0.062230    0.000000    0.000000    0.000000    0.000000    0.000000
    5.039897    0.087670    0.103330    0.019890    0.041050    0.067780    0.062280    0.000000    0.000000    0.000000    0.000000    0.000000
    5.158897    0.085710    0.102130    0.019160    0.040760    0.066550    0.061370    0.000000    0.000000    0.000000    0.000000    0.000000
    5.278897    0.084440    0.100910    0.018470    0.040530    0.065970    0.060380    0.000000    0.000000    0.000000    0.000000    0.000000
    5.397897    0.083680    0.099600    0.017950    0.040300    0.065730    0.059300    0.000000    0.000000    0.000000    0.000000    0.000000
    5.516897    0.082970    0.098070    0.017350    0.039600    0.065620    0.058470    0.000000    0.000000    0.000000    0.000000    0.000000
    5.635897    0.082760    0.096820    0.017150    0.039250    0.065610    0.057570    0.000000    0.000000    0.000000    0.000000    0.000000
    5.754897    0.083080    0.096070    0.017190    0.038950    0.065890    0.057120    0.000000    0.000000    0.000000    0.000000    0.000000
    5.873897    0.083430    0.095290    0.017350    0.038410    0.066080    0.056880    0.000000    0.000000    0.000000    0.000000    0.000000
    5.992897    0.082870    0.093840    0.017740    0.038020    0.065130    0.055820    0.000000    0.000000    0.000000    0.000000    0.000000
    6.111897    0.082560    0.093130    0.018310    0.038040    0.064250    0.055090    0.000000    0.000000    0.000000    0.000000    0.000000
    6.230897    0.082470    0.092530    0.018790    0.038110    0.063680    0.054420    0.000000    0.000000    0.000000    0.000000    0.000000
    6.349897    0.082380    0.092080    0.019220    0.038180    0.063160    0.053900    0.000000    0.000000    0.000000    0.000000    0.000000
    6.468897    0.082150    0.091630    0.019500    0.038020    0.062650    0.053610    0.000000    0.000000    0.000000    0.000000    0.000000
    6.587897    0.081810    0.091380    0.019710    0.037790    0.062100    0.053590    0.000000    0.000000    0.000000    0.000000    0.000000
    6.706897    0.081480    0.091210    0.020150    0.037880    0.061330    0.053330    0.000000    0.000000    0.000000    0.000000    0.000000
    6.825897    0.082120    0.091660    0.021430    0.038210    0.060690    0.053450    0.000000    0.000000    0.000000    0.000000    0.000000
    6.945897    0.082430    0.091680    0.023250    0.038660    0.059180    0.053020    0.000000    0.000000    0.000000    0.000000    0.000000
    7.064897    0.083430    0.092590    0.025450    0.039490    0.057980    0.053100    0.000000    0.000000    0.000000    0.000000    0.000000
    7.183897    0.083770    0.093930    0.027270    0.040630    0.056500    0.053300    0.000000    0.000000    0.000000    0.000000    0.000000
    7.302897    0.083340    0.095220    0.027770    0.041650    0.055570    0.053570    0.000000    0.000000    0.000000    0.000000    0.000000
    7.421897    0.082300    0.095700    0.027600    0.042440    0.054700    0.053260    0.000000    0.000000    0.000000    0.000000    0.000000
    7.540897    0.082060    0.096500    0.027760    0.043370    0.054300    0.053130    0.000000    0.000000    0.000000    0.000000    0.000000
    7.659897    0.081930    0.096840    0.028110    0.043980    0.053820    0.052860    0.000000    0.000000    0.000000    0.000000    0.000000
    7.778897    0.081050    0.096220    0.028540    0.043990    0.052510    0.052230    0.000000    0.000000    0.000000    0.000000    0.000000
    7.897897    0.080470    0.097050    0.029100    0.044460    0.051370    0.052590    0.000000    0.000000    0.000000    0.000000    0.000000
    8.016897    0.079860    0.099610    0.029630    0.045790    0.050230    0.053820    0.000000    0.000000    0.000000    0.000000    0.000000
    8.135897    0.078530    0.101310    0.030040    0.046710    0.048490    0.054600    0.000000    0.000000    0.000000    0.000000    0.000000
    8.254897    0.077140    0.103290    0.030420    0.047790    0.046720    0.055500    0.000000    0.000000    0.000000    0.000000    0.000000
    8.373897    0.074470    0.098240    0.030540    0.045230    0.043930    0.053010    0.000000    0.000000    0.000000    0.000000    0.000000
    8.492897    0.072660    0.096350    0.030180    0.043870    0.042480    0.052480    0.000000    0.000000    0.000000    0.000000    0.000000
    8.612897    0.071190    0.093580    0.029890    0.041740    0.041300    0.051840    0.000000    0.000000    0.000000    0.000000    0.000000
    8.731897    0.069930    0.091740    0.029640    0.040260    0.040290    0.051480    0.000000    0.000000    0.000000    0.000000    0.000000
    8.850897    0.069010    0.090820    0.029310    0.039210    0.039700    0.051610    0.000000    0.000000    0.000000    0.000000    0.000000
    8.969897    0.067990    0.089320    0.028750    0.037590    0.039240    0.051730    0.000000    0.000000    0.000000    0.000000    0.000000
    9.088897    0.067040    0.087190    0.028150    0.035570    0.038890    0.051620    0.000000    0.000000    0.000000    0.000000    0.000000
    9.207897    0.066620    0.087400    0.027780    0.034870    0.038840    0.052530    0.000000    0.000000    0.000000    0.000000    0.000000
    9.326897    0.065940    0.087000    0.027400    0.033800    0.038540    0.053200    0.000000    0.000000    0.000000    0.000000    0.000000
    9.445897    0.065020    0.085750    0.026910    0.032160    0.038110    0.053590    0.000000    0.000000    0.000000    0.000000    0.000000
    9.564897    0.064190    0.085310    0.026510    0.031140    0.037680    0.054170    0.000000    0.000000    0.000000    0.000000    0.000000
    9.683897    0.063240    0.085180    0.026090    0.029840    0.037150    0.055340    0.000000    0.000000    0.000000    0.000000    0.000000
    9.802897    0.062140    0.085700    0.025640    0.028880    0.036500    0.056820    0.000000    0.000000    0.000000    0.000000    0.000000
    9.921897    0.061140    0.086550    0.025060    0.028080    0.036080    0.058470    0.000000    0.000000    0.000000    0.000000    0.000000
   10.040897    0.060180    0.088240    0.024430    0.027760    0.035750    0.060480    0.000000    0.000000    0.000000    0.000000    0.000000
   10.159897    0.059160    0.090820    0.023770    0.027780    0.035390    0.063040    0.000000    0.000000    0.000000    0.000000    0.000000
   10.279897    0.058670    0.094620    0.023180    0.027670    0.035490    0.066950    0.000000    0.000000    0.000000    0.000000    0.000000
   10.398897    0.058760    0.099030    0.022730    0.026670    0.036030    0.072360    0.000000    0.000000    0.000000    0.000000    0.000000
   10.517897    0.058760    0.105520    0.022050    0.027170    0.036710    0.078350    0.000000    0.000000    0.000000    0.000000    0.000000
   10.636897    0.054690    0.098730    0.021380    0.020910    0.033310    0.077820    0.000000    0.000000    0.000000    0.000000    0.000000
   10.755897    0.046330    0.082450    0.019910    0.012790    0.026420    0.069660    0.000000    0.000000    0.000000    0.000000    0.000000
   10.874897    0.044470    0.084390    0.019200    0.011370    0.025270    0.073020    0.000000    0.000000    0.000000    0.000000    0.000000
   10.993897    0.041890    0.077490    0.017550    0.010530    0.024340    0.066960    0.000000    0.000000    0.000000    0.000000    0.000000
   11.112897    0.039880    0.073110    0.016220    0.010010    0.023660    0.063100    0.000000    0.000000    0.000000    0.000000    0.000000
   11.231897    0.039110    0.072970    0.015380    0.010050    0.023730    0.062920    0.000000    0.000000    0.000000    0.000000    0.000000
   11.350897    0.038960    0.073950    0.014860    0.010190    0.024100    0.063760    0.000000    0.000000    0.000000    0.000000    0.000000
   11.469897    0.038980    0.077410    0.014390    0.010620    0.024590    0.066790    0.000000    0.000000    0.000000    0.000000    0.000000
   11.588897    0.039220    0.081190    0.013890    0.011060    0.025330    0.070130    0.000000    0.000000    0.000000    0.000000    0.000000
   11.707897    0.037810    0.077480    0.013070    0.010790    0.024740    0.066690    0.000000    0.000000    0.000000    0.000000    0.000000
   11.826897    0.036330    0.072420    0.012410    0.010540    0.023920    0.061880    0.000000    0.000000    0.000000    0.000000    0.000000
   11.946897    0.037320    0.071550    0.012820    0.010630    0.024500    0.060920    0.000000    0.000000    0.000000    0.000000    0.000000
   12.065897    0.036420    0.071620    0.012420    0.010910    0.024000    0.060710    0.000000    0.000000    0.000000    0.000000    0.000000
   12.184897    0.035530    0.067440    0.012070    0.010180    0.023460    0.057260    0.000000    0.000000    0.000000    0.000000    0.000000
   12.303897    0.036820    0.066948    0.013070    0.009718    0.023750    0.057230    0.000000    0.000000    0.000000    0.000000    0.000000
   12.422897    0.036290    0.066633    0.012600    0.009643    0.023690    0.056990    0.000000    0.000000    0.000000    0.000000    0.000000
   12.541897    0.034430    0.062658    0.012290    0.009788    0.022140    0.052870    0.000000    0.000000    0.000000    0.000000    0.000000
   12.660897    0.034810    0.065930    0.012760    0.010400    0.022050    0.055530    0.000000    0.000000    0.000000    0.000000    0.000000
   12.779897    0.036600    0.071940    0.013750    0.010990    0.022850    0.060950    0.000000    0.000000    0.000000    0.000000    0.000000
   12.898897    0.036240    0.068720    0.014740    0.011640    0.021500    0.057080    0.000000    0.000000    0.000000    0.000000    0.000000
   13.017897    0.039260    0.075410    0.017470    0.014080    0.021790    0.061330    0.000000    0.000000    0.000000    0.000000    0.000000
   13.136897    0.038690    0.080380    0.017510    0.016040    0.021180    0.064340    0.000000    0.000000    0.000000    0.000000    0.000000
   13.255897    0.037820    0.082790    0.016810    0.017090    0.021010    0.065700    0.000000    0.000000    0.000000    0.000000    0.000000
   13.374897    0.040540    0.087170    0.017790    0.019950    0.022750    0.067220    0.000000    0.000000    0.000000    0.000000    0.000000
   13.493897    0.044190    0.091280    0.019180    0.022690    0.025010    0.068590    0.000000    0.000000    0.000000    0.000000    0.000000
   13.613897    0.043660    0.089210    0.018110    0.022890    0.025550    0.066320    0.000000    0.000000    0.000000    0.000000    0.000000
   13.732897    0.046770    0.090580    0.018380    0.023940    0.028390    0.066640    0.000000    0.000000    0.000000    0.000000    0.000000
   13.851897    0.048400    0.093420    0.017700    0.025480    0.030700    0.067940    0.000000    0.000000    0.000000    0.000000    0.000000
   13.970897    0.044810    0.088000    0.014940    0.022960    0.029870    0.065040    0.000000    0.000000    0.000000    0.000000    0.000000
   14.089897    0.033930    0.068350    0.010000    0.015810    0.023930    0.052540    0.000000    0.000000    0.000000    0.000000    0.000000
   14.208897    0.028437    0.057840    0.007467    0.012670    0.020970    0.045170    0.000000    0.000000    0.000000    0.000000    0.000000
   14.327897    0.024139    0.051890    0.006049    0.010830    0.018090    0.041060    0.000000    0.000000    0.000000    0.000000    0.000000
   14.446897    0.020231    0.047831    0.004881    0.009411    0.015350    0.038420    0.000000    0.000000    0.000000    0.000000    0.000000
   14.565897    0.017080    0.042132    0.004060    0.008312    0.013020    0.033820    0.000000    0.000000    0.000000    0.000000    0.000000
   14.684897    0.014157    0.036277    0.003447    0.007337    0.010710    0.028940    0.000000    0.000000    0.000000    0.000000    0.000000
   14.803897    0.011559    0.031524    0.002990    0.006414    0.008569    0.025110    0.000000    0.000000    0.000000    0.000000    0.000000
   14.922897    0.010314    0.029147    0.002621    0.005877    0.007693    0.023270    0.000000    0.000000    0.000000    0.000000    0.000000
   15.041897    0.009520    0.027364    0.002322    0.005464    0.007198    0.021900    0.000000    0.000000    0.000000    0.000000    0.000000
   15.160897    0.008963    0.026188    0.002059    0.005108    0.006904    0.021080    0.000000    0.000000    0.000000    0.000000    0.000000
   15.280897    0.009018    0.026139    0.001873    0.004809    0.007145    0.021330    0.000000    0.000000    0.000000    0.000000    0.000000
   15.399897    0.008417    0.024059    0.001636    0.004269    0.006781    0.019790    0.000000    0.000000    0.000000    0.000000    0.000000
   15.518897    0.007654    0.022357    0.001355    0.003777    0.006299    0.018580    0.000000    0.000000    0.000000    0.000000    0.000000
   15.637897    0.006639    0.018675    0.001099    0.003205    0.005540    0.015470    0.000000    0.000000    0.000000    0.000000    0.000000
   15.756897    0.005443    0.015533    0.000914    0.002633    0.004529    0.012900    0.000000    0.000000    0.000000    0.000000    0.000000
   15.875897    0.004979    0.013925    0.000767    0.002185    0.004213    0.011740    0.000000    0.000000    0.000000    0.000000    0.000000
   15.994897    0.004418    0.012311    0.000634    0.001811    0.003784    0.010500    0.000000    0.000000    0.000000    0.000000    0.000000
   16.113897    0.003953    0.010928    0.000523    0.001521    0.003430    0.009407    0.000000    0.000000    0.000000    0.000000    0.000000
   16.232897    0.003630    0.009751    0.000435    0.001284    0.003195    0.008467    0.000000    0.000000    0.000000    0.000000    0.000000
   16.351897    0.003291    0.008625    0.000365    0.001072    0.002926    0.007553    0.000000    0.000000    0.000000    0.000000    0.000000
   16.470897    0.002929    0.007631    0.000314    0.000895    0.002615    0.006736    0.000000    0.000000    0.000000    0.000000    0.000000
   16.589897    0.002585    0.006700    0.000269    0.000739    0.002316    0.005961    0.000000    0.000000    0.000000    0.000000    0.000000
   16.708897    0.002263    0.005820    0.000227    0.000601    0.002036    0.005219    0.000000    0.000000    0.000000    0.000000    0.000000
   16.827897    0.001971    0.005044    0.000189    0.000481    0.001782    0.004563    0.000000    0.000000    0.000000    0.000000    0.000000
   16.947897    0.001719    0.004463    0.000156    0.000377    0.001563    0.004086    0.000000    0.000000    0.000000    0.000000    0.000000
   17.066897    0.001541    0.004125    0.000128    0.000289    0.001413    0.003836    0.000000    0.000000    0.000000    0.000000    0.000000
   17.185897    0.002097    0.004723    0.000108    0.000234    0.001989    0.004489    0.000000    0.000000    0.000000    0.000000    0.000000
   17.304897    0.001984    0.003891    0.000081    0.000126    0.001903    0.003765    0.000000    0.000000    0.000000    0.000000    0.000000
   17.423897    0.000713    0.001124    0.000027    0.000009    0.000686    0.001115    0.000000    0.000000    0.000000    0.000000    0.000000
   17.542897    0.000000    0.000000    0.000000    0.000000    0.000000    0.000000    0.000000    0.000000    0.000000    0.000000    0.000000
   17.661897    0.000000    0.000000    0.000000    0.000000    0.000000    0.000000    0.000000    0.000000    0.000000    0.000000    0.000000
   17.780897    0.000000    0.000000    0.000000    0.000000    0.000000    0.000000    0.000000    0.000000    0.000000    0.000000    0.000000
   17.899897    0.000000    0.000000    0.000000    0.000000    0.000000    0.000000    0.000000    0.000000    0.000000    0.000000    0.000000
   18.018897    0.000000    0.000000    0.000000    0.000000    0.000000    0.000000    0.000000    0.000000    0.000000    0.000000    0.000000
   18.137897    0.000000    0.000000    0.000000    0.000000    0.000000    0.000000    0.000000    0.000000    0.000000    0.000000    0.000000
   18.256897    0.000000    0.000000    0.000000    0.000000    0.000000    0.000000    0.000000    0.000000    0.000000    0.000000    0.000000
   18.375897    0.000000    0.000000    0.000000    0.000000    0.000000    0.000000    0.000000    0.000000    0.000000    0.000000    0.000000
   18.494897    0.000000    0.000000    0.000000    0.000000    0.000000    0.000000    0.000000    0.000000    0.000000    0.000000    0.000000
   18.614897    0.000000    0.000000    0.000000    0.000000    0.000000    0.000000    0.000000    0.000000    0.000000    0.000000    0.000000
   18.733897    0.000000    0.000000    0.000000    0.000000    0.000000    0.000000    0.000000    0.000000    0.000000    0.000000    0.000000
   18.852897    0.000000    0.000000    0.000000    0.000000    0.000000    0.000000    0.000000    0.000000    0.000000    0.000000    0.000000
   18.971897    0.000000    0.000000    0.000000    0.000000    0.000000    0.000000    0.000000    0.000000    0.000000    0.000000    0.000000
   19.090897    0.000000    0.000000    0.000000    0.000000    0.000000    0.000000    0.000000    0.000000    0.000000    0.000000    0.000000
   19.209897    0.000000    0.000000    0.000000    0.000000    0.000000    0.000000    0.000000    0.000000    0.000000    0.000000    0.000000
   19.328897    0.000000    0.000000    0.000000    0.000000    0.000000    0.000000    0.000000    0.000000    0.000000    0.000000    0.000000
   19.447897    0.000000    0.000000    0.000000    0.000000    0.000000    0.000000    0.000000    0.000000    0.000000    0.000000    0.000000
