-16.273103  0.000000  0.000000
-16.154103  0.000000  0.000000
-16.035103  0.000000  0.000000
-15.916103  0.000000  0.000000
-15.797103  0.000000  0.000000
-15.678103  0.000000  0.000000
-15.559103  0.000000  0.000000
-15.440103  0.000000  0.000000
-15.321103  0.000000  0.000000
-15.202103  0.000000  0.000000
-15.083103  0.000000  0.000000
-14.964103  0.000000  0.000000
-14.845103  0.000000  0.000000
-14.725103  0.000000  0.000000
-14.606103  0.000000  0.000000
-14.487103  0.000000  0.000000
-14.368103  0.000000  0.000000
-14.249103  0.004108  0.000033
-14.130103  0.036270  0.002966
-14.011103  0.051010  0.008403
-13.892103  0.064790  0.015280
-13.773103  0.073520  0.023570
-13.654103  0.082320  0.032820
-13.535103  0.091480  0.043210
-13.416103  0.097370  0.054420
-13.297103  0.104400  0.066420
-13.178103  0.112100  0.079310
-13.058103  0.117000  0.092950
-12.939103  0.122500  0.107200
-12.820103  0.128400  0.122100
-12.701103  0.134700  0.137800
-12.582103  0.139000  0.154100
-12.463103  0.143500  0.170900
-12.344103  0.148500  0.188300
-12.225103  0.153700  0.206300
-12.106103  0.158500  0.224900
-11.987103  0.162300  0.244000
-11.868103  0.166500  0.263600
-11.749103  0.170700  0.283700
-11.630103  0.175300  0.304300
-11.511103  0.179900  0.325400
-11.391103  0.183400  0.347000
-11.272103  0.187000  0.369100
-11.153103  0.190800  0.391600
-11.034103  0.194700  0.414500
-10.915103  0.198700  0.437900
-10.796103  0.202800  0.461800
-10.677103  0.206200  0.486200
-10.558103  0.209400  0.510900
-10.439103  0.212800  0.536100
-10.320103  0.216300  0.561600
-10.201103  0.220000  0.587600
-10.082103  0.223600  0.614000
 -9.963103  0.227400  0.640900
 -9.844103  0.230400  0.668100
 -9.724103  0.233500  0.695700
 -9.605103  0.236700  0.723700
 -9.486103  0.240000  0.752100
 -9.367103  0.243400  0.780900
 -9.248103  0.246900  0.810100
 -9.129103  0.250400  0.839700
 -9.010103  0.253600  0.869700
 -8.891103  0.256700  0.900100
 -8.772103  0.259900  0.930900
 -8.653103  0.263200  0.962000
 -8.534103  0.266700  0.993500
 -8.415103  0.270400  1.026000
 -8.296103  0.274400  1.058000
 -8.177103  0.279000  1.091000
 -8.057103  0.284400  1.124000
 -7.938103  0.291600  1.159000
 -7.819103  0.302700  1.194000
 -7.700103  0.326900  1.231000
 -7.581103  0.308800  1.270000
 -7.462103  0.301100  1.306000
 -7.343103  0.304100  1.343000
 -7.224103  0.294800  1.380000
 -7.105103  0.282700  1.414000
 -6.986103  0.273500  1.447000
 -6.867103  0.270400  1.479000
 -6.748103  0.273400  1.513000
 -6.629103  0.271100  1.545000
 -6.510103  0.289000  1.578000
 -6.390103  0.301000  1.613000
 -6.271103  0.293700  1.650000
 -6.152103  0.299400  1.685000
 -6.033103  0.314900  1.721000
 -5.914103  0.324800  1.761000
 -5.795103  0.336000  1.800000
 -5.676103  0.324700  1.840000
 -5.557103  0.333000  1.879000
 -5.438103  0.345700  1.920000
 -5.319103  0.361400  1.962000
 -5.200103  0.351800  2.005000
 -5.081103  0.337300  2.046000
 -4.962103  0.342900  2.086000
 -4.843103  0.343900  2.127000
 -4.723103  0.332000  2.168000
 -4.604103  0.319900  2.207000
 -4.485103  0.320900  2.244000
 -4.366103  0.319100  2.283000
 -4.247103  0.316600  2.320000
 -4.128103  0.322900  2.358000
 -4.009103  0.348300  2.398000
 -3.890103  0.382300  2.442000
 -3.771103  0.414100  2.490000
 -3.652103  0.414100  2.540000
 -3.533103  0.400400  2.588000
 -3.414103  0.413500  2.636000
 -3.295103  0.398100  2.684000
 -3.176103  0.363700  2.729000
 -3.056103  0.358200  2.772000
 -2.937103  0.349000  2.814000
 -2.818103  0.345400  2.855000
 -2.699103  0.341300  2.898000
 -2.580103  0.344800  2.938000
 -2.461103  0.403800  2.982000
 -2.342103  0.387900  3.030000
 -2.223103  0.392300  3.077000
 -2.104103  0.401100  3.124000
 -1.985103  0.408900  3.172000
 -1.866103  0.418300  3.221000
 -1.747103  0.409600  3.270000
 -1.628103  0.415500  3.319000
 -1.509103  0.422900  3.370000
 -1.389103  0.393600  3.417000
 -1.270103  0.392500  3.464000
 -1.151103  0.402800  3.512000
 -1.032103  0.404000  3.560000
 -0.913103  0.408600  3.608000
 -0.794103  0.419800  3.658000
 -0.675103  0.419200  3.708000
 -0.556103  0.429800  3.759000
 -0.437103  0.425700  3.810000
 -0.318103  0.432900  3.861000
 -0.199103  0.437300  3.913000
 -0.080103  0.437500  3.965000
  0.038897  0.442400  4.017000
  0.157897  0.440900  4.070000
  0.277897  0.446000  4.123000
  0.396897  0.440700  4.176000
  0.515897  0.439600  4.228000
  0.634897  0.447500  4.281000
  0.753897  0.454400  4.335000
  0.872897  0.453400  4.389000
  0.991897  0.462100  4.444000
  1.110897  0.467700  4.499000
  1.229897  0.469500  4.555000
  1.348897  0.480500  4.611000
  1.467897  0.477400  4.669000
  1.586897  0.474200  4.725000
  1.705897  0.479900  4.782000
  1.824897  0.482700  4.839000
  1.944897  0.490000  4.897000
  2.063897  0.494000  4.956000
  2.182897  0.503600  5.015000
  2.301897  0.505700  5.075000
  2.420897  0.510800  5.136000
  2.539897  0.527000  5.197000
  2.658897  0.529100  5.260000
  2.777897  0.550400  5.324000
  2.896897  0.565200  5.391000
  3.015897  0.577900  5.459000
  3.134897  0.598600  5.529000
  3.253897  0.587100  5.601000
  3.372897  0.581000  5.670000
  3.491897  0.566700  5.739000
  3.611897  0.554500  5.805000
  3.730897  0.546300  5.871000
  3.849897  0.541400  5.936000
  3.968897  0.532300  6.000000
  4.087897  0.522900  6.063000
  4.206897  0.512600  6.124000
  4.325897  0.505400  6.185000
  4.444897  0.498400  6.245000
  4.563897  0.489800  6.303000
  4.682897  0.482600  6.361000
  4.801897  0.479100  6.418000
  4.920897  0.479100  6.476000
  5.039897  0.477400  6.533000
  5.158897  0.472000  6.589000
  5.278897  0.468100  6.645000
  5.397897  0.465600  6.701000
  5.516897  0.463100  6.756000
  5.635897  0.463100  6.811000
  5.754897  0.466300  6.866000
  5.873897  0.469500  6.922000
  5.992897  0.469100  6.978000
  6.111897  0.470700  7.034000
  6.230897  0.472700  7.090000
  6.349897  0.475300  7.146000
  6.468897  0.477500  7.203000
  6.587897  0.479700  7.260000
  6.706897  0.482000  7.317000
  6.825897  0.489400  7.375000
  6.945897  0.495500  7.434000
  7.064897  0.505400  7.493000
  7.183897  0.513200  7.554000
  7.302897  0.516000  7.615000
  7.421897  0.515400  7.677000
  7.540897  0.517700  7.738000
  7.659897  0.520200  7.800000
  7.778897  0.520900  7.862000
  7.897897  0.525600  7.924000
  8.016897  0.532500  7.987000
  8.135897  0.536600  8.051000
  8.254897  0.540300  8.115000
  8.373897  0.530300  8.179000
  8.492897  0.527900  8.242000
  8.612897  0.525400  8.304000
  8.731897  0.525000  8.367000
  8.850897  0.526700  8.429000
  8.969897  0.527000  8.492000
  9.088897  0.527000  8.555000
  9.207897  0.533300  8.618000
  9.326897  0.537900  8.682000
  9.445897  0.539200  8.746000
  9.564897  0.542500  8.810000
  9.683897  0.544800  8.875000
  9.802897  0.551200  8.940000
  9.921897  0.558900  9.006000
 10.040897  0.569100  9.074000
 10.159897  0.582500  9.142000
 10.279897  0.603700  9.213000
 10.398897  0.633800  9.286000
 10.517897  0.667300  9.364000
 10.636897  0.697500  9.445000
 10.755897  0.650900  9.527000
 10.874897  0.645900  9.604000
 10.993897  0.600800  9.679000
 11.112897  0.568400  9.748000
 11.231897  0.561600  9.815000
 11.350897  0.565900  9.883000
 11.469897  0.576300  9.950000
 11.588897  0.585600 10.020000
 11.707897  0.564700 10.090000
 11.826897  0.544300 10.160000
 11.946897  0.570000 10.220000
 12.065897  0.566100 10.290000
 12.184897  0.544900 10.360000
 12.303897  0.554700 10.420000
 12.422897  0.541900 10.490000
 12.541897  0.517900 10.550000
 12.660897  0.528700 10.610000
 12.779897  0.561800 10.680000
 12.898897  0.561100 10.740000
 13.017897  0.620600 10.810000
 13.136897  0.641300 10.890000
 13.255897  0.631200 10.970000
 13.374897  0.655700 11.040000
 13.493897  0.680200 11.120000
 13.613897  0.658500 11.200000
 13.732897  0.675700 11.280000
 13.851897  0.690300 11.360000
 13.970897  0.644500 11.440000
 14.089897  0.503000 11.510000
 14.208897  0.428600 11.570000
 14.327897  0.379700 11.620000
 14.446897  0.335400 11.660000
 14.565897  0.290900 11.700000
 14.684897  0.249700 11.730000
 14.803897  0.216200 11.760000
 14.922897  0.197100 11.780000
 15.041897  0.183600 11.800000
 15.160897  0.173700 11.830000
 15.280897  0.171300 11.850000
 15.399897  0.157600 11.870000
 15.518897  0.145500 11.880000
 15.637897  0.125300 11.900000
 15.756897  0.104600 11.910000
 15.875897  0.093790 11.930000
 15.994897  0.082790 11.940000
 16.113897  0.073410 11.950000
 16.232897  0.065490 11.950000
 16.351897  0.057880 11.960000
 16.470897  0.050970 11.970000
 16.589897  0.044550 11.970000
 16.708897  0.038590 11.980000
 16.827897  0.033310 11.980000
 16.947897  0.029110 11.990000
 17.066897  0.026350 11.990000
 17.185897  0.031370 11.990000
 17.304897  0.027570 12.000000
 17.423897  0.009178 12.000000
 17.542897  0.000000 12.000000
 17.661897  0.000000 12.000000
 17.780897  0.000000 12.000000
 17.899897  0.000000 12.000000
 18.018897  0.000000 12.000000
 18.137897  0.000000 12.000000
 18.256897  0.000000 12.000000
 18.375897  0.000000 12.000000
 18.494897  0.000000 12.000000
 18.614897  0.000000 12.000000
 18.733897  0.000000 12.000000
 18.852897  0.000000 12.000000
 18.971897  0.000000 12.000000
 19.090897  0.000000 12.000000
 19.209897  0.000000 12.000000
 19.328897  0.000000 12.000000
 19.447897  0.000000 12.000000
