        1.00000        0.99937        1.41219        0.01989
        1.01000        0.99913        1.99630        0.02903
        1.02000        0.99898        1.95038        0.02780
        1.03000        0.99918        1.57988        0.02286
        1.04000        0.99913        2.00702        0.02758
        1.05000        0.99875        3.37894        0.04471
        1.06000        0.99895        2.16460        0.03055
        1.07000        0.99831        3.68633        0.04869
        1.08000        0.99856        3.29754        0.03796
        1.09000        0.99831        2.95688        0.03782
        1.10000        0.99847        2.86359        0.03852
        1.11000        0.99815        4.25199        0.05675
        1.12000        0.99813        3.94788        0.04953
        1.13000        0.99774        5.17980        0.05991
        1.14000        0.99824        3.32210        0.03986
        1.15000        0.99798        3.91943        0.04696
        1.16000        0.99786        4.56304        0.05318
        1.17000        0.99738        5.37500        0.06135
        1.18000        0.99758        4.50629        0.05238
        1.19000        0.99704        6.40341        0.07076
        1.20000        0.99702        5.38469        0.06392
        1.21000        0.99675        6.50129        0.07182
        1.22000        0.99736        4.84129        0.05569
        1.23000        0.99686        6.08348        0.06722
        1.24000        0.99675        5.65300        0.06084
        1.25000        0.99583       10.10433        0.10325
        1.26000        0.99630        7.76775        0.07701
        1.27000        0.99549        8.95768        0.09131
        1.28000        0.99509       10.55134        0.10625
        1.29000        0.99449       13.90274        0.11875
        1.30000        0.99517        8.06838        0.08390
        1.31000        0.99382       13.97206        0.14005
        1.32000        0.99495        8.73730        0.09119
        1.33000        0.99450        7.01506        0.06638
        1.34000        0.99427       13.20507        0.12019
        1.35000        0.99310       12.86310        0.12205
        1.36000        0.99250       18.41506        0.15344
        1.37000        0.99247       14.35432        0.12234
        1.38000        0.99153       17.86273        0.15587
        1.39000        0.99056       24.00369        0.17328
        1.40000        0.99104       19.77002        0.14546
        1.41000        0.99077       22.96520        0.16032
        1.42000        0.99066       15.15594        0.13112
        1.43000        0.98955       20.11127        0.16067
        1.44000        0.98831       30.24179        0.19995
        1.45000        0.98975       26.97520        0.19102
        1.46000        0.98976       17.92704        0.14278
        1.47000        0.98864       23.85546        0.18642
        1.48000        0.98884       22.79205        0.18463
        1.49000        0.98714       28.36577        0.22462
        1.50000        0.98529       42.93033        0.19828
        1.51000        0.98555       24.21266        0.17924
        1.52000        0.98531       24.49449        0.16846
        1.53000        0.98440       30.57436        0.20822
        1.54000        0.98438       35.12696        0.23432
        1.55000        0.98214       41.11158        0.25057
        1.56000        0.98118       48.00656        0.28913
        1.57000        0.98096       54.96918        0.26523
        1.58000        0.98209       27.91131        0.19091
        1.59000        0.98122       34.85913        0.24553
        1.60000        0.97777       45.29252        0.26194
        1.61000        0.98018       29.03054        0.17799
        1.62000        0.97787       48.24260        0.30335
        1.63000        0.97799       56.67759        0.35327
        1.64000        0.97702       50.19301        0.28754
        1.65000        0.97430       64.11585        0.34984
        1.66000        0.97403       60.84879        0.28873
        1.67000        0.97336       56.17876        0.29863
        1.68000        0.97296       66.56994        0.34960
        1.69000        0.97317       50.20695        0.29649
        1.70000        0.97077       63.76948        0.29623
        1.71000        0.96894       82.31738        0.34876
        1.72000        0.96742      103.76548        0.40488
        1.73000        0.96779       76.67392        0.35287
        1.74000        0.96603       97.84705        0.40414
        1.75000        0.96402       93.60641        0.44712
        1.76000        0.95978      103.71077        0.45197
        1.77000        0.95845      130.43046        0.53091
        1.78000        0.96050       81.51182        0.37639
        1.79000        0.95821      118.43656        0.45080
        1.80000        0.95849       92.53764        0.41802
        1.81000        0.95927      105.84296        0.47118
        1.82000        0.95269      162.62118        0.59642
        1.83000        0.94977      168.54365        0.47208
        1.84000        0.95343      116.09996        0.46521
        1.85000        0.95123      149.84979        0.57579
        1.86000        0.94868      151.94206        0.52480
        1.87000        0.94339      173.55178        0.40529
        1.88000        0.94381      136.96971        0.43466
        1.89000        0.94361      141.20309        0.43106
        1.90000        0.94327      182.82242        0.57932
        1.91000        0.94027      168.57587        0.44724
        1.92000        0.93227      178.32036        0.50024
        1.93000        0.93655      217.48222        0.60235
        1.94000        0.93122      165.42795        0.49664
        1.95000        0.92069      403.52431        0.92736
        1.96000        0.92786      189.44452        0.62192
        1.97000        0.91827      386.77202        0.65864
        1.98000        0.91823      467.91232        0.90108
        1.99000        0.91944      272.92428        0.66208
        2.00000        0.91850      185.09859        0.53236
        2.01000        0.90523      426.22276        0.78222
        2.02000        0.90847      348.71939        0.76274
        2.03000        0.90430      393.30909        0.72309
        2.04000        0.90224      365.69843        0.65979
        2.05000        0.90257      287.99852        0.60796
        2.06000        0.89604      356.40443        0.70557
        2.07000        0.89304      441.30896        0.70303
        2.08000        0.88287      508.06452        0.74063
        2.09000        0.87152      414.43152        0.61430
        2.10000        0.87842      503.95660        0.78520
        2.11000        0.85548     1605.88730        1.20670
        2.12000        0.86038     1346.43352        0.99658
        2.13000        0.85767      698.71528        0.78663
        2.14000        0.85265      996.44100        0.78711
        2.15000        0.84634      688.49807        0.78569
        2.16000        0.85152      392.52838        0.70106
        2.17000        0.83507      834.57681        0.98469
        2.18000        0.82152     1268.44428        1.14515
        2.19000        0.82522     1181.88786        1.33467
        2.20000        0.81964     1325.83365        1.37218
        2.21000        0.81237     1505.75427        1.35466
        2.22000        0.81636     1020.61420        0.91925
        2.23000        0.80612     1006.77478        1.14729
        2.24000        0.79858     1799.05232        1.18137
        2.25000        0.77755     1317.64717        0.86793
        2.26000        0.77352     1667.36608        1.18435
        2.27000        0.75605     1653.09922        1.04921
        2.28000        0.75874     1070.25412        0.71567
        2.29000        0.74371     1825.33165        1.09072
        2.30000        0.71447     2214.74880        1.04168
        2.31000        0.69396     3427.72200        1.29481
        2.32000        0.68173     3346.30991        1.16268
        2.33000        0.65184     3038.49227        1.21950
        2.34000        0.63807     3748.57809        1.51511
        2.35000        0.64412     2793.86335        0.81500
        2.36000        0.64346     4934.64869        1.26489
        2.37000        0.63621     7134.51158        1.55755
        2.38000        0.61129     7272.76876        1.60882
        2.39000        0.59877     9268.56957        1.70231
        2.40000        0.58862    11609.52318        1.98417
        2.41000        0.55636    11661.61980        1.76301
        2.42000        0.51958    12433.40427        1.65658
        2.43000        0.50139    11860.83265        1.17947
        2.44000        0.47431    13791.48258        1.40335
        2.45000        0.43669    13376.99894        1.26268
        2.46000        0.41141    15202.09931        1.50314
        2.47000        0.40028    17356.20786        1.74681
        2.48000        0.36770    18808.35207        1.31174
        2.49000        0.33660    18168.44533        1.47750
        2.50000        0.31183    17205.91916        1.05437
        2.51000        0.27831    15687.25019        0.82926
        2.52000        0.23345    20521.66150        0.89504
        2.53000        0.20724    19093.11638        0.80681
        2.54000        0.17965    22753.47993        0.78318
        2.55000        0.19165    14071.49418        0.89411
        2.56000        0.19548    11164.25355        1.21611
        2.57000        0.16084    12839.24819        1.02830
        2.58000        0.09677    10950.84814        0.63666
        2.59000        0.07016    12385.47446        0.52445
        2.60000        0.04087    11302.86547        0.43750
        2.61000        0.02206    15031.69422        0.61017
        2.62000        0.01044    12319.43703        0.61040
        2.63000        0.01055    10920.08546        0.66077
        2.64000        0.02939    12894.23813        0.73075
        2.65000        0.01651     9289.56703        0.78796
        2.66000        0.02616     9943.21364        0.68588
        2.67000        0.02886    10657.03437        0.47010
        2.68000        0.02291    14975.76278        0.60469
        2.69000        0.00110    10742.32076        0.68761
        2.70000        0.01083     9770.32912        0.58940
        2.71000        0.04252     9338.30849        0.58509
        2.72000        0.04641    12151.21232        0.54779
        2.73000        0.04051     8687.09905        0.53756
        2.74000        0.01275     5854.10083        0.56149
        2.75000        0.02751     6398.84746        0.61076
        2.76000        0.03508     8673.72003        0.52212
        2.77000        0.01835    12999.73253        0.58085
        2.78000        0.01950    12443.91108        0.71616
        2.79000        0.01353     6144.80300        0.51165
        2.80000        0.05238     6403.22751        0.58472
        2.81000        0.04111     7038.69910        0.39010
        2.82000        0.03805     7192.47583        0.39854
        2.83000        0.02360     8510.13686        0.46909
        2.84000        0.04100     9788.06385        0.46587
        2.85000        0.04417     6189.55112        0.61942
        2.86000        0.02909     4203.86091        0.46021
        2.87000        0.01283     2456.78042        0.35768
        2.88000        0.02100     2565.51612        0.40806
        2.89000        0.01196     2959.61335        0.50250
        2.90000        0.02417     4160.36481        0.41231
        2.91000        0.02361     3273.82017        0.46180
        2.92000        0.01875     5300.40839        0.34936
        2.93000        0.00893     6140.22009        0.40278
        2.94000        0.02031     8599.41543        0.51576
        2.95000        0.02428     6754.50871        0.40664
        2.96000        0.03110     3427.13616        0.41076
        2.97000        0.00993     3501.77603        0.42446
        2.98000        0.01308     3355.08983        0.38805
        2.99000        0.02975     3623.45319        0.41949
        3.00000        0.00145     4074.93017        0.34847
        3.01000        0.04125     4044.84679        0.38064
        3.02000        0.01500     4703.00969        0.36457
        3.03000        0.00099     3982.79339        0.40217
        3.04000        0.00948     4259.11848        0.39984
        3.05000        0.03816     2422.32373        0.45346
        3.06000        0.03350     4129.28600        0.43141
        3.07000        0.03842     4428.56061        0.36438
        3.08000        0.01869     4108.41786        0.32584
        3.09000        0.02538     4906.95871        0.45460
        3.10000        0.00247     3700.90417        0.27677
        3.11000        0.00414     3263.64131        0.32151
        3.12000        0.00923     3162.32943        0.40103
        3.13000        0.00524     1983.39138        0.32543
        3.14000        0.00996     2964.83597        0.31758
        3.15000        0.01648     2444.50514        0.35522
        3.16000        0.00666     1716.13487        0.28879
        3.17000        0.03732     2240.48982        0.32955
        3.18000        0.01526     2463.87789        0.32221
        3.19000        0.00508     2287.39246        0.29057
        3.20000        0.01278     2535.65709        0.30705
        3.21000        0.01323     2130.34707        0.40815
        3.22000        0.00265     2146.97583        0.29804
        3.23000        0.01417     3285.92656        0.32443
        3.24000        0.02380     3799.23031        0.35232
        3.25000        0.01198     4140.89221        0.28525
        3.26000        0.01402     3458.27371        0.36292
        3.27000        0.01104     3022.82610        0.26132
        3.28000        0.02598     2634.60606        0.29096
        3.29000        0.01810     2002.76179        0.25515
        3.30000        0.01809     2356.99565        0.31006
        3.31000        0.00441     2692.72741        0.31253
        3.32000        0.03021     1801.12557        0.22660
        3.33000        0.02861     2645.51876        0.28045
        3.34000        0.02691     2603.15372        0.26909
        3.35000        0.02035     2227.92495        0.33362
        3.36000        0.01580     2491.95835        0.26571
        3.37000        0.02399     2413.59381        0.34889
        3.38000        0.00921     1836.02884        0.20199
        3.39000        0.00085     1808.63692        0.23392
        3.40000        0.02244     2119.20972        0.25953
        3.41000        0.01102     1601.94743        0.30179
        3.42000        0.00360     1520.03747        0.28633
        3.43000        0.01575     1524.24914        0.18696
        3.44000        0.00402     1707.67318        0.25946
        3.45000        0.01492     1152.87943        0.23123
        3.46000        0.03805     1870.67609        0.28376
        3.47000        0.00950     1936.31200        0.23938
        3.48000        0.00345     1988.64122        0.21643
        3.49000        0.00130     1331.60982        0.22573
        3.50000        0.00956     1444.39470        0.29966
        3.51000        0.00586     1742.26813        0.21210
        3.52000        0.00909     1967.49673        0.30024
        3.53000        0.02432     1332.83091        0.25623
        3.54000        0.00527     1970.47380        0.22302
        3.55000        0.02122     2053.35087        0.22737
        3.56000        0.00664     1037.50070        0.21263
        3.57000        0.00308     1440.07545        0.19543
        3.58000        0.00441     1326.11205        0.24458
        3.59000        0.01657     1991.21832        0.24519
        3.60000        0.02409     1642.25085        0.25453
        3.61000        0.00724     1480.26616        0.23025
        3.62000        0.00808     1745.70861        0.21589
        3.63000        0.01898     1613.81655        0.20076
        3.64000        0.00095     1453.50861        0.20199
        3.65000        0.00514     1337.74848        0.18027
        3.66000        0.01562     1256.71206        0.21364
        3.67000        0.00570     1631.41790        0.20793
        3.68000        0.00985     2315.79333        0.18255
        3.69000        0.03570     1656.40518        0.21261
        3.70000        0.02394     1569.69411        0.20012
        3.71000        0.00765     1304.03622        0.23361
        3.72000        0.00843     1382.60256        0.21070
        3.73000        0.00050     1257.84708        0.19449
        3.74000        0.00936     1095.63677        0.17831
        3.75000        0.01247     1421.58784        0.18468
        3.76000        0.00539     1498.75783        0.17088
        3.77000        0.01138     1451.69157        0.19692
        3.78000        0.00441     1587.38250        0.18242
        3.79000        0.00260     1354.05219        0.22365
        3.80000        0.00480     1108.71587        0.16292
        3.81000        0.00292     1761.10627        0.22037
        3.82000        0.00192      851.98213        0.18476
        3.83000        0.00705      925.89279        0.17231
        3.84000        0.01887     1230.95094        0.24921
        3.85000        0.00810     1330.29557        0.17799
        3.86000        0.00126     1382.17929        0.23225
        3.87000        0.01337      973.34542        0.17297
        3.88000        0.00513      977.19364        0.16524
        3.89000        0.02754     1433.24183        0.18106
        3.90000        0.00320     1113.59743        0.16823
        3.91000        0.00266     1558.09364        0.22535
        3.92000        0.00668     1178.65266        0.20005
        3.93000        0.00265     1299.86390        0.15176
        3.94000        0.00578      995.71385        0.18551
        3.95000        0.01224     1150.14982        0.15056
        3.96000        0.00222      938.02444        0.18443
        3.97000        0.01478     1137.93105        0.14783
        3.98000        0.01126      919.66435        0.19006
        3.99000        0.02244     1174.41794        0.17712
        4.00000        0.00382     1110.01873        0.17761
        4.01000        0.00209     1136.32169        0.16801
        4.02000        0.00166      953.22482        0.15603
        4.03000        0.01331      987.10288        0.19305
        4.04000        0.00840     1311.52425        0.15345
        4.05000        0.01963      911.13585        0.19576
        4.06000        0.00913     1315.12626        0.16705
        4.07000        0.00256      949.90948        0.17291
        4.08000        0.00321      850.60024        0.15707
        4.09000        0.00299     1140.00813        0.18763
        4.10000        0.02676      846.64263        0.14827
        4.11000        0.00322      830.26691        0.13971
        4.12000        0.00596      986.23647        0.15496
        4.13000        0.01070     1057.84661        0.16178
        4.14000        0.00431      990.05046        0.15188
        4.15000        0.00910      683.41008        0.16648
        4.16000        0.00973      758.26449        0.14961
        4.17000        0.00533      760.84368        0.14150
        4.18000        0.00219     1183.49198        0.16117
        4.19000        0.00176     1098.54017        0.14917
        4.20000        0.00776      883.58136        0.14304
        4.21000        0.00567     1166.77418        0.14088
        4.22000        0.00689      972.15768        0.13031
        4.23000        0.00012      731.16138        0.14260
        4.24000        0.00819      948.12355        0.13403
        4.25000        0.00077      975.80450        0.16185
        4.26000        0.02071      954.54731        0.14395
        4.27000        0.00550      704.00975        0.14269
        4.28000        0.00541      695.42192        0.13886
        4.29000        0.01011      712.89944        0.15170
        4.30000        0.00821     1203.29833        0.14443
        4.31000        0.00237     1152.10262        0.15490
        4.32000        0.00670      773.37991        0.13170
        4.33000        0.00559      575.74321        0.14019
        4.34000        0.00160      803.46326        0.16212
        4.35000        0.00552      771.29762        0.12769
        4.36000        0.00645      936.48285        0.17552
        4.37000        0.00414      774.30662        0.12703
        4.38000        0.00462      688.09433        0.11515
        4.39000        0.01373      681.55118        0.12754
        4.40000        0.00706      845.45742        0.12772
        4.41000        0.00975      893.64363        0.13750
        4.42000        0.00508      746.73321        0.12701
        4.43000        0.00753      650.51079        0.13276
        4.44000        0.00860      839.16381        0.11421
        4.45000        0.00073      695.94210        0.10602
        4.46000        0.01078      907.19367        0.12334
        4.47000        0.01194      540.26641        0.12333
        4.48000        0.01314      722.53889        0.10480
        4.49000        0.00598      774.85159        0.11183
        4.50000        0.00545      538.73473        0.12040
        4.51000        0.01602      717.48994        0.13277
        4.52000        0.00609      692.05490        0.12191
        4.53000        0.00378      793.69619        0.12244
        4.54000        0.00865      706.53541        0.12196
        4.55000        0.01418      814.20517        0.12081
        4.56000        0.00363      692.82079        0.13409
        4.57000        0.00625      564.72471        0.12262
        4.58000        0.00339      999.09686        0.12543
        4.59000        0.00039      665.12621        0.15212
        4.60000        0.01567      600.31350        0.12578
        4.61000        0.01223      547.99515        0.12619
        4.62000        0.00800      652.22477        0.11450
        4.63000        0.00933      848.32816        0.13075
        4.64000        0.00513      689.78844        0.10644
        4.65000        0.00142      685.02109        0.11370
        4.66000        0.00180      591.16355        0.12006
        4.67000        0.00325      581.35997        0.10173
        4.68000        0.00262      675.78237        0.11117
        4.69000        0.00261      704.65984        0.14277
        4.70000        0.00076      621.35841        0.10887
        4.71000        0.00240      544.87185        0.11171
        4.72000        0.01007      569.53968        0.10687
        4.73000        0.00891      479.21921        0.10718
        4.74000        0.01334      696.41714        0.11247
        4.75000        0.00588      577.00308        0.09909
        4.76000        0.00313      727.06701        0.11466
        4.77000        0.00781      653.97935        0.08321
        4.78000        0.00180      644.07892        0.10601
        4.79000        0.00518      576.65176        0.11895
        4.80000        0.00377      526.68132        0.10937
        4.81000        0.01205      589.68204        0.11062
        4.82000        0.00388      580.44519        0.09514
        4.83000        0.00227      506.09701        0.08043
        4.84000        0.00240      534.05074        0.10399
        4.85000        0.00603      520.35370        0.11798
        4.86000        0.01258      533.49111        0.10117
        4.87000        0.00635      670.43404        0.11025
        4.88000        0.00142      483.48233        0.10646
        4.89000        0.00505      659.43050        0.10286
        4.90000        0.01826      547.10778        0.09546
        4.91000        0.00314      589.68732        0.11930
        4.92000        0.01562      543.00922        0.09795
        4.93000        0.00853      502.43862        0.09118
        4.94000        0.00405      545.68834        0.09594
        4.95000        0.00486      552.47261        0.08239
        4.96000        0.01006      580.22032        0.09928
        4.97000        0.00275      551.86303        0.10010
        4.98000        0.00991      660.37187        0.10190
        4.99000        0.00795      841.16266        0.09533
        5.00000        0.00015      688.50776        0.09857
