        1.00000        0.99928        1.56882        0.02280
        1.01000        0.99925        1.63954        0.02334
        1.02000        0.99915        1.99218        0.02822
        1.03000        0.99908        1.90492        0.02607
        1.04000        0.99896        2.42121        0.03114
        1.05000        0.99900        2.21085        0.03118
        1.06000        0.99883        2.53044        0.03489
        1.07000        0.99869        2.86228        0.03785
        1.08000        0.99870        2.57669        0.03444
        1.09000        0.99857        3.00092        0.03848
        1.10000        0.99838        3.33998        0.04348
        1.11000        0.99845        3.21552        0.04113
        1.12000        0.99812        4.12777        0.04912
        1.13000        0.99809        4.04162        0.05010
        1.14000        0.99803        4.07191        0.04968
        1.15000        0.99794        3.82002        0.04614
        1.16000        0.99765        4.64686        0.05564
        1.17000        0.99758        5.07076        0.05638
        1.18000        0.99737        5.26414        0.06316
        1.19000        0.99725        5.55152        0.06338
        1.20000        0.99698        6.69715        0.07371
        1.21000        0.99672        6.73146        0.07390
        1.22000        0.99679        6.77447        0.07212
        1.23000        0.99656        7.33465        0.07886
        1.24000        0.99623        7.74146        0.07879
        1.25000        0.99612        7.28219        0.07782
        1.26000        0.99559        8.62501        0.08591
        1.27000        0.99553        8.58044        0.08835
        1.28000        0.99541        9.52832        0.09424
        1.29000        0.99521        8.72155        0.08703
        1.30000        0.99480       10.18273        0.09731
        1.31000        0.99437       10.91958        0.10648
        1.32000        0.99416       11.97448        0.11283
        1.33000        0.99377       11.92576        0.11194
        1.34000        0.99381       12.82942        0.11821
        1.35000        0.99336       13.24038        0.12217
        1.36000        0.99283       13.08166        0.12074
        1.37000        0.99271       13.96387        0.12046
        1.38000        0.99222       16.70961        0.13190
        1.39000        0.99183       16.38645        0.13419
        1.40000        0.99120       18.48645        0.14950
        1.41000        0.99089       18.01432        0.14962
        1.42000        0.99048       20.02656        0.15501
        1.43000        0.99079       18.54759        0.15155
        1.44000        0.99008       18.81922        0.14992
        1.45000        0.98920       22.42511        0.17114
        1.46000        0.98892       23.66424        0.17955
        1.47000        0.98788       24.34979        0.18235
        1.48000        0.98826       23.45657        0.17701
        1.49000        0.98693       26.55716        0.19556
        1.50000        0.98657       27.65138        0.20490
        1.51000        0.98598       28.69086        0.20384
        1.52000        0.98526       28.85992        0.19942
        1.53000        0.98415       37.11877        0.22884
        1.54000        0.98440       32.33980        0.22032
        1.55000        0.98349       31.67557        0.21775
        1.56000        0.98297       34.87722        0.23453
        1.57000        0.98248       37.16668        0.23065
        1.58000        0.98142       42.11748        0.25536
        1.59000        0.98060       42.36744        0.24756
        1.60000        0.97935       40.72009        0.24347
        1.61000        0.97812       47.76615        0.27592
        1.62000        0.97768       53.77522        0.28337
        1.63000        0.97717       50.27758        0.28685
        1.64000        0.97599       59.84595        0.33113
        1.65000        0.97582       45.24327        0.25708
        1.66000        0.97360       63.97976        0.31869
        1.67000        0.97304       63.24677        0.32397
        1.68000        0.97235       60.85271        0.31987
        1.69000        0.97132       59.69974        0.30402
        1.70000        0.97025       70.31821        0.32706
        1.71000        0.96903       82.90213        0.36420
        1.72000        0.96754       78.32967        0.36031
        1.73000        0.96706       70.22651        0.33449
        1.74000        0.96564       80.54507        0.36256
        1.75000        0.96431       89.42293        0.39144
        1.76000        0.96206       95.07723        0.40079
        1.77000        0.96189       99.99362        0.42422
        1.78000        0.95997       99.11063        0.41503
        1.79000        0.95681      104.53310        0.39212
        1.80000        0.95587      123.04528        0.44952
        1.81000        0.95534      123.20254        0.44637
        1.82000        0.95513      124.85445        0.47603
        1.83000        0.95323      111.60934        0.42102
        1.84000        0.95047      144.22740        0.48975
        1.85000        0.94867      166.64765        0.52473
        1.86000        0.94877      127.23596        0.47974
        1.87000        0.94176      183.56415        0.53784
        1.88000        0.94121      201.64798        0.54153
        1.89000        0.94046      172.65709        0.52943
        1.90000        0.93787      213.02217        0.55484
        1.91000        0.93693      200.67931        0.55967
        1.92000        0.93650      176.03905        0.55333
        1.93000        0.93027      273.74915        0.66461
        1.94000        0.92882      278.83989        0.62238
        1.95000        0.92773      231.77107        0.60550
        1.96000        0.92505      240.54833        0.62648
        1.97000        0.91909      405.79082        0.71838
        1.98000        0.91879      295.52567        0.66079
        1.99000        0.91414      336.40983        0.72469
        2.00000        0.91360      326.28807        0.71764
        2.01000        0.90964      352.84775        0.71299
        2.02000        0.90359      492.10862        0.79617
        2.03000        0.90384      377.91772        0.71877
        2.04000        0.89465      492.19211        0.79021
        2.05000        0.89794      420.08995        0.78026
        2.06000        0.88612      964.92097        0.86329
        2.07000        0.88669      656.49507        0.88476
        2.08000        0.87873     1257.50734        1.05824
        2.09000        0.88073      673.43797        0.87655
        2.10000        0.87740      632.58327        0.85302
        2.11000        0.86831      675.11890        0.88170
        2.12000        0.86252      993.33656        1.02466
        2.13000        0.84417     1435.46831        1.20759
        2.14000        0.84288     1124.07452        0.94260
        2.15000        0.84226      919.75902        1.01901
        2.16000        0.82586     2130.17348        1.19613
        2.17000        0.79689     3733.22997        1.42523
        2.18000        0.81434     2283.74050        1.39351
        2.19000        0.78876     6396.37087        1.52094
        2.20000        0.79369     2007.07022        1.14392
        2.21000        0.77023     3314.40366        1.39780
        2.22000        0.74302    10796.76263        1.83330
        2.23000        0.73921     6791.96284        1.63436
        2.24000        0.76415     2473.21699        1.27913
        2.25000        0.71872     6064.79296        1.41881
        2.26000        0.73866     5153.90395        1.40458
        2.27000        0.73238     5896.12499        1.61069
        2.28000        0.65772    13345.60802        1.65305
        2.29000        0.61021    15758.58493        1.89314
        2.30000        0.60003    18720.69689        2.03810
        2.31000        0.57341    16481.44321        1.97094
        2.32000        0.49461    27264.68935        1.73740
        2.33000        0.42699    46594.06168        1.80529
        2.34000        0.39628    65176.88920        1.83944
        2.35000        0.36584    70299.36219        1.55933
        2.36000        0.36669    56660.76121        1.57049
        2.37000        0.37438    52233.29252        1.93329
        2.38000        0.32361    35916.00001        1.65850
        2.39000        0.25110    38109.31608        1.70476
        2.40000        0.19503    42584.19710        1.37248
        2.41000        0.08139    44500.44076        1.10388
        2.42000        0.08393    62573.87541        1.63232
        2.43000        0.05054    52724.70899        1.15844
        2.44000        0.01141    66254.90264        1.21421
        2.45000        0.02787    51830.88015        1.29145
        2.46000        0.05285    38014.33922        1.04139
        2.47000        0.15048    26912.93206        0.89626
        2.48000        0.09933    23088.22727        0.93910
        2.49000        0.07006    23180.81066        0.91911
        2.50000        0.09487    18905.68173        0.80661
        2.51000        0.05029    19105.66220        0.86109
        2.52000        0.02436    23036.11856        0.76781
        2.53000        0.06231    18955.44589        0.81088
        2.54000        0.01776    16950.36256        0.69654
        2.55000        0.06723    13894.63734        0.85843
        2.56000        0.02585    16232.76105        0.74327
        2.57000        0.03271    15952.95206        0.71340
        2.58000        0.03891    20161.28912        0.81565
        2.59000        0.02843    17800.13857        0.72617
        2.60000        0.03013     8699.33004        0.65030
        2.61000        0.01849     8894.37936        0.64828
        2.62000        0.02980    12270.24881        0.67642
        2.63000        0.02915     9757.36333        0.72724
        2.64000        0.00796    12725.93401        0.70314
        2.65000        0.01005    11745.89177        0.72873
        2.66000        0.02056    11987.74883        0.72516
        2.67000        0.03541     8774.36182        0.65535
        2.68000        0.01789     8882.48505        0.66330
        2.69000        0.03938     9793.42056        0.62907
        2.70000        0.00916     5585.84757        0.55089
        2.71000        0.00777     7242.27082        0.57500
        2.72000        0.00783     7144.18148        0.51749
        2.73000        0.02187     8368.36182        0.63579
        2.74000        0.01068     8462.50769        0.59510
        2.75000        0.05148     9528.36930        0.55451
        2.76000        0.01564     7964.78802        0.55665
        2.77000        0.01571     7082.39693        0.45933
        2.78000        0.00358     5567.22288        0.54054
        2.79000        0.02456     7480.11314        0.54458
        2.80000        0.01490     5540.95087        0.57850
        2.81000        0.02612     6120.10895        0.46080
        2.82000        0.02329     5713.48923        0.49591
        2.83000        0.05009     4937.04313        0.45956
        2.84000        0.01221     5778.78981        0.49477
        2.85000        0.00242     5384.25393        0.52720
        2.86000        0.01444     4478.34785        0.48041
        2.87000        0.02171     5093.54329        0.46095
        2.88000        0.00223     4945.76960        0.48034
        2.89000        0.00824     4115.53723        0.47953
        2.90000        0.01371     4492.64170        0.48716
        2.91000        0.00128     4414.65907        0.45273
        2.92000        0.01216     4557.89031        0.42503
        2.93000        0.01128     4095.90910        0.41742
        2.94000        0.01622     5257.95111        0.47188
        2.95000        0.00344     5037.52390        0.39114
        2.96000        0.00423     3107.89634        0.41337
        2.97000        0.00594     3398.52066        0.39318
        2.98000        0.00622     5758.30455        0.42646
        2.99000        0.00967     4417.18855        0.43221
        3.00000        0.00813     3720.13796        0.41506
        3.01000        0.00060     3736.71499        0.40278
        3.02000        0.02027     3378.52497        0.40050
        3.03000        0.00513     3631.74659        0.39679
        3.04000        0.02283     3997.74942        0.39392
        3.05000        0.01036     3537.90899        0.37050
        3.06000        0.01072     2738.29216        0.37928
        3.07000        0.00754     3053.55275        0.37080
        3.08000        0.00950     3712.17995        0.38220
        3.09000        0.00892     3332.85527        0.36137
        3.10000        0.00017     3187.17906        0.32630
        3.11000        0.00201     2631.96906        0.33409
        3.12000        0.01509     3164.51913        0.35697
        3.13000        0.00980     3168.32487        0.31722
        3.14000        0.00549     3195.16763        0.32447
        3.15000        0.00604     2726.37795        0.34161
        3.16000        0.00715     2935.37838        0.36898
        3.17000        0.00443     2701.35649        0.34859
        3.18000        0.01087     2726.86609        0.33271
        3.19000        0.00270     2650.55398        0.32436
        3.20000        0.00556     2552.41395        0.33397
        3.21000        0.00059     3054.34772        0.32120
        3.22000        0.01257     2423.21893        0.31206
        3.23000        0.00427     2191.10861        0.30256
        3.24000        0.00223     2683.61471        0.29257
        3.25000        0.00216     2444.39568        0.30085
        3.26000        0.01588     2496.58160        0.31028
        3.27000        0.02004     2291.21474        0.31216
        3.28000        0.00177     2590.94401        0.32369
        3.29000        0.00031     2318.43480        0.31786
        3.30000        0.00748     2548.96900        0.28898
        3.31000        0.01781     2644.47655        0.28617
        3.32000        0.00652     2586.89636        0.26877
        3.33000        0.00261     2033.98071        0.25705
        3.34000        0.00943     2089.18076        0.27835
        3.35000        0.00762     2374.16632        0.29150
        3.36000        0.00004     2365.63154        0.29438
        3.37000        0.00239     2078.43251        0.26425
        3.38000        0.00338     2112.22531        0.28995
        3.39000        0.00048     2029.72410        0.28499
        3.40000        0.00137     1975.58570        0.26766
        3.41000        0.00846     2186.10381        0.26076
        3.42000        0.00738     1859.76931        0.26717
        3.43000        0.00103     2069.15697        0.26297
        3.44000        0.00565     2199.48617        0.26087
        3.45000        0.00366     1868.67552        0.24834
        3.46000        0.00388     1713.91365        0.25347
        3.47000        0.00064     1734.14382        0.23240
        3.48000        0.00553     1725.87130        0.26980
        3.49000        0.00559     1751.00115        0.23618
        3.50000        0.00938     1725.06671        0.26263
        3.51000        0.00204     1739.74843        0.26603
        3.52000        0.00580     1571.70389        0.25205
        3.53000        0.00686     1798.68109        0.25457
        3.54000        0.00261     1730.00517        0.24825
        3.55000        0.00313     1706.72991        0.24565
        3.56000        0.01061     1764.28919        0.24447
        3.57000        0.00477     1546.93484        0.23472
        3.58000        0.00135     1517.45341        0.22965
        3.59000        0.00127     1514.03323        0.22914
        3.60000        0.00589     1660.91248        0.22907
        3.61000        0.00201     1740.32391        0.22336
        3.62000        0.01136     1537.72973        0.22781
        3.63000        0.00219     1521.24771        0.22202
        3.64000        0.00266     1365.42686        0.21666
        3.65000        0.00088     1363.99885        0.21388
        3.66000        0.00119     1189.68185        0.22311
        3.67000        0.00196     1706.09967        0.21253
        3.68000        0.00019     1217.80044        0.21890
        3.69000        0.00158     1412.71955        0.21447
        3.70000        0.00322     1565.97169        0.21064
        3.71000        0.00239     1389.97709        0.20574
        3.72000        0.00124     1370.49948        0.21352
        3.73000        0.00224     1298.88821        0.20162
        3.74000        0.00754     1279.02177        0.21002
        3.75000        0.00096     1344.22039        0.20286
        3.76000        0.00003     1573.16009        0.19134
        3.77000        0.00118     1298.60933        0.21302
        3.78000        0.00346     1192.41932        0.18370
        3.79000        0.00850     1281.28054        0.18971
        3.80000        0.00244     1293.58284        0.20178
        3.81000        0.00505     1316.97840        0.19481
        3.82000        0.00939     1191.24217        0.20003
        3.83000        0.00198     1186.46528        0.19427
        3.84000        0.00491     1342.45516        0.19582
        3.85000        0.00381     1211.26408        0.17889
        3.86000        0.00085     1142.49914        0.18379
        3.87000        0.00288     1274.00543        0.18275
        3.88000        0.00629     1166.55579        0.18963
        3.89000        0.00409     1188.41752        0.17947
        3.90000        0.00495     1117.79963        0.17942
        3.91000        0.00245     1194.09002        0.18597
        3.92000        0.00335     1233.42538        0.17358
        3.93000        0.00470     1233.07281        0.18490
        3.94000        0.00181     1174.25059        0.18132
        3.95000        0.00133     1132.42117        0.16918
        3.96000        0.00233     1196.53916        0.18450
        3.97000        0.00098     1006.44298        0.17660
        3.98000        0.00035     1062.59484        0.18354
        3.99000        0.00188     1230.24439        0.18254
        4.00000        0.00098     1203.49787        0.16823
        4.01000        0.00064     1176.50769        0.16551
        4.02000        0.00297     1067.45245        0.17421
        4.03000        0.00118     1034.21040        0.18157
        4.04000        0.00285      999.75722        0.16589
        4.05000        0.00182      967.90720        0.16361
        4.06000        0.00046     1068.88852        0.15324
        4.07000        0.00413     1134.52638        0.17280
        4.08000        0.00268     1036.81933        0.15924
        4.09000        0.00384     1018.16297        0.16215
        4.10000        0.00030      899.61765        0.16195
        4.11000        0.00147     1022.66898        0.15877
        4.12000        0.00050      935.44600        0.16130
        4.13000        0.00385     1015.00216        0.16113
        4.14000        0.00363      912.07776        0.15418
        4.15000        0.00003     1121.22600        0.15690
        4.16000        0.00005      878.87479        0.16263
        4.17000        0.00186      916.00868        0.15714
        4.18000        0.00664      914.32939        0.15285
        4.19000        0.00156      869.89971        0.15173
        4.20000        0.00031      951.71138        0.14206
        4.21000        0.00093      906.95151        0.15341
        4.22000        0.00046      950.96523        0.15594
        4.23000        0.00210      940.15622        0.14941
        4.24000        0.00551     1025.48689        0.15052
        4.25000        0.00128      887.21013        0.14419
        4.26000        0.00934      821.40973        0.13769
        4.27000        0.00237      835.03941        0.14644
        4.28000        0.00047      878.19240        0.15805
        4.29000        0.00045      828.60734        0.14771
        4.30000        0.00199      966.67450        0.14435
        4.31000        0.00453      851.94369        0.13571
        4.32000        0.00386      988.98060        0.13923
        4.33000        0.00269      843.29756        0.14676
        4.34000        0.00047      927.58796        0.13441
        4.35000        0.00515      814.53294        0.13209
        4.36000        0.00016      832.47599        0.13465
        4.37000        0.00055      797.96328        0.13630
        4.38000        0.00029      852.30941        0.14528
        4.39000        0.00299      869.10087        0.13278
        4.40000        0.00216      898.71399        0.13566
        4.41000        0.00468      810.78842        0.13114
        4.42000        0.00273      829.64635        0.12654
        4.43000        0.00469      818.18516        0.13098
        4.44000        0.00076      779.43464        0.13003
        4.45000        0.00454      752.92021        0.13455
        4.46000        0.00132      738.51387        0.12687
        4.47000        0.00001      767.60526        0.12621
        4.48000        0.00158      857.59530        0.12920
        4.49000        0.00345      713.65569        0.12994
        4.50000        0.00014      816.16908        0.12882
        4.51000        0.00256      779.98553        0.12358
        4.52000        0.00063      730.39743        0.12347
        4.53000        0.00210      764.36881        0.12673
        4.54000        0.00208      751.02085        0.11850
        4.55000        0.00000      834.46473        0.12356
        4.56000        0.00034      693.22030        0.11832
        4.57000        0.00113      757.73156        0.12509
        4.58000        0.00474      733.15620        0.12213
        4.59000        0.00378      759.40208        0.11903
        4.60000        0.00074      708.69192        0.11914
        4.61000        0.00098      732.85038        0.12058
        4.62000        0.00223      730.22298        0.12172
        4.63000        0.00172      713.17070        0.11588
        4.64000        0.00155      776.78253        0.11916
        4.65000        0.00017      741.34429        0.11807
        4.66000        0.00005      662.76989        0.11024
        4.67000        0.00653      717.38478        0.11828
        4.68000        0.00032      678.92867        0.11428
        4.69000        0.00267      635.45555        0.11496
        4.70000        0.00163      683.80245        0.10944
        4.71000        0.00186      627.52195        0.11309
        4.72000        0.00103      736.64777        0.11106
        4.73000        0.00148      683.02864        0.11407
        4.74000        0.00021      628.04850        0.11344
        4.75000        0.00076      633.65204        0.11282
        4.76000        0.00399      667.27935        0.11011
        4.77000        0.00170      656.56570        0.11151
        4.78000        0.00236      645.88674        0.10872
        4.79000        0.00017      658.25043        0.10822
        4.80000        0.00118      651.76653        0.10850
        4.81000        0.00359      671.87753        0.10926
        4.82000        0.00442      623.45500        0.10972
        4.83000        0.00030      659.33954        0.10863
        4.84000        0.00223      631.51921        0.10405
        4.85000        0.00151      611.89006        0.10385
        4.86000        0.00083      614.59192        0.10549
        4.87000        0.00237      616.67562        0.10194
        4.88000        0.00226      570.75830        0.09873
        4.89000        0.00089      612.72843        0.09977
        4.90000        0.00255      612.30075        0.10032
        4.91000        0.00226      643.10452        0.10048
        4.92000        0.00156      633.40331        0.10070
        4.93000        0.00431      591.05675        0.09839
        4.94000        0.00470      596.53575        0.09994
        4.95000        0.00038      625.44878        0.09744
        4.96000        0.00026      605.88819        0.09712
        4.97000        0.00478      582.30423        0.10172
        4.98000        0.00043      590.83962        0.09501
        4.99000        0.00301      570.24146        0.10079
        5.00000        0.00056      607.88991        0.09887
