    #    0.768744
    #    1.656405
    #    2.100248
    0.000000  -21.273183
    0.015689  -21.273150
    0.031377  -21.273051
    0.047066  -21.272893
    0.062755  -21.272668
    0.078443  -21.272378
    0.094132  -21.272026
    0.109821  -21.271609
    0.125509  -21.271128
    0.141198  -21.270582
    0.156887  -21.269973
    0.172575  -21.269305
    0.188264  -21.268573
    0.203953  -21.267783
    0.219641  -21.266928
    0.235330  -21.266016
    0.251018  -21.265048
    0.266707  -21.264018
    0.282396  -21.262935
    0.298085  -21.261794
    0.313773  -21.260600
    0.329462  -21.259353
    0.345150  -21.258060
    0.360839  -21.256717
    0.376528  -21.255330
    0.392216  -21.253898
    0.407905  -21.252432
    0.423594  -21.250932
    0.439282  -21.249400
    0.454971  -21.247842
    0.470660  -21.246266
    0.486348  -21.244673
    0.502037  -21.243072
    0.517726  -21.241468
    0.533414  -21.239873
    0.549103  -21.238294
    0.564792  -21.236742
    0.580480  -21.235226
    0.596169  -21.233759
    0.611858  -21.232350
    0.627546  -21.231016
    0.643235  -21.229770
    0.658924  -21.228623
    0.674612  -21.227591
    0.690301  -21.226690
    0.705990  -21.225931
    0.721678  -21.225328
    0.737367  -21.224889
    0.753056  -21.224623
    0.768744  -21.224542
    0.768744  -21.224542
    0.786860  -21.224649
    0.804975  -21.225005
    0.823091  -21.225592
    0.841206  -21.226401
    0.859322  -21.227421
    0.877437  -21.228637
    0.895553  -21.230036
    0.913668  -21.231602
    0.931784  -21.233317
    0.949899  -21.235171
    0.968015  -21.237146
    0.986130  -21.239227
    1.004246  -21.241400
    1.022361  -21.243656
    1.040477  -21.245978
    1.058592  -21.248365
    1.076708  -21.250801
    1.094824  -21.253277
    1.112939  -21.255783
    1.131055  -21.258313
    1.149170  -21.260859
    1.167286  -21.263416
    1.185401  -21.265973
    1.203517  -21.268524
    1.221632  -21.271061
    1.239748  -21.273581
    1.257863  -21.276070
    1.275979  -21.278524
    1.294094  -21.280936
    1.312210  -21.283300
    1.330325  -21.285606
    1.348441  -21.287848
    1.366556  -21.290015
    1.384672  -21.292102
    1.402787  -21.294102
    1.420903  -21.296006
    1.439018  -21.297806
    1.457134  -21.299499
    1.475249  -21.301073
    1.493365  -21.302525
    1.511481  -21.303846
    1.529596  -21.305031
    1.547712  -21.306074
    1.565827  -21.306966
    1.583943  -21.307707
    1.602058  -21.308291
    1.620174  -21.308708
    1.638289  -21.308962
    1.656405  -21.309049
    1.656405  -21.309049
    1.665463  -21.309027
    1.674521  -21.308962
    1.683579  -21.308853
    1.692637  -21.308703
    1.701695  -21.308510
    1.710753  -21.308271
    1.719811  -21.307988
    1.728869  -21.307663
    1.737927  -21.307292
    1.746985  -21.306880
    1.756043  -21.306424
    1.765101  -21.305929
    1.774159  -21.305388
    1.783217  -21.304803
    1.792275  -21.304177
    1.801333  -21.303511
    1.810391  -21.302804
    1.819449  -21.302056
    1.828507  -21.301270
    1.837565  -21.300446
    1.846623  -21.299584
    1.855681  -21.298686
    1.864739  -21.297753
    1.873797  -21.296785
    1.882855  -21.295785
    1.891913  -21.294757
    1.900972  -21.293700
    1.910029  -21.292617
    1.919087  -21.291507
    1.928146  -21.290378
    1.937204  -21.289229
    1.946262  -21.288067
    1.955320  -21.286894
    1.964378  -21.285715
    1.973436  -21.284535
    1.982494  -21.283358
    1.991552  -21.282191
    2.000610  -21.281045
    2.009668  -21.279927
    2.018726  -21.278844
    2.027784  -21.277813
    2.036842  -21.276846
    2.045900  -21.275956
    2.054958  -21.275161
    2.064016  -21.274479
    2.073074  -21.273927
    2.082132  -21.273520
    2.091190  -21.273273
    2.100248  -21.273189

    0.000000  -21.237121
    0.015689  -21.237144
    0.031377  -21.237217
    0.047066  -21.237330
    0.062755  -21.237482
    0.078443  -21.237670
    0.094132  -21.237885
    0.109821  -21.238122
    0.125509  -21.238374
    0.141198  -21.238634
    0.156887  -21.238893
    0.172575  -21.239145
    0.188264  -21.239382
    0.203953  -21.239599
    0.219641  -21.239788
    0.235330  -21.239942
    0.251018  -21.240056
    0.266707  -21.240123
    0.282396  -21.240146
    0.298085  -21.240115
    0.313773  -21.240030
    0.329462  -21.239889
    0.345150  -21.239691
    0.360839  -21.239434
    0.376528  -21.239116
    0.392216  -21.238743
    0.407905  -21.238315
    0.423594  -21.237827
    0.439282  -21.237285
    0.454971  -21.236689
    0.470660  -21.236048
    0.486348  -21.235363
    0.502037  -21.234642
    0.517726  -21.233885
    0.533414  -21.233104
    0.549103  -21.232304
    0.564792  -21.231499
    0.580480  -21.230686
    0.596169  -21.229885
    0.611858  -21.229097
    0.627546  -21.228342
    0.643235  -21.227627
    0.658924  -21.226960
    0.674612  -21.226357
    0.690301  -21.225825
    0.705990  -21.225373
    0.721678  -21.225016
    0.737367  -21.224752
    0.753056  -21.224591
    0.768744  -21.224530
    0.768744  -21.224530
    0.786860  -21.224613
    0.804975  -21.224825
    0.823091  -21.225167
    0.841206  -21.225625
    0.859322  -21.226184
    0.877437  -21.226823
    0.895553  -21.227516
    0.913668  -21.228242
    0.931784  -21.228977
    0.949899  -21.229700
    0.968015  -21.230391
    0.986130  -21.231028
    1.004246  -21.231592
    1.022361  -21.232071
    1.040477  -21.232443
    1.058592  -21.232711
    1.076708  -21.232854
    1.094824  -21.232866
    1.112939  -21.232739
    1.131055  -21.232468
    1.149170  -21.232052
    1.167286  -21.231486
    1.185401  -21.230769
    1.203517  -21.229902
    1.221632  -21.228884
    1.239748  -21.227723
    1.257863  -21.226415
    1.275979  -21.224969
    1.294094  -21.223390
    1.312210  -21.221689
    1.330325  -21.219869
    1.348441  -21.217939
    1.366556  -21.215906
    1.384672  -21.213783
    1.402787  -21.211581
    1.420903  -21.209311
    1.439018  -21.206986
    1.457134  -21.204621
    1.475249  -21.202227
    1.493365  -21.199819
    1.511481  -21.197411
    1.529596  -21.195017
    1.547712  -21.192645
    1.565827  -21.190310
    1.583943  -21.188028
    1.602058  -21.185807
    1.620174  -21.183654
    1.638289  -21.181584
    1.656405  -21.179746
    1.656405  -21.179746
    1.665463  -21.180572
    1.674521  -21.181554
    1.683579  -21.182552
    1.692637  -21.183567
    1.701695  -21.184596
    1.710753  -21.185641
    1.719811  -21.186702
    1.728869  -21.187781
    1.737927  -21.188878
    1.746985  -21.189993
    1.756043  -21.191128
    1.765101  -21.192284
    1.774159  -21.193459
    1.783217  -21.194655
    1.792275  -21.195872
    1.801333  -21.197112
    1.810391  -21.198373
    1.819449  -21.199655
    1.828507  -21.200959
    1.837565  -21.202284
    1.846623  -21.203631
    1.855681  -21.204998
    1.864739  -21.206383
    1.873797  -21.207787
    1.882855  -21.209206
    1.891913  -21.210643
    1.900972  -21.212094
    1.910029  -21.213557
    1.919087  -21.215026
    1.928146  -21.216504
    1.937204  -21.217984
    1.946262  -21.219465
    1.955320  -21.220941
    1.964378  -21.222408
    1.973436  -21.223862
    1.982494  -21.225293
    1.991552  -21.226697
    2.000610  -21.228064
    2.009668  -21.229387
    2.018726  -21.230651
    2.027784  -21.231848
    2.036842  -21.232962
    2.045900  -21.233979
    2.054958  -21.234882
    2.064016  -21.235653
    2.073074  -21.236276
    2.082132  -21.236735
    2.091190  -21.237016
    2.100248  -21.237110

    0.000000  -21.158556
    0.015689  -21.158472
    0.031377  -21.158219
    0.047066  -21.157801
    0.062755  -21.157223
    0.078443  -21.156492
    0.094132  -21.155615
    0.109821  -21.154598
    0.125509  -21.153453
    0.141198  -21.152191
    0.156887  -21.150822
    0.172575  -21.149357
    0.188264  -21.147808
    0.203953  -21.146186
    0.219641  -21.144500
    0.235330  -21.142763
    0.251018  -21.140984
    0.266707  -21.139173
    0.282396  -21.137341
    0.298085  -21.135497
    0.313773  -21.133650
    0.329462  -21.131810
    0.345150  -21.129988
    0.360839  -21.128189
    0.376528  -21.126424
    0.392216  -21.124705
    0.407905  -21.123043
    0.423594  -21.121450
    0.439282  -21.119940
    0.454971  -21.118532
    0.470660  -21.117250
    0.486348  -21.116124
    0.502037  -21.115201
    0.517726  -21.114526
    0.533414  -21.114157
    0.549103  -21.114128
    0.564792  -21.114443
    0.580480  -21.115051
    0.596169  -21.115881
    0.611858  -21.116850
    0.627546  -21.117887
    0.643235  -21.118935
    0.658924  -21.119946
    0.674612  -21.120887
    0.690301  -21.121728
    0.705990  -21.122447
    0.721678  -21.123027
    0.737367  -21.123449
    0.753056  -21.123707
    0.768744  -21.123795
    0.768744  -21.123795
    0.786860  -21.123679
    0.804975  -21.123335
    0.823091  -21.122773
    0.841206  -21.122006
    0.859322  -21.121057
    0.877437  -21.119956
    0.895553  -21.118743
    0.913668  -21.117469
    0.931784  -21.116214
    0.949899  -21.115084
    0.968015  -21.114221
    0.986130  -21.113771
    1.004246  -21.113821
    1.022361  -21.114357
    1.040477  -21.115289
    1.058592  -21.116523
    1.076708  -21.117980
    1.094824  -21.119600
    1.112939  -21.121346
    1.131055  -21.123189
    1.149170  -21.125107
    1.167286  -21.127082
    1.185401  -21.129098
    1.203517  -21.131147
    1.221632  -21.133216
    1.239748  -21.135299
    1.257863  -21.137384
    1.275979  -21.139465
    1.294094  -21.141538
    1.312210  -21.143598
    1.330325  -21.145641
    1.348441  -21.147662
    1.366556  -21.149660
    1.384672  -21.151633
    1.402787  -21.153580
    1.420903  -21.155503
    1.439018  -21.157402
    1.457134  -21.159280
    1.475249  -21.161136
    1.493365  -21.162975
    1.511481  -21.164802
    1.529596  -21.166622
    1.547712  -21.168435
    1.565827  -21.170251
    1.583943  -21.172075
    1.602058  -21.173913
    1.620174  -21.175769
    1.638289  -21.177652
    1.656405  -21.179425
    1.656405  -21.179425
    1.665463  -21.178616
    1.674521  -21.177686
    1.683579  -21.176774
    1.692637  -21.175888
    1.701695  -21.175025
    1.710753  -21.174186
    1.719811  -21.173373
    1.728869  -21.172584
    1.737927  -21.171819
    1.746985  -21.171081
    1.756043  -21.170369
    1.765101  -21.169684
    1.774159  -21.169019
    1.783217  -21.168379
    1.792275  -21.167765
    1.801333  -21.167175
    1.810391  -21.166607
    1.819449  -21.166064
    1.828507  -21.165543
    1.837565  -21.165044
    1.846623  -21.164567
    1.855681  -21.164112
    1.864739  -21.163677
    1.873797  -21.163263
    1.882855  -21.162868
    1.891913  -21.162495
    1.900972  -21.162142
    1.910029  -21.161806
    1.919087  -21.161487
    1.928146  -21.161189
    1.937204  -21.160907
    1.946262  -21.160643
    1.955320  -21.160397
    1.964378  -21.160168
    1.973436  -21.159957
    1.982494  -21.159762
    1.991552  -21.159580
    2.000610  -21.159416
    2.009668  -21.159266
    2.018726  -21.159129
    2.027784  -21.159006
    2.036842  -21.158900
    2.045900  -21.158808
    2.054958  -21.158730
    2.064016  -21.158666
    2.073074  -21.158617
    2.082132  -21.158584
    2.091190  -21.158564
    2.100248  -21.158557

    0.000000  -21.083377
    0.015689  -21.083376
    0.031377  -21.083376
    0.047066  -21.083377
    0.062755  -21.083377
    0.078443  -21.083385
    0.094132  -21.083396
    0.109821  -21.083415
    0.125509  -21.083445
    0.141198  -21.083489
    0.156887  -21.083552
    0.172575  -21.083637
    0.188264  -21.083752
    0.203953  -21.083900
    0.219641  -21.084088
    0.235330  -21.084321
    0.251018  -21.084606
    0.266707  -21.084945
    0.282396  -21.085351
    0.298085  -21.085825
    0.313773  -21.086374
    0.329462  -21.086999
    0.345150  -21.087708
    0.360839  -21.088499
    0.376528  -21.089372
    0.392216  -21.090327
    0.407905  -21.091354
    0.423594  -21.092445
    0.439282  -21.093583
    0.454971  -21.094748
    0.470660  -21.095911
    0.486348  -21.097034
    0.502037  -21.098151
    0.517726  -21.100482
    0.533414  -21.102779
    0.549103  -21.105032
    0.564792  -21.107227
    0.580480  -21.109353
    0.596169  -21.111392
    0.611858  -21.113329
    0.627546  -21.115152
    0.643235  -21.116841
    0.658924  -21.118383
    0.674612  -21.119759
    0.690301  -21.120955
    0.705990  -21.121956
    0.721678  -21.122752
    0.737367  -21.123328
    0.753056  -21.123677
    0.768744  -21.123794
    0.768744  -21.123794
    0.786860  -21.123638
    0.804975  -21.123174
    0.823091  -21.122413
    0.841206  -21.121373
    0.859322  -21.120076
    0.877437  -21.118548
    0.895553  -21.116820
    0.913668  -21.114923
    0.931784  -21.112888
    0.949899  -21.110745
    0.968015  -21.108525
    0.986130  -21.106257
    1.004246  -21.103968
    1.022361  -21.101681
    1.040477  -21.099415
    1.058592  -21.097193
    1.076708  -21.095028
    1.094824  -21.092929
    1.112939  -21.090905
    1.131055  -21.088961
    1.149170  -21.087101
    1.167286  -21.085326
    1.185401  -21.083627
    1.203517  -21.082006
    1.221632  -21.080453
    1.239748  -21.078961
    1.257863  -21.077518
    1.275979  -21.076115
    1.294094  -21.074742
    1.312210  -21.073386
    1.330325  -21.072035
    1.348441  -21.070678
    1.366556  -21.069298
    1.384672  -21.067890
    1.402787  -21.066440
    1.420903  -21.064934
    1.439018  -21.063363
    1.457134  -21.061718
    1.475249  -21.059983
    1.493365  -21.058153
    1.511481  -21.056219
    1.529596  -21.054177
    1.547712  -21.052022
    1.565827  -21.049754
    1.583943  -21.047381
    1.602058  -21.044922
    1.620174  -21.042418
    1.638289  -21.039983
    1.656405  -21.037966
    1.656405  -21.037966
    1.665463  -21.038803
    1.674521  -21.039771
    1.683579  -21.040803
    1.692637  -21.041895
    1.701695  -21.043039
    1.710753  -21.044230
    1.719811  -21.045462
    1.728869  -21.046729
    1.737927  -21.048026
    1.746985  -21.049348
    1.756043  -21.050690
    1.765101  -21.052047
    1.774159  -21.053411
    1.783217  -21.054778
    1.792275  -21.056147
    1.801333  -21.057512
    1.810391  -21.058867
    1.819449  -21.060210
    1.828507  -21.061536
    1.837565  -21.062843
    1.846623  -21.064127
    1.855681  -21.065384
    1.864739  -21.066613
    1.873797  -21.067810
    1.882855  -21.068972
    1.891913  -21.070100
    1.900972  -21.071190
    1.910029  -21.072240
    1.919087  -21.073247
    1.928146  -21.074212
    1.937204  -21.075132
    1.946262  -21.076009
    1.955320  -21.076839
    1.964378  -21.077623
    1.973436  -21.078359
    1.982494  -21.079046
    1.991552  -21.079683
    2.000610  -21.080272
    2.009668  -21.080811
    2.018726  -21.081297
    2.027784  -21.081732
    2.036842  -21.082118
    2.045900  -21.082452
    2.054958  -21.082734
    2.064016  -21.082965
    2.073074  -21.083145
    2.082132  -21.083275
    2.091190  -21.083353
    2.100248  -21.083379

    0.000000  -21.050709
    0.015689  -21.050760
    0.031377  -21.050916
    0.047066  -21.051179
    0.062755  -21.051545
    0.078443  -21.052016
    0.094132  -21.052592
    0.109821  -21.053275
    0.125509  -21.054058
    0.141198  -21.054947
    0.156887  -21.055938
    0.172575  -21.057032
    0.188264  -21.058228
    0.203953  -21.059525
    0.219641  -21.060918
    0.235330  -21.062409
    0.251018  -21.063995
    0.266707  -21.065668
    0.282396  -21.067431
    0.298085  -21.069275
    0.313773  -21.071198
    0.329462  -21.073193
    0.345150  -21.075258
    0.360839  -21.077383
    0.376528  -21.079565
    0.392216  -21.081797
    0.407905  -21.084072
    0.423594  -21.086381
    0.439282  -21.088717
    0.454971  -21.091071
    0.470660  -21.093436
    0.486348  -21.095798
    0.502037  -21.098070
    0.517726  -21.098953
    0.533414  -21.099622
    0.549103  -21.100029
    0.564792  -21.100159
    0.580480  -21.100044
    0.596169  -21.099746
    0.611858  -21.099328
    0.627546  -21.098849
    0.643235  -21.098352
    0.658924  -21.097865
    0.674612  -21.097414
    0.690301  -21.097011
    0.705990  -21.096670
    0.721678  -21.096398
    0.737367  -21.096197
    0.753056  -21.096077
    0.768744  -21.096037
    0.768744  -21.096037
    0.786860  -21.096090
    0.804975  -21.096252
    0.823091  -21.096515
    0.841206  -21.096874
    0.859322  -21.097316
    0.877437  -21.097824
    0.895553  -21.098375
    0.913668  -21.098926
    0.931784  -21.099409
    0.949899  -21.099736
    0.968015  -21.099771
    0.986130  -21.099376
    1.004246  -21.098476
    1.022361  -21.097090
    1.040477  -21.095310
    1.058592  -21.093243
    1.076708  -21.090966
    1.094824  -21.088540
    1.112939  -21.086004
    1.131055  -21.083388
    1.149170  -21.080717
    1.167286  -21.078007
    1.185401  -21.075270
    1.203517  -21.072524
    1.221632  -21.069773
    1.239748  -21.067037
    1.257863  -21.064314
    1.275979  -21.061619
    1.294094  -21.058964
    1.312210  -21.056361
    1.330325  -21.053817
    1.348441  -21.051343
    1.366556  -21.048951
    1.384672  -21.046656
    1.402787  -21.044473
    1.420903  -21.042422
    1.439018  -21.040518
    1.457134  -21.038786
    1.475249  -21.037247
    1.493365  -21.035930
    1.511481  -21.034860
    1.529596  -21.034070
    1.547712  -21.033584
    1.565827  -21.033425
    1.583943  -21.033616
    1.602058  -21.034164
    1.620174  -21.035067
    1.638289  -21.036320
    1.656405  -21.037833
    1.656405  -21.037833
    1.665463  -21.037165
    1.674521  -21.036736
    1.683579  -21.036611
    1.692637  -21.036729
    1.701695  -21.037006
    1.710753  -21.037382
    1.719811  -21.037816
    1.728869  -21.038288
    1.737927  -21.038778
    1.746985  -21.039281
    1.756043  -21.039788
    1.765101  -21.040297
    1.774159  -21.040802
    1.783217  -21.041300
    1.792275  -21.041790
    1.801333  -21.042276
    1.810391  -21.042750
    1.819449  -21.043213
    1.828507  -21.043667
    1.837565  -21.044111
    1.846623  -21.044541
    1.855681  -21.044959
    1.864739  -21.045362
    1.873797  -21.045754
    1.882855  -21.046132
    1.891913  -21.046498
    1.900972  -21.046849
    1.910029  -21.047188
    1.919087  -21.047509
    1.928146  -21.047816
    1.937204  -21.048108
    1.946262  -21.048387
    1.955320  -21.048649
    1.964378  -21.048898
    1.973436  -21.049132
    1.982494  -21.049348
    1.991552  -21.049548
    2.000610  -21.049733
    2.009668  -21.049904
    2.018726  -21.050057
    2.027784  -21.050193
    2.036842  -21.050313
    2.045900  -21.050418
    2.054958  -21.050505
    2.064016  -21.050578
    2.073074  -21.050637
    2.082132  -21.050679
    2.091190  -21.050705
    2.100248  -21.050713

    0.000000  -20.968579
    0.015689  -20.968650
    0.031377  -20.968864
    0.047066  -20.969219
    0.062755  -20.969715
    0.078443  -20.970350
    0.094132  -20.971121
    0.109821  -20.972025
    0.125509  -20.973057
    0.141198  -20.974214
    0.156887  -20.975486
    0.172575  -20.976866
    0.188264  -20.978344
    0.203953  -20.979908
    0.219641  -20.981546
    0.235330  -20.983241
    0.251018  -20.984983
    0.266707  -20.986749
    0.282396  -20.988533
    0.298085  -20.990315
    0.313773  -20.992083
    0.329462  -20.993822
    0.345150  -20.995523
    0.360839  -20.997172
    0.376528  -20.998759
    0.392216  -21.000279
    0.407905  -21.001723
    0.423594  -21.003087
    0.439282  -21.004368
    0.454971  -21.005566
    0.470660  -21.006681
    0.486348  -21.007713
    0.502037  -21.008668
    0.517726  -21.009544
    0.533414  -21.010348
    0.549103  -21.011083
    0.564792  -21.011754
    0.580480  -21.012362
    0.596169  -21.012913
    0.611858  -21.013408
    0.627546  -21.013850
    0.643235  -21.014243
    0.658924  -21.014586
    0.674612  -21.014882
    0.690301  -21.015131
    0.705990  -21.015334
    0.721678  -21.015492
    0.737367  -21.015604
    0.753056  -21.015672
    0.768744  -21.015695
    0.768744  -21.015695
    0.786860  -21.015664
    0.804975  -21.015574
    0.823091  -21.015425
    0.841206  -21.015214
    0.859322  -21.014944
    0.877437  -21.014613
    0.895553  -21.014223
    0.913668  -21.013775
    0.931784  -21.013268
    0.949899  -21.012709
    0.968015  -21.012098
    0.986130  -21.011444
    1.004246  -21.010752
    1.022361  -21.010032
    1.040477  -21.009293
    1.058592  -21.008554
    1.076708  -21.007827
    1.094824  -21.007131
    1.112939  -21.006481
    1.131055  -21.005901
    1.149170  -21.005413
    1.167286  -21.005031
    1.185401  -21.004768
    1.203517  -21.004643
    1.221632  -21.004661
    1.239748  -21.004830
    1.257863  -21.005147
    1.275979  -21.005610
    1.294094  -21.006214
    1.312210  -21.006952
    1.330325  -21.007810
    1.348441  -21.008777
    1.366556  -21.009839
    1.384672  -21.010987
    1.402787  -21.012206
    1.420903  -21.013485
    1.439018  -21.014815
    1.457134  -21.016186
    1.475249  -21.017583
    1.493365  -21.018999
    1.511481  -21.020425
    1.529596  -21.021849
    1.547712  -21.023263
    1.565827  -21.024654
    1.583943  -21.026007
    1.602058  -21.027294
    1.620174  -21.028463
    1.638289  -21.029406
    1.656405  -21.029837
    1.656405  -21.029837
    1.665463  -21.029685
    1.674521  -21.029191
    1.683579  -21.028354
    1.692637  -21.027240
    1.701695  -21.025930
    1.710753  -21.024486
    1.719811  -21.022949
    1.728869  -21.021345
    1.737927  -21.019690
    1.746985  -21.017996
    1.756043  -21.016272
    1.765101  -21.014524
    1.774159  -21.012755
    1.783217  -21.010972
    1.792275  -21.009179
    1.801333  -21.007382
    1.810391  -21.005581
    1.819449  -21.003782
    1.828507  -21.001988
    1.837565  -21.000204
    1.846623  -20.998432
    1.855681  -20.996677
    1.864739  -20.994942
    1.873797  -20.993230
    1.882855  -20.991545
    1.891913  -20.989895
    1.900972  -20.988280
    1.910029  -20.986703
    1.919087  -20.985167
    1.928146  -20.983681
    1.937204  -20.982245
    1.946262  -20.980864
    1.955320  -20.979540
    1.964378  -20.978280
    1.973436  -20.977085
    1.982494  -20.975958
    1.991552  -20.974900
    2.000610  -20.973917
    2.009668  -20.973012
    2.018726  -20.972182
    2.027784  -20.971435
    2.036842  -20.970771
    2.045900  -20.970192
    2.054958  -20.969700
    2.064016  -20.969295
    2.073074  -20.968981
    2.082132  -20.968757
    2.091190  -20.968622
    2.100248  -20.968576

    0.000000  -20.948522
    0.015689  -20.948501
    0.031377  -20.948434
    0.047066  -20.948326
    0.062755  -20.948173
    0.078443  -20.947974
    0.094132  -20.947730
    0.109821  -20.947437
    0.125509  -20.947093
    0.141198  -20.946701
    0.156887  -20.946256
    0.172575  -20.945760
    0.188264  -20.945209
    0.203953  -20.944604
    0.219641  -20.943942
    0.235330  -20.943224
    0.251018  -20.942453
    0.266707  -20.941623
    0.282396  -20.940736
    0.298085  -20.939792
    0.313773  -20.938795
    0.329462  -20.937744
    0.345150  -20.936643
    0.360839  -20.935490
    0.376528  -20.934289
    0.392216  -20.933041
    0.407905  -20.931751
    0.423594  -20.930421
    0.439282  -20.929053
    0.454971  -20.927650
    0.470660  -20.926217
    0.486348  -20.924757
    0.502037  -20.923276
    0.517726  -20.921775
    0.533414  -20.920261
    0.549103  -20.918740
    0.564792  -20.917218
    0.580480  -20.915701
    0.596169  -20.914197
    0.611858  -20.912714
    0.627546  -20.911265
    0.643235  -20.909861
    0.658924  -20.908518
    0.674612  -20.907259
    0.690301  -20.906105
    0.705990  -20.905086
    0.721678  -20.904237
    0.737367  -20.903594
    0.753056  -20.903192
    0.768744  -20.903057
    0.768744  -20.903057
    0.786860  -20.903236
    0.804975  -20.903768
    0.823091  -20.904604
    0.841206  -20.905688
    0.859322  -20.906961
    0.877437  -20.908372
    0.895553  -20.909879
    0.913668  -20.911449
    0.931784  -20.913052
    0.949899  -20.914670
    0.968015  -20.916284
    0.986130  -20.917884
    1.004246  -20.919458
    1.022361  -20.920999
    1.040477  -20.922500
    1.058592  -20.923961
    1.076708  -20.925381
    1.094824  -20.926754
    1.112939  -20.928085
    1.131055  -20.929375
    1.149170  -20.930628
    1.167286  -20.931848
    1.185401  -20.933038
    1.203517  -20.934210
    1.221632  -20.935368
    1.239748  -20.936521
    1.257863  -20.937677
    1.275979  -20.938844
    1.294094  -20.940031
    1.312210  -20.941249
    1.330325  -20.942502
    1.348441  -20.943800
    1.366556  -20.945146
    1.384672  -20.946545
    1.402787  -20.947995
    1.420903  -20.949494
    1.439018  -20.951034
    1.457134  -20.952601
    1.475249  -20.954177
    1.493365  -20.955737
    1.511481  -20.957251
    1.529596  -20.958687
    1.547712  -20.960009
    1.565827  -20.961181
    1.583943  -20.962173
    1.602058  -20.962959
    1.620174  -20.963520
    1.638289  -20.963853
    1.656405  -20.963962
    1.656405  -20.963962
    1.665463  -20.963935
    1.674521  -20.963858
    1.683579  -20.963733
    1.692637  -20.963564
    1.701695  -20.963352
    1.710753  -20.963100
    1.719811  -20.962813
    1.728869  -20.962493
    1.737927  -20.962144
    1.746985  -20.961770
    1.756043  -20.961372
    1.765101  -20.960956
    1.774159  -20.960521
    1.783217  -20.960069
    1.792275  -20.959606
    1.801333  -20.959137
    1.810391  -20.958659
    1.819449  -20.958176
    1.828507  -20.957691
    1.837565  -20.957206
    1.846623  -20.956720
    1.855681  -20.956237
    1.864739  -20.955758
    1.873797  -20.955285
    1.882855  -20.954819
    1.891913  -20.954363
    1.900972  -20.953918
    1.910029  -20.953483
    1.919087  -20.953059
    1.928146  -20.952650
    1.937204  -20.952254
    1.946262  -20.951875
    1.955320  -20.951512
    1.964378  -20.951167
    1.973436  -20.950841
    1.982494  -20.950532
    1.991552  -20.950242
    2.000610  -20.949975
    2.009668  -20.949728
    2.018726  -20.949502
    2.027784  -20.949296
    2.036842  -20.949115
    2.045900  -20.948957
    2.054958  -20.948824
    2.064016  -20.948714
    2.073074  -20.948630
    2.082132  -20.948571
    2.091190  -20.948537
    2.100248  -20.948524

    0.000000  -20.908726
    0.015689  -20.908876
    0.031377  -20.909312
    0.047066  -20.909989
    0.062755  -20.910848
    0.078443  -20.911837
    0.094132  -20.912900
    0.109821  -20.913996
    0.125509  -20.915094
    0.141198  -20.916169
    0.156887  -20.917201
    0.172575  -20.918175
    0.188264  -20.919082
    0.203953  -20.919912
    0.219641  -20.920660
    0.235330  -20.921322
    0.251018  -20.921895
    0.266707  -20.922374
    0.282396  -20.922765
    0.298085  -20.923061
    0.313773  -20.923266
    0.329462  -20.923379
    0.345150  -20.923402
    0.360839  -20.923334
    0.376528  -20.923175
    0.392216  -20.922928
    0.407905  -20.922593
    0.423594  -20.922171
    0.439282  -20.921660
    0.454971  -20.921063
    0.470660  -20.920387
    0.486348  -20.919630
    0.502037  -20.918799
    0.517726  -20.917897
    0.533414  -20.916928
    0.549103  -20.915902
    0.564792  -20.914825
    0.580480  -20.913705
    0.596169  -20.912554
    0.611858  -20.911380
    0.627546  -20.910200
    0.643235  -20.909028
    0.658924  -20.907886
    0.674612  -20.906794
    0.690301  -20.905779
    0.705990  -20.904876
    0.721678  -20.904120
    0.737367  -20.903542
    0.753056  -20.903179
    0.768744  -20.903053
    0.768744  -20.903053
    0.786860  -20.903221
    0.804975  -20.903701
    0.823091  -20.904454
    0.841206  -20.905432
    0.859322  -20.906582
    0.877437  -20.907858
    0.895553  -20.909220
    0.913668  -20.910634
    0.931784  -20.912074
    0.949899  -20.913519
    0.968015  -20.914946
    0.986130  -20.916340
    1.004246  -20.917680
    1.022361  -20.918953
    1.040477  -20.920136
    1.058592  -20.921223
    1.076708  -20.922193
    1.094824  -20.923030
    1.112939  -20.923723
    1.131055  -20.924259
    1.149170  -20.924628
    1.167286  -20.924824
    1.185401  -20.924841
    1.203517  -20.924682
    1.221632  -20.924351
    1.239748  -20.923859
    1.257863  -20.923219
    1.275979  -20.922444
    1.294094  -20.921555
    1.312210  -20.920575
    1.330325  -20.919523
    1.348441  -20.918417
    1.366556  -20.917275
    1.384672  -20.916117
    1.402787  -20.914959
    1.420903  -20.913815
    1.439018  -20.912696
    1.457134  -20.911613
    1.475249  -20.910571
    1.493365  -20.909580
    1.511481  -20.908640
    1.529596  -20.907753
    1.547712  -20.906919
    1.565827  -20.906137
    1.583943  -20.905408
    1.602058  -20.904728
    1.620174  -20.904092
    1.638289  -20.903505
    1.656405  -20.903075
    1.656405  -20.903075
    1.665463  -20.903230
    1.674521  -20.903465
    1.683579  -20.903702
    1.692637  -20.903931
    1.701695  -20.904152
    1.710753  -20.904363
    1.719811  -20.904567
    1.728869  -20.904763
    1.737927  -20.904951
    1.746985  -20.905132
    1.756043  -20.905306
    1.765101  -20.905475
    1.774159  -20.905637
    1.783217  -20.905794
    1.792275  -20.905945
    1.801333  -20.906093
    1.810391  -20.906235
    1.819449  -20.906374
    1.828507  -20.906508
    1.837565  -20.906640
    1.846623  -20.906766
    1.855681  -20.906889
    1.864739  -20.907009
    1.873797  -20.907125
    1.882855  -20.907236
    1.891913  -20.907346
    1.900972  -20.907453
    1.910029  -20.907557
    1.919087  -20.907654
    1.928146  -20.907749
    1.937204  -20.907841
    1.946262  -20.907930
    1.955320  -20.908014
    1.964378  -20.908096
    1.973436  -20.908174
    1.982494  -20.908246
    1.991552  -20.908314
    2.000610  -20.908378
    2.009668  -20.908437
    2.018726  -20.908490
    2.027784  -20.908537
    2.036842  -20.908580
    2.045900  -20.908617
    2.054958  -20.908647
    2.064016  -20.908674
    2.073074  -20.908695
    2.082132  -20.908710
    2.091190  -20.908720
    2.100248  -20.908723

    0.000000  -20.888107
    0.015689  -20.887946
    0.031377  -20.887482
    0.047066  -20.886755
    0.062755  -20.885821
    0.078443  -20.884738
    0.094132  -20.883551
    0.109821  -20.882302
    0.125509  -20.881021
    0.141198  -20.879735
    0.156887  -20.878460
    0.172575  -20.877217
    0.188264  -20.876018
    0.203953  -20.874869
    0.219641  -20.873782
    0.235330  -20.872762
    0.251018  -20.871815
    0.266707  -20.870946
    0.282396  -20.870160
    0.298085  -20.869459
    0.313773  -20.868845
    0.329462  -20.868321
    0.345150  -20.867890
    0.360839  -20.867551
    0.376528  -20.867307
    0.392216  -20.867157
    0.407905  -20.867100
    0.423594  -20.867137
    0.439282  -20.867265
    0.454971  -20.867480
    0.470660  -20.867784
    0.486348  -20.868173
    0.502037  -20.868646
    0.517726  -20.869196
    0.533414  -20.869819
    0.549103  -20.870511
    0.564792  -20.871267
    0.580480  -20.872080
    0.596169  -20.872940
    0.611858  -20.873836
    0.627546  -20.874759
    0.643235  -20.875693
    0.658924  -20.876621
    0.674612  -20.877521
    0.690301  -20.878369
    0.705990  -20.879137
    0.721678  -20.879789
    0.737367  -20.880289
    0.753056  -20.880606
    0.768744  -20.880715
    0.768744  -20.880715
    0.786860  -20.880571
    0.804975  -20.880155
    0.823091  -20.879514
    0.841206  -20.878705
    0.859322  -20.877784
    0.877437  -20.876804
    0.895553  -20.875809
    0.913668  -20.874832
    0.931784  -20.873903
    0.949899  -20.873039
    0.968015  -20.872259
    0.986130  -20.871579
    1.004246  -20.871007
    1.022361  -20.870557
    1.040477  -20.870230
    1.058592  -20.870040
    1.076708  -20.869985
    1.094824  -20.870070
    1.112939  -20.870295
    1.131055  -20.870660
    1.149170  -20.871166
    1.167286  -20.871807
    1.185401  -20.872577
    1.203517  -20.873473
    1.221632  -20.874487
    1.239748  -20.875612
    1.257863  -20.876835
    1.275979  -20.878144
    1.294094  -20.879527
    1.312210  -20.880973
    1.330325  -20.882466
    1.348441  -20.883987
    1.366556  -20.885519
    1.384672  -20.887048
    1.402787  -20.888555
    1.420903  -20.890030
    1.439018  -20.891457
    1.457134  -20.892827
    1.475249  -20.894127
    1.493365  -20.895355
    1.511481  -20.896501
    1.529596  -20.897567
    1.547712  -20.898551
    1.565827  -20.899455
    1.583943  -20.900283
    1.602058  -20.901037
    1.620174  -20.901719
    1.638289  -20.902335
    1.656405  -20.902775
    1.656405  -20.902775
    1.665463  -20.902617
    1.674521  -20.902374
    1.683579  -20.902125
    1.692637  -20.901878
    1.701695  -20.901636
    1.710753  -20.901395
    1.719811  -20.901158
    1.728869  -20.900923
    1.737927  -20.900687
    1.746985  -20.900453
    1.756043  -20.900219
    1.765101  -20.899984
    1.774159  -20.899746
    1.783217  -20.899501
    1.792275  -20.899255
    1.801333  -20.899005
    1.810391  -20.898748
    1.819449  -20.898482
    1.828507  -20.898210
    1.837565  -20.897931
    1.846623  -20.897640
    1.855681  -20.897339
    1.864739  -20.897027
    1.873797  -20.896703
    1.882855  -20.896366
    1.891913  -20.896017
    1.900972  -20.895656
    1.910029  -20.895282
    1.919087  -20.894893
    1.928146  -20.894494
    1.937204  -20.894083
    1.946262  -20.893662
    1.955320  -20.893232
    1.964378  -20.892795
    1.973436  -20.892355
    1.982494  -20.891910
    1.991552  -20.891469
    2.000610  -20.891033
    2.009668  -20.890609
    2.018726  -20.890196
    2.027784  -20.889806
    2.036842  -20.889442
    2.045900  -20.889111
    2.054958  -20.888816
    2.064016  -20.888568
    2.073074  -20.888369
    2.082132  -20.888223
    2.091190  -20.888136
    2.100248  -20.888106

    0.000000  -20.847793
    0.015689  -20.847806
    0.031377  -20.847847
    0.047066  -20.847920
    0.062755  -20.848016
    0.078443  -20.848141
    0.094132  -20.848295
    0.109821  -20.848480
    0.125509  -20.848693
    0.141198  -20.848938
    0.156887  -20.849213
    0.172575  -20.849521
    0.188264  -20.849862
    0.203953  -20.850236
    0.219641  -20.850645
    0.235330  -20.851090
    0.251018  -20.851573
    0.266707  -20.852094
    0.282396  -20.852651
    0.298085  -20.853245
    0.313773  -20.853876
    0.329462  -20.854545
    0.345150  -20.855255
    0.360839  -20.856002
    0.376528  -20.856787
    0.392216  -20.857612
    0.407905  -20.858477
    0.423594  -20.859377
    0.439282  -20.860315
    0.454971  -20.861288
    0.470660  -20.862297
    0.486348  -20.863336
    0.502037  -20.864410
    0.517726  -20.865509
    0.533414  -20.866636
    0.549103  -20.867785
    0.564792  -20.868954
    0.580480  -20.870138
    0.596169  -20.871328
    0.611858  -20.872517
    0.627546  -20.873697
    0.643235  -20.874856
    0.658924  -20.875980
    0.674612  -20.877048
    0.690301  -20.878037
    0.705990  -20.878920
    0.721678  -20.879665
    0.737367  -20.880233
    0.753056  -20.880591
    0.768744  -20.880713
    0.768744  -20.880713
    0.786860  -20.880550
    0.804975  -20.880076
    0.823091  -20.879328
    0.841206  -20.878359
    0.859322  -20.877214
    0.877437  -20.875938
    0.895553  -20.874565
    0.913668  -20.873122
    0.931784  -20.871629
    0.949899  -20.870099
    0.968015  -20.868544
    0.986130  -20.866974
    1.004246  -20.865393
    1.022361  -20.863807
    1.040477  -20.862217
    1.058592  -20.860629
    1.076708  -20.859042
    1.094824  -20.857456
    1.112939  -20.855873
    1.131055  -20.854291
    1.149170  -20.852713
    1.167286  -20.851138
    1.185401  -20.849562
    1.203517  -20.847991
    1.221632  -20.846421
    1.239748  -20.844855
    1.257863  -20.843290
    1.275979  -20.841731
    1.294094  -20.840179
    1.312210  -20.838638
    1.330325  -20.837112
    1.348441  -20.835603
    1.366556  -20.834114
    1.384672  -20.832654
    1.402787  -20.831228
    1.420903  -20.829845
    1.439018  -20.828512
    1.457134  -20.827238
    1.475249  -20.826029
    1.493365  -20.824900
    1.511481  -20.823855
    1.529596  -20.822904
    1.547712  -20.822056
    1.565827  -20.821318
    1.583943  -20.820701
    1.602058  -20.820210
    1.620174  -20.819851
    1.638289  -20.819631
    1.656405  -20.819558
    1.656405  -20.819558
    1.665463  -20.819576
    1.674521  -20.819633
    1.683579  -20.819726
    1.692637  -20.819860
    1.701695  -20.820031
    1.710753  -20.820240
    1.719811  -20.820487
    1.728869  -20.820774
    1.737927  -20.821099
    1.746985  -20.821463
    1.756043  -20.821865
    1.765101  -20.822305
    1.774159  -20.822781
    1.783217  -20.823293
    1.792275  -20.823841
    1.801333  -20.824426
    1.810391  -20.825045
    1.819449  -20.825696
    1.828507  -20.826380
    1.837565  -20.827097
    1.846623  -20.827841
    1.855681  -20.828613
    1.864739  -20.829411
    1.873797  -20.830233
    1.882855  -20.831077
    1.891913  -20.831943
    1.900972  -20.832826
    1.910029  -20.833724
    1.919087  -20.834632
    1.928146  -20.835548
    1.937204  -20.836470
    1.946262  -20.837393
    1.955320  -20.838312
    1.964378  -20.839224
    1.973436  -20.840125
    1.982494  -20.841005
    1.991552  -20.841860
    2.000610  -20.842687
    2.009668  -20.843476
    2.018726  -20.844220
    2.027784  -20.844912
    2.036842  -20.845547
    2.045900  -20.846115
    2.054958  -20.846609
    2.064016  -20.847025
    2.073074  -20.847357
    2.082132  -20.847598
    2.091190  -20.847746
    2.100248  -20.847794

    0.000000   -8.027876
    0.015689   -8.031405
    0.031377   -8.041848
    0.047066   -8.058784
    0.062755   -8.081586
    0.078443   -8.109516
    0.094132   -8.141791
    0.109821   -8.177643
    0.125509   -8.216358
    0.141198   -8.257309
    0.156887   -8.299939
    0.172575   -8.343784
    0.188264   -8.388440
    0.203953   -8.433566
    0.219641   -8.478875
    0.235330   -8.524128
    0.251018   -8.569118
    0.266707   -8.613671
    0.282396   -8.657639
    0.298085   -8.700887
    0.313773   -8.743308
    0.329462   -8.784807
    0.345150   -8.825299
    0.360839   -8.864712
    0.376528   -8.902979
    0.392216   -8.940043
    0.407905   -8.975858
    0.423594   -9.010378
    0.439282   -9.043564
    0.454971   -9.075383
    0.470660   -9.105803
    0.486348   -9.134795
    0.502037   -9.162334
    0.517726   -9.188395
    0.533414   -9.212960
    0.549103   -9.236013
    0.564792   -9.257536
    0.580480   -9.277516
    0.596169   -9.295939
    0.611858   -9.312793
    0.627546   -9.328072
    0.643235   -9.341766
    0.658924   -9.353866
    0.674612   -9.364363
    0.690301   -9.373254
    0.705990   -9.380537
    0.721678   -9.386204
    0.737367   -9.390254
    0.753056   -9.392685
    0.768744   -9.393494
    0.768744   -9.393494
    0.786860   -9.392415
    0.804975   -9.389174
    0.823091   -9.383776
    0.841206   -9.376219
    0.859322   -9.366516
    0.877437   -9.354669
    0.895553   -9.340687
    0.913668   -9.324580
    0.931784   -9.306361
    0.949899   -9.286045
    0.968015   -9.263642
    0.986130   -9.239171
    1.004246   -9.212649
    1.022361   -9.184102
    1.040477   -9.153546
    1.058592   -9.121017
    1.076708   -9.086539
    1.094824   -9.050146
    1.112939   -9.011875
    1.131055   -8.971761
    1.149170   -8.929845
    1.167286   -8.886174
    1.185401   -8.840795
    1.203517   -8.793768
    1.221632   -8.745147
    1.239748   -8.695004
    1.257863   -8.643398
    1.275979   -8.590407
    1.294094   -8.536114
    1.312210   -8.480607
    1.330325   -8.423977
    1.348441   -8.366321
    1.366556   -8.307747
    1.384672   -8.248376
    1.402787   -8.188328
    1.420903   -8.127736
    1.439018   -8.066739
    1.457134   -8.005485
    1.475249   -7.944131
    1.493365   -7.882836
    1.511481   -7.821767
    1.529596   -7.761098
    1.547712   -7.701012
    1.565827   -7.641686
    1.583943   -7.583306
    1.602058   -7.526059
    1.620174   -7.470118
    1.638289   -7.415680
    1.656405   -7.364590
    1.656405   -7.364590
    1.665463   -7.388726
    1.674521   -7.414020
    1.683579   -7.438900
    1.692637   -7.463343
    1.701695   -7.487339
    1.710753   -7.510877
    1.719811   -7.533952
    1.728869   -7.556558
    1.737927   -7.578685
    1.746985   -7.600332
    1.756043   -7.621492
    1.765101   -7.642162
    1.774159   -7.662328
    1.783217   -7.681988
    1.792275   -7.701140
    1.801333   -7.719781
    1.810391   -7.737901
    1.819449   -7.755498
    1.828507   -7.772572
    1.837565   -7.789117
    1.846623   -7.805127
    1.855681   -7.820603
    1.864739   -7.835538
    1.873797   -7.849931
    1.882855   -7.863779
    1.891913   -7.877083
    1.900972   -7.889835
    1.910029   -7.902036
    1.919087   -7.913681
    1.928146   -7.924771
    1.937204   -7.935304
    1.946262   -7.945277
    1.955320   -7.954688
    1.964378   -7.963538
    1.973436   -7.971825
    1.982494   -7.979543
    1.991552   -7.986694
    2.000610   -7.993278
    2.009668   -7.999294
    2.018726   -8.004736
    2.027784   -8.009607
    2.036842   -8.013907
    2.045900   -8.017636
    2.054958   -8.020792
    2.064016   -8.023375
    2.073074   -8.025386
    2.082132   -8.026825
    2.091190   -8.027687
    2.100248   -8.027974

    0.000000   -6.757106
    0.015689   -6.753148
    0.031377   -6.741432
    0.047066   -6.722397
    0.062755   -6.696698
    0.078443   -6.665135
    0.094132   -6.628557
    0.109821   -6.587807
    0.125509   -6.543684
    0.141198   -6.496927
    0.156887   -6.448192
    0.172575   -6.398081
    0.188264   -6.347122
    0.203953   -6.295792
    0.219641   -6.244510
    0.235330   -6.193667
    0.251018   -6.143605
    0.266707   -6.094622
    0.282396   -6.047005
    0.298085   -6.000973
    0.313773   -5.956736
    0.329462   -5.914456
    0.345150   -5.874280
    0.360839   -5.836294
    0.376528   -5.800573
    0.392216   -5.767157
    0.407905   -5.736055
    0.423594   -5.707243
    0.439282   -5.680681
    0.454971   -5.656295
    0.470660   -5.634028
    0.486348   -5.613767
    0.502037   -5.595425
    0.517726   -5.578870
    0.533414   -5.563998
    0.549103   -5.550701
    0.564792   -5.538868
    0.580480   -5.528386
    0.596169   -5.519150
    0.611858   -5.511053
    0.627546   -5.504023
    0.643235   -5.497962
    0.658924   -5.492792
    0.674612   -5.488447
    0.690301   -5.484874
    0.705990   -5.482016
    0.721678   -5.479846
    0.737367   -5.478311
    0.753056   -5.477402
    0.768744   -5.477102
    0.768744   -5.477102
    0.786860   -5.477503
    0.804975   -5.478719
    0.823091   -5.480772
    0.841206   -5.483708
    0.859322   -5.487575
    0.877437   -5.492444
    0.895553   -5.498417
    0.913668   -5.505586
    0.931784   -5.514067
    0.949899   -5.523987
    0.968015   -5.535500
    0.986130   -5.548750
    1.004246   -5.563881
    1.022361   -5.581072
    1.040477   -5.600457
    1.058592   -5.622226
    1.076708   -5.646510
    1.094824   -5.673436
    1.112939   -5.703119
    1.131055   -5.735640
    1.149170   -5.771069
    1.167286   -5.809415
    1.185401   -5.850661
    1.203517   -5.894761
    1.221632   -5.941617
    1.239748   -5.991112
    1.257863   -6.043061
    1.275979   -6.097276
    1.294094   -6.153551
    1.312210   -6.211655
    1.330325   -6.271337
    1.348441   -6.332347
    1.366556   -6.394430
    1.384672   -6.457348
    1.402787   -6.520850
    1.420903   -6.584711
    1.439018   -6.648701
    1.457134   -6.712620
    1.475249   -6.776254
    1.493365   -6.839430
    1.511481   -6.901968
    1.529596   -6.963717
    1.547712   -7.024525
    1.565827   -7.084259
    1.583943   -7.142800
    1.602058   -7.200032
    1.620174   -7.255848
    1.638289   -7.310160
    1.656405   -7.361190
    1.656405   -7.361190
    1.665463   -7.337073
    1.674521   -7.311842
    1.683579   -7.287081
    1.692637   -7.262827
    1.701695   -7.239092
    1.710753   -7.215891
    1.719811   -7.193240
    1.728869   -7.171152
    1.737927   -7.149636
    1.746985   -7.128705
    1.756043   -7.108366
    1.765101   -7.088631
    1.774159   -7.069496
    1.783217   -7.050969
    1.792275   -7.033060
    1.801333   -7.015769
    1.810391   -6.999092
    1.819449   -6.983030
    1.828507   -6.967583
    1.837565   -6.952750
    1.846623   -6.938523
    1.855681   -6.924899
    1.864739   -6.911873
    1.873797   -6.899437
    1.882855   -6.887582
    1.891913   -6.876309
    1.900972   -6.865608
    1.910029   -6.855467
    1.919087   -6.845871
    1.928146   -6.836822
    1.937204   -6.828302
    1.946262   -6.820314
    1.955320   -6.812840
    1.964378   -6.805875
    1.973436   -6.799408
    1.982494   -6.793427
    1.991552   -6.787926
    2.000610   -6.782900
    2.009668   -6.778338
    2.018726   -6.774229
    2.027784   -6.770571
    2.036842   -6.767358
    2.045900   -6.764584
    2.054958   -6.762243
    2.064016   -6.760336
    2.073074   -6.758857
    2.082132   -6.757803
    2.091190   -6.757176
    2.100248   -6.756965

    0.000000   -3.122152
    0.015689   -3.121683
    0.031377   -3.120273
    0.047066   -3.117882
    0.062755   -3.114424
    0.078443   -3.109816
    0.094132   -3.103930
    0.109821   -3.096620
    0.125509   -3.087725
    0.141198   -3.077073
    0.156887   -3.064468
    0.172575   -3.049717
    0.188264   -3.032621
    0.203953   -3.012969
    0.219641   -2.990557
    0.235330   -2.965198
    0.251018   -2.936711
    0.266707   -2.904930
    0.282396   -2.869733
    0.298085   -2.831019
    0.313773   -2.788760
    0.329462   -2.743016
    0.345150   -2.694009
    0.360839   -2.642241
    0.376528   -2.588828
    0.392216   -2.536194
    0.407905   -2.489068
    0.423594   -2.453086
    0.439282   -2.428901
    0.454971   -2.412454
    0.470660   -2.400287
    0.486348   -2.390534
    0.502037   -2.382329
    0.517726   -2.375178
    0.533414   -2.368864
    0.549103   -2.363227
    0.564792   -2.358171
    0.580480   -2.353631
    0.596169   -2.349570
    0.611858   -2.345931
    0.627546   -2.342705
    0.643235   -2.339861
    0.658924   -2.337389
    0.674612   -2.335268
    0.690301   -2.333493
    0.705990   -2.332056
    0.721678   -2.330959
    0.737367   -2.330171
    0.753056   -2.329707
    0.768744   -2.329552
    0.768744   -2.329552
    0.786860   -2.329759
    0.804975   -2.330381
    0.823091   -2.331429
    0.841206   -2.332907
    0.859322   -2.334830
    0.877437   -2.337208
    0.895553   -2.340062
    0.913668   -2.343396
    0.931784   -2.347233
    0.949899   -2.351606
    0.968015   -2.356510
    0.986130   -2.361980
    1.004246   -2.368045
    1.022361   -2.374733
    1.040477   -2.382030
    1.058592   -2.390023
    1.076708   -2.398676
    1.094824   -2.408008
    1.112939   -2.418036
    1.131055   -2.428770
    1.149170   -2.440250
    1.167286   -2.500349
    1.185401   -2.559380
    1.203517   -2.612735
    1.221632   -2.660512
    1.239748   -2.702863
    1.257863   -2.739955
    1.275979   -2.772009
    1.294094   -2.799283
    1.312210   -2.822042
    1.330325   -2.840572
    1.348441   -2.855169
    1.366556   -2.866128
    1.384672   -2.873767
    1.402787   -2.878376
    1.420903   -2.880252
    1.439018   -2.879678
    1.457134   -2.876935
    1.475249   -2.872266
    1.493365   -2.865934
    1.511481   -2.858163
    1.529596   -2.849179
    1.547712   -2.839181
    1.565827   -2.828363
    1.583943   -2.816916
    1.602058   -2.804986
    1.620174   -2.792719
    1.638289   -2.780286
    1.656405   -2.768925
    1.656405   -2.768925
    1.665463   -2.774724
    1.674521   -2.782927
    1.683579   -2.792260
    1.692637   -2.802467
    1.701695   -2.813297
    1.710753   -2.824558
    1.719811   -2.836093
    1.728869   -2.847784
    1.737927   -2.859529
    1.746985   -2.871255
    1.756043   -2.882904
    1.765101   -2.894440
    1.774159   -2.905808
    1.783217   -2.916985
    1.792275   -2.927957
    1.801333   -2.938709
    1.810391   -2.949214
    1.819449   -2.959462
    1.828507   -2.969446
    1.837565   -2.979158
    1.846623   -2.988584
    1.855681   -2.997720
    1.864739   -3.006562
    1.873797   -3.015101
    1.882855   -3.023330
    1.891913   -3.031256
    1.900972   -3.038875
    1.910029   -3.046175
    1.919087   -3.053140
    1.928146   -3.059790
    1.937204   -3.066108
    1.946262   -3.072105
    1.955320   -3.077770
    1.964378   -3.083106
    1.973436   -3.088110
    1.982494   -3.092770
    1.991552   -3.097091
    2.000610   -3.101074
    2.009668   -3.104720
    2.018726   -3.108012
    2.027784   -3.110961
    2.036842   -3.113569
    2.045900   -3.115829
    2.054958   -3.117736
    2.064016   -3.119304
    2.073074   -3.120527
    2.082132   -3.121401
    2.091190   -3.121938
    2.100248   -3.122112

    0.000000   -2.594658
    0.015689   -2.594132
    0.031377   -2.592564
    0.047066   -2.589977
    0.062755   -2.586396
    0.078443   -2.581878
    0.094132   -2.576494
    0.109821   -2.570310
    0.125509   -2.563368
    0.141198   -2.555773
    0.156887   -2.547582
    0.172575   -2.538895
    0.188264   -2.529768
    0.203953   -2.520288
    0.219641   -2.510511
    0.235330   -2.500499
    0.251018   -2.490310
    0.266707   -2.479938
    0.282396   -2.469447
    0.298085   -2.458786
    0.313773   -2.447916
    0.329462   -2.436703
    0.345150   -2.424893
    0.360839   -2.411950
    0.376528   -2.396758
    0.392216   -2.376933
    0.407905   -2.347815
    0.423594   -2.303828
    0.439282   -2.244415
    0.454971   -2.173744
    0.470660   -2.095439
    0.486348   -2.011476
    0.502037   -1.922918
    0.517726   -1.830387
    0.533414   -1.734321
    0.549103   -1.635062
    0.564792   -1.532903
    0.580480   -1.428119
    0.596169   -1.320971
    0.611858   -1.211737
    0.627546   -1.100710
    0.643235   -0.988215
    0.658924   -0.874653
    0.674612   -0.760543
    0.690301   -0.646636
    0.705990   -0.534155
    0.721678   -0.425387
    0.737367   -0.325281
    0.753056   -0.245885
    0.768744   -0.212847
    0.768744   -0.212847
    0.786860   -0.255970
    0.804975   -0.354807
    0.823091   -0.475053
    0.841206   -0.603108
    0.859322   -0.733837
    0.877437   -0.864889
    0.895553   -0.994970
    0.913668   -1.123232
    0.931784   -1.249057
    0.949899   -1.371947
    0.968015   -1.491485
    0.986130   -1.607300
    1.004246   -1.719051
    1.022361   -1.826429
    1.040477   -1.929153
    1.058592   -2.026972
    1.076708   -2.119652
    1.094824   -2.206996
    1.112939   -2.288839
    1.131055   -2.365057
    1.149170   -2.435537
    1.167286   -2.452368
    1.185401   -2.465205
    1.203517   -2.478737
    1.221632   -2.492906
    1.239748   -2.507696
    1.257863   -2.523025
    1.275979   -2.538845
    1.294094   -2.555074
    1.312210   -2.571632
    1.330325   -2.588394
    1.348441   -2.605227
    1.366556   -2.621977
    1.384672   -2.638498
    1.402787   -2.654606
    1.420903   -2.670110
    1.439018   -2.684790
    1.457134   -2.698448
    1.475249   -2.710837
    1.493365   -2.721765
    1.511481   -2.731030
    1.529596   -2.738472
    1.547712   -2.744031
    1.565827   -2.747739
    1.583943   -2.749915
    1.602058   -2.751286
    1.620174   -2.753222
    1.638289   -2.757902
    1.656405   -2.766387
    1.656405   -2.766387
    1.665463   -2.761291
    1.674521   -2.755111
    1.683579   -2.748923
    1.692637   -2.742776
    1.701695   -2.736680
    1.710753   -2.730641
    1.719811   -2.724678
    1.728869   -2.718802
    1.737927   -2.713004
    1.746985   -2.707316
    1.756043   -2.701737
    1.765101   -2.696278
    1.774159   -2.690926
    1.783217   -2.685687
    1.792275   -2.680582
    1.801333   -2.675617
    1.810391   -2.670777
    1.819449   -2.666075
    1.828507   -2.661517
    1.837565   -2.657108
    1.846623   -2.652839
    1.855681   -2.648721
    1.864739   -2.644745
    1.873797   -2.640917
    1.882855   -2.637245
    1.891913   -2.633740
    1.900972   -2.630379
    1.910029   -2.627176
    1.919087   -2.624114
    1.928146   -2.621213
    1.937204   -2.618461
    1.946262   -2.615869
    1.955320   -2.613426
    1.964378   -2.611140
    1.973436   -2.609009
    1.982494   -2.607019
    1.991552   -2.605176
    2.000610   -2.603491
    2.009668   -2.601960
    2.018726   -2.600560
    2.027784   -2.599309
    2.036842   -2.598209
    2.045900   -2.597259
    2.054958   -2.596457
    2.064016   -2.595802
    2.073074   -2.595302
    2.082132   -2.594952
    2.091190   -2.594739
    2.100248   -2.594666

    0.000000   -1.392780
    0.015689   -1.391923
    0.031377   -1.389353
    0.047066   -1.385074
    0.062755   -1.379090
    0.078443   -1.371410
    0.094132   -1.362043
    0.109821   -1.351002
    0.125509   -1.338302
    0.141198   -1.323959
    0.156887   -1.307993
    0.172575   -1.290427
    0.188264   -1.271286
    0.203953   -1.250600
    0.219641   -1.228398
    0.235330   -1.204717
    0.251018   -1.179597
    0.266707   -1.153078
    0.282396   -1.125211
    0.298085   -1.096045
    0.313773   -1.065639
    0.329462   -1.034055
    0.345150   -1.001363
    0.360839   -0.967637
    0.376528   -0.932960
    0.392216   -0.897422
    0.407905   -0.861121
    0.423594   -0.824166
    0.439282   -0.786675
    0.454971   -0.748777
    0.470660   -0.710614
    0.486348   -0.672339
    0.502037   -0.634120
    0.517726   -0.596135
    0.533414   -0.558582
    0.549103   -0.521671
    0.564792   -0.485628
    0.580480   -0.450693
    0.596169   -0.417119
    0.611858   -0.385170
    0.627546   -0.355120
    0.643235   -0.327245
    0.658924   -0.301826
    0.674612   -0.279131
    0.690301   -0.259419
    0.705990   -0.242927
    0.721678   -0.229865
    0.737367   -0.220405
    0.753056   -0.214676
    0.768744   -0.212728
    0.768744   -0.212728
    0.786860   -0.215289
    0.804975   -0.222958
    0.823091   -0.235702
    0.841206   -0.253464
    0.859322   -0.276163
    0.877437   -0.303686
    0.895553   -0.335899
    0.913668   -0.372633
    0.931784   -0.413690
    0.949899   -0.458846
    0.968015   -0.507848
    0.986130   -0.560423
    1.004246   -0.616270
    1.022361   -0.675076
    1.040477   -0.736517
    1.058592   -0.800263
    1.076708   -0.865978
    1.094824   -0.933330
    1.112939   -1.001993
    1.131055   -1.071651
    1.149170   -1.141999
    1.167286   -1.212745
    1.185401   -1.283614
    1.203517   -1.354345
    1.221632   -1.424691
    1.239748   -1.494430
    1.257863   -1.563345
    1.275979   -1.631248
    1.294094   -1.697963
    1.312210   -1.763337
    1.330325   -1.827232
    1.348441   -1.889531
    1.366556   -1.950130
    1.384672   -2.008948
    1.402787   -2.065915
    1.420903   -2.120978
    1.439018   -2.174093
    1.457134   -2.225226
    1.475249   -2.274338
    1.493365   -2.321393
    1.511481   -2.366329
    1.529596   -2.409043
    1.547712   -2.449368
    1.565827   -2.486998
    1.583943   -2.521399
    1.602058   -2.551618
    1.620174   -2.576033
    1.638289   -2.592286
    1.656405   -2.598016
    1.656405   -2.598016
    1.665463   -2.596601
    1.674521   -2.592435
    1.683579   -2.585715
    1.692637   -2.576668
    1.701695   -2.565508
    1.710753   -2.552422
    1.719811   -2.537563
    1.728869   -2.521053
    1.737927   -2.502989
    1.746985   -2.483447
    1.756043   -2.462494
    1.765101   -2.440186
    1.774159   -2.416571
    1.783217   -2.391693
    1.792275   -2.365599
    1.801333   -2.338333
    1.810391   -2.309941
    1.819449   -2.280468
    1.828507   -2.249967
    1.837565   -2.218492
    1.846623   -2.186099
    1.855681   -2.152852
    1.864739   -2.118821
    1.873797   -2.084080
    1.882855   -2.048709
    1.891913   -2.012800
    1.900972   -1.976450
    1.910029   -1.939763
    1.919087   -1.902853
    1.928146   -1.865849
    1.937204   -1.828886
    1.946262   -1.792114
    1.955320   -1.755693
    1.964378   -1.719799
    1.973436   -1.684617
    1.982494   -1.650348
    1.991552   -1.617204
    2.000610   -1.585413
    2.009668   -1.555210
    2.018726   -1.526841
    2.027784   -1.500555
    2.036842   -1.476606
    2.045900   -1.455240
    2.054958   -1.436692
    2.064016   -1.421181
    2.073074   -1.408901
    2.082132   -1.400009
    2.091190   -1.394625
    2.100248   -1.392822

    0.000000    1.390697
    0.015689    1.391072
    0.031377    1.392195
    0.047066    1.394071
    0.062755    1.396711
    0.078443    1.400123
    0.094132    1.404321
    0.109821    1.409316
    0.125509    1.415123
    0.141198    1.421751
    0.156887    1.429208
    0.172575    1.437499
    0.188264    1.446618
    0.203953    1.456553
    0.219641    1.467281
    0.235330    1.478767
    0.251018    1.490954
    0.266707    1.503768
    0.282396    1.517109
    0.298085    1.530846
    0.313773    1.544814
    0.329462    1.558801
    0.345150    1.572542
    0.360839    1.585710
    0.376528    1.597901
    0.392216    1.608622
    0.407905    1.617276
    0.423594    1.623146
    0.439282    1.625392
    0.454971    1.623045
    0.470660    1.615029
    0.486348    1.600205
    0.502037    1.577446
    0.517726    1.545749
    0.533414    1.504355
    0.549103    1.452863
    0.564792    1.391292
    0.580480    1.320076
    0.596169    1.239988
    0.611858    1.152042
    0.627546    1.057379
    0.643235    0.957194
    0.658924    0.852686
    0.674612    0.745088
    0.690301    0.635749
    0.705990    0.526385
    0.721678    0.419663
    0.737367    0.320823
    0.753056    0.242110
    0.768744    0.209260
    0.768744    0.209260
    0.786860    0.252097
    0.804975    0.350049
    0.823091    0.468727
    0.841206    0.594396
    0.859322    0.721751
    0.877437    0.848269
    0.895553    0.972480
    0.913668    1.093426
    0.931784    1.210439
    0.949899    1.323086
    0.968015    1.431121
    0.986130    1.534485
    1.004246    1.633277
    1.022361    1.727730
    1.040477    1.818186
    1.058592    1.905052
    1.076708    1.988779
    1.094824    2.069828
    1.112939    2.148650
    1.131055    2.225666
    1.149170    2.301254
    1.167286    2.375749
    1.185401    2.449431
    1.203517    2.522521
    1.221632    2.595185
    1.239748    2.667522
    1.257863    2.739568
    1.275979    2.811275
    1.294094    2.882507
    1.312210    2.953014
    1.330325    3.022412
    1.348441    3.090148
    1.366556    3.155478
    1.384672    3.217453
    1.402787    3.274998
    1.420903    3.327073
    1.439018    3.372985
    1.457134    3.412669
    1.475249    3.446804
    1.493365    3.476577
    1.511481    3.503365
    1.529596    3.528436
    1.547712    3.552824
    1.565827    3.577255
    1.583943    3.602121
    1.602058    3.627401
    1.620174    3.652382
    1.638289    3.674985
    1.656405    3.688863
    1.656405    3.688863
    1.665463    3.684477
    1.674521    3.676630
    1.683579    3.666631
    1.692637    3.654361
    1.701695    3.639567
    1.710753    3.621936
    1.719811    3.601108
    1.728869    3.576693
    1.737927    3.548298
    1.746985    3.515554
    1.756043    3.478151
    1.765101    3.435884
    1.774159    3.388700
    1.783217    3.336701
    1.792275    3.280142
    1.801333    3.219421
    1.810391    3.155031
    1.819449    3.087508
    1.828507    3.017401
    1.837565    2.945238
    1.846623    2.871517
    1.855681    2.796686
    1.864739    2.721154
    1.873797    2.645283
    1.882855    2.569403
    1.891913    2.493809
    1.900972    2.418774
    1.910029    2.344553
    1.919087    2.271390
    1.928146    2.199508
    1.937204    2.129135
    1.946262    2.060494
    1.955320    1.993807
    1.964378    1.929300
    1.973436    1.867206
    1.982494    1.807765
    1.991552    1.751219
    2.000610    1.697822
    2.009668    1.647834
    2.018726    1.601518
    2.027784    1.559142
    2.036842    1.520968
    2.045900    1.487256
    2.054958    1.458250
    2.064016    1.434172
    2.073074    1.415222
    2.082132    1.401563
    2.091190    1.393316
    2.100248    1.390559

    0.000000    3.334794
    0.015689    3.335809
    0.031377    3.338842
    0.047066    3.343848
    0.062755    3.350760
    0.078443    3.359471
    0.094132    3.369851
    0.109821    3.381735
    0.125509    3.394930
    0.141198    3.409203
    0.156887    3.424292
    0.172575    3.439896
    0.188264    3.455686
    0.203953    3.471309
    0.219641    3.486390
    0.235330    3.500543
    0.251018    3.513399
    0.266707    3.524614
    0.282396    3.533864
    0.298085    3.540921
    0.313773    3.545591
    0.329462    3.547755
    0.345150    3.547306
    0.360839    3.544155
    0.376528    3.538132
    0.392216    3.528904
    0.407905    3.515827
    0.423594    3.497731
    0.439282    3.472854
    0.454971    3.439469
    0.470660    3.397616
    0.486348    3.350169
    0.502037    3.301430
    0.517726    3.255318
    0.533414    3.214685
    0.549103    3.181324
    0.564792    3.156110
    0.580480    3.139168
    0.596169    3.130042
    0.611858    3.127871
    0.627546    3.131524
    0.643235    3.139757
    0.658924    3.151256
    0.674612    3.164717
    0.690301    3.178848
    0.705990    3.192425
    0.721678    3.204361
    0.737367    3.213650
    0.753056    3.219554
    0.768744    3.221506
    0.768744    3.221506
    0.786860    3.218902
    0.804975    3.211028
    0.823091    3.198605
    0.841206    3.182550
    0.859322    3.163938
    0.877437    3.143870
    0.895553    3.123392
    0.913668    3.103432
    0.931784    3.084783
    0.949899    3.068089
    0.968015    3.053860
    0.986130    3.042476
    1.004246    3.034211
    1.022361    3.029237
    1.040477    3.027647
    1.058592    3.029460
    1.076708    3.034643
    1.094824    3.043114
    1.112939    3.054751
    1.131055    3.069398
    1.149170    3.086874
    1.167286    3.106978
    1.185401    3.129485
    1.203517    3.154160
    1.221632    3.180748
    1.239748    3.208987
    1.257863    3.238605
    1.275979    3.269316
    1.294094    3.300835
    1.312210    3.332866
    1.330325    3.365118
    1.348441    3.397300
    1.366556    3.429131
    1.384672    3.460334
    1.402787    3.490649
    1.420903    3.519825
    1.439018    3.547627
    1.457134    3.573830
    1.475249    3.598230
    1.493365    3.620617
    1.511481    3.640793
    1.529596    3.658560
    1.547712    3.673695
    1.565827    3.685966
    1.583943    3.695090
    1.602058    3.700730
    1.620174    3.702485
    1.638289    3.699836
    1.656405    3.694139
    1.656405    3.694139
    1.665463    3.696080
    1.674521    3.696260
    1.683579    3.693264
    1.692637    3.687475
    1.701695    3.679531
    1.710753    3.670028
    1.719811    3.659434
    1.728869    3.648095
    1.737927    3.636268
    1.746985    3.624128
    1.756043    3.611811
    1.765101    3.599416
    1.774159    3.587025
    1.783217    3.574701
    1.792275    3.562485
    1.801333    3.550416
    1.810391    3.538535
    1.819449    3.526865
    1.828507    3.515430
    1.837565    3.504247
    1.846623    3.493340
    1.855681    3.482723
    1.864739    3.472410
    1.873797    3.462413
    1.882855    3.452743
    1.891913    3.443405
    1.900972    3.434414
    1.910029    3.425776
    1.919087    3.417503
    1.928146    3.409593
    1.937204    3.402061
    1.946262    3.394905
    1.955320    3.388135
    1.964378    3.381753
    1.973436    3.375763
    1.982494    3.370175
    1.991552    3.364988
    2.000610    3.360201
    2.009668    3.355821
    2.018726    3.351855
    2.027784    3.348301
    2.036842    3.345159
    2.045900    3.342432
    2.054958    3.340122
    2.064016    3.338231
    2.073074    3.336757
    2.082132    3.335702
    2.091190    3.335069
    2.100248    3.334858

    0.000000    3.918984
    0.015689    3.919000
    0.031377    3.919041
    0.047066    3.919103
    0.062755    3.919204
    0.078443    3.919329
    0.094132    3.919499
    0.109821    3.919711
    0.125509    3.919977
    0.141198    3.920299
    0.156887    3.920678
    0.172575    3.921109
    0.188264    3.921571
    0.203953    3.922027
    0.219641    3.922395
    0.235330    3.922533
    0.251018    3.922214
    0.266707    3.921102
    0.282396    3.918710
    0.298085    3.914390
    0.313773    3.907315
    0.329462    3.896505
    0.345150    3.880890
    0.360839    3.859463
    0.376528    3.831495
    0.392216    3.796870
    0.407905    3.756470
    0.423594    3.712521
    0.439282    3.668635
    0.454971    3.628985
    0.470660    3.596247
    0.486348    3.570325
    0.502037    3.549472
    0.517726    3.531996
    0.533414    3.516748
    0.549103    3.503056
    0.564792    3.490560
    0.580480    3.479069
    0.596169    3.468484
    0.611858    3.458776
    0.627546    3.449916
    0.643235    3.418918
    0.658924    3.374309
    0.674612    3.334866
    0.690301    3.300894
    0.705990    3.272666
    0.721678    3.250461
    0.737367    3.234437
    0.753056    3.224764
    0.768744    3.221601
    0.768744    3.221601
    0.786860    3.225824
    0.804975    3.238798
    0.823091    3.260478
    0.841206    3.290926
    0.859322    3.330144
    0.877437    3.377701
    0.895553    3.427518
    0.913668    3.447090
    0.931784    3.458110
    0.949899    3.469148
    0.968015    3.480714
    0.986130    3.492822
    1.004246    3.505400
    1.022361    3.518306
    1.040477    3.531430
    1.058592    3.544588
    1.076708    3.557628
    1.094824    3.570391
    1.112939    3.582714
    1.131055    3.594456
    1.149170    3.605484
    1.167286    3.615638
    1.185401    3.624925
    1.203517    3.633279
    1.221632    3.640738
    1.239748    3.647383
    1.257863    3.653409
    1.275979    3.659062
    1.294094    3.664669
    1.312210    3.670674
    1.330325    3.677632
    1.348441    3.686216
    1.366556    3.697208
    1.384672    3.711459
    1.402787    3.729788
    1.420903    3.752719
    1.439018    3.780084
    1.457134    3.810636
    1.475249    3.841916
    1.493365    3.870584
    1.511481    3.893247
    1.529596    3.907465
    1.547712    3.912464
    1.565827    3.909084
    1.583943    3.899187
    1.602058    3.885093
    1.620174    3.869493
    1.638289    3.855961
    1.656405    3.849923
    1.656405    3.849923
    1.665463    3.851806
    1.674521    3.857727
    1.683579    3.867662
    1.692637    3.881164
    1.701695    3.897635
    1.710753    3.916526
    1.719811    3.937406
    1.728869    3.959968
    1.737927    3.983994
    1.746985    4.009331
    1.756043    4.035866
    1.765101    4.063519
    1.774159    4.092234
    1.783217    4.121960
    1.792275    4.152654
    1.801333    4.184246
    1.810391    4.176851
    1.819449    4.149838
    1.828507    4.125939
    1.837565    4.104765
    1.846623    4.085955
    1.855681    4.069179
    1.864739    4.054155
    1.873797    4.040637
    1.882855    4.028426
    1.891913    4.017340
    1.900972    4.007240
    1.910029    3.998015
    1.919087    3.989572
    1.928146    3.981816
    1.937204    3.974688
    1.946262    3.968128
    1.955320    3.962093
    1.964378    3.956542
    1.973436    3.951443
    1.982494    3.946779
    1.991552    3.942523
    2.000610    3.938652
    2.009668    3.935154
    2.018726    3.932026
    2.027784    3.929252
    2.036842    3.926816
    2.045900    3.924719
    2.054958    3.922958
    2.064016    3.921516
    2.073074    3.920399
    2.082132    3.919601
    2.091190    3.919116
    2.100248    3.918957

    0.000000    5.376637
    0.015689    5.375807
    0.031377    5.373301
    0.047066    5.369067
    0.062755    5.363025
    0.078443    5.355061
    0.094132    5.345025
    0.109821    5.332744
    0.125509    5.318019
    0.141198    5.300621
    0.156887    5.280313
    0.172575    5.256847
    0.188264    5.229969
    0.203953    5.199449
    0.219641    5.165073
    0.235330    5.126668
    0.251018    5.084120
    0.266707    5.037376
    0.282396    4.986455
    0.298085    4.931460
    0.313773    4.872576
    0.329462    4.810017
    0.345150    4.744153
    0.360839    4.675654
    0.376528    4.603967
    0.392216    4.530300
    0.407905    4.454993
    0.423594    4.378494
    0.439282    4.301219
    0.454971    4.223617
    0.470660    4.146123
    0.486348    4.069180
    0.502037    3.993192
    0.517726    3.918591
    0.533414    3.845776
    0.549103    3.775145
    0.564792    3.707091
    0.580480    3.642000
    0.596169    3.580263
    0.611858    3.522258
    0.627546    3.468349
    0.643235    3.441926
    0.658924    3.434824
    0.674612    3.428621
    0.690301    3.423357
    0.705990    3.418991
    0.721678    3.415600
    0.737367    3.413229
    0.753056    3.411771
    0.768744    3.411283
    0.768744    3.411283
    0.786860    3.411933
    0.804975    3.413874
    0.823091    3.417116
    0.841206    3.421666
    0.859322    3.427601
    0.877437    3.435328
    0.895553    3.451059
    0.913668    3.507121
    0.931784    3.581597
    0.949899    3.665480
    0.968015    3.757578
    0.986130    3.856925
    1.004246    3.962291
    1.022361    4.072095
    1.040477    4.184236
    1.058592    4.295816
    1.076708    4.402820
    1.094824    4.475842
    1.112939    4.494723
    1.131055    4.512544
    1.149170    4.529384
    1.167286    4.545378
    1.185401    4.560807
    1.203517    4.575969
    1.221632    4.591234
    1.239748    4.607007
    1.257863    4.623710
    1.275979    4.641763
    1.294094    4.661558
    1.312210    4.659449
    1.330325    4.641756
    1.348441    4.622513
    1.366556    4.602246
    1.384672    4.581618
    1.402787    4.561492
    1.420903    4.542983
    1.439018    4.527544
    1.457134    4.517054
    1.475249    4.513854
    1.493365    4.520588
    1.511481    4.539748
    1.529596    4.572924
    1.547712    4.620251
    1.565827    4.680490
    1.583943    4.751673
    1.602058    4.831747
    1.620174    4.918920
    1.638289    5.011747
    1.656405    5.108667
    1.656405    5.108667
    1.665463    5.056360
    1.674521    4.998127
    1.683579    4.935772
    1.692637    4.870571
    1.701695    4.803729
    1.710753    4.736352
    1.719811    4.669462
    1.728869    4.603997
    1.737927    4.540814
    1.746985    4.480670
    1.756043    4.424202
    1.765101    4.371891
    1.774159    4.324042
    1.783217    4.280769
    1.792275    4.241995
    1.801333    4.207525
    1.810391    4.216893
    1.819449    4.250301
    1.828507    4.284581
    1.837565    4.319692
    1.846623    4.355608
    1.855681    4.392301
    1.864739    4.429741
    1.873797    4.467898
    1.882855    4.506740
    1.891913    4.546230
    1.900972    4.586332
    1.910029    4.627004
    1.919087    4.668199
    1.928146    4.709866
    1.937204    4.751948
    1.946262    4.794380
    1.955320    4.837090
    1.964378    4.879992
    1.973436    4.922988
    1.982494    4.965968
    1.991552    5.008795
    2.000610    5.051303
    2.009668    5.093295
    2.018726    5.134522
    2.027784    5.174666
    2.036842    5.213322
    2.045900    5.249969
    2.054958    5.283920
    2.064016    5.314300
    2.073074    5.340010
    2.082132    5.359779
    2.091190    5.372321
    2.100248    5.376638

    0.000000    5.899022
    0.015689    5.859903
    0.031377    5.805849
    0.047066    5.748084
    0.062755    5.689823
    0.078443    5.632354
    0.094132    5.576074
    0.109821    5.521244
    0.125509    5.468033
    0.141198    5.416574
    0.156887    5.366981
    0.172575    5.319355
    0.188264    5.273788
    0.203953    5.230370
    0.219641    5.189170
    0.235330    5.150269
    0.251018    5.113760
    0.266707    5.079705
    0.282396    5.048161
    0.298085    5.019182
    0.313773    4.992875
    0.329462    4.971411
    0.345150    4.953918
    0.360839    4.936926
    0.376528    4.868655
    0.392216    4.787107
    0.407905    4.710444
    0.423594    4.648833
    0.439282    4.594276
    0.454971    4.547440
    0.470660    4.507233
    0.486348    4.471724
    0.502037    4.439795
    0.517726    4.410565
    0.533414    4.383348
    0.549103    4.357630
    0.564792    4.333036
    0.580480    4.309365
    0.596169    4.286458
    0.611858    4.264262
    0.627546    4.242796
    0.643235    4.222167
    0.658924    4.202560
    0.674612    4.184249
    0.690301    4.167588
    0.705990    4.153005
    0.721678    4.140973
    0.737367    4.131958
    0.753056    4.126365
    0.768744    4.124467
    0.768744    4.124467
    0.786860    4.126993
    0.804975    4.134398
    0.823091    4.146204
    0.841206    4.161728
    0.859322    4.180210
    0.877437    4.200912
    0.895553    4.223187
    0.913668    4.246505
    0.931784    4.270451
    0.949899    4.294702
    0.968015    4.319008
    0.986130    4.343163
    1.004246    4.366991
    1.022361    4.390326
    1.040477    4.413016
    1.058592    4.434912
    1.076708    4.455887
    1.094824    4.499777
    1.112939    4.579862
    1.131055    4.638394
    1.149170    4.676064
    1.167286    4.697836
    1.185401    4.709063
    1.203517    4.713231
    1.221632    4.712367
    1.239748    4.707598
    1.257863    4.699564
    1.275979    4.688668
    1.294094    4.675214
    1.312210    4.683497
    1.330325    4.707845
    1.348441    4.734892
    1.366556    4.764832
    1.384672    4.797783
    1.402787    4.833781
    1.420903    4.872763
    1.439018    4.914558
    1.457134    4.958856
    1.475249    5.005190
    1.493365    5.052868
    1.511481    5.100898
    1.529596    5.147842
    1.547712    5.191572
    1.565827    5.228893
    1.583943    5.255002
    1.602058    5.263056
    1.620174    5.244789
    1.638289    5.193617
    1.656405    5.109594
    1.656405    5.109594
    1.665463    5.159189
    1.674521    5.210083
    1.683579    5.261695
    1.692637    5.313940
    1.701695    5.366738
    1.710753    5.420010
    1.719811    5.473674
    1.728869    5.527647
    1.737927    5.581843
    1.746985    5.636163
    1.756043    5.690502
    1.765101    5.744738
    1.774159    5.798733
    1.783217    5.852323
    1.792275    5.905310
    1.801333    5.957452
    1.810391    6.008454
    1.819449    6.057950
    1.828507    6.105482
    1.837565    6.150480
    1.846623    6.192226
    1.855681    6.229938
    1.864739    6.262689
    1.873797    6.289571
    1.882855    6.309840
    1.891913    6.323111
    1.900972    6.329483
    1.910029    6.329520
    1.919087    6.324067
    1.928146    6.314004
    1.937204    6.300203
    1.946262    6.283289
    1.955320    6.263768
    1.964378    6.242035
    1.973436    6.218293
    1.982494    6.193054
    1.991552    6.166432
    2.000610    6.138655
    2.009668    6.109973
    2.018726    6.080678
    2.027784    6.051115
    2.036842    6.021732
    2.045900    5.993053
    2.054958    5.965801
    2.064016    5.940872
    2.073074    5.919380
    2.082132    5.902613
    2.091190    5.891868
    2.100248    5.888181

