        0.00000     1089.00000
        0.10000     1089.00000
        0.20000     1089.00000
        0.30000     1089.00000
        0.40000     1089.00000
        0.50000     1089.00000
        0.60000     1089.00000
        0.70000     1089.00000
        0.80000     1088.97944
        0.90000     1088.69508
        1.00000     1088.24214
        1.10000     1086.88850
        1.20000     1086.01970
        1.30000     1084.04560
        1.40000     1079.49528
        1.50000     1075.00976
        1.60000     1069.40646
        1.70000     1059.08156
        1.80000     1042.88074
        1.90000     1023.63418
        2.00000     1004.32204
        2.10000      931.27606
        2.20000      946.18094
        2.30000      779.07514
        2.40000      672.07448
        2.50000      484.97832
        2.60000      168.54642
        2.70000      246.82526
        2.80000      185.15896
        2.90000       56.74562
        3.00000      112.34048
        3.10000       15.28740
        3.20000       27.02874
        3.30000       92.18118
        3.40000       47.70424
        3.50000       62.19428
        3.60000       61.27092
        3.70000       38.74518
        3.80000       71.95288
        3.90000       78.09820
        4.00000       49.70106
        4.10000       60.03444
        4.20000       69.19496
        4.30000       46.70826
        4.40000       51.59184
        4.50000       61.31178
        4.60000       44.13280
        4.70000       51.11810
        4.80000       74.93884
        4.90000       81.63802
        5.00000       71.60976
