  -4.99500       0
  -4.98500       0
  -4.97500       0
  -4.96500       0
  -4.95500       0
  -4.94500       0
  -4.93500       0
  -4.92500       0
  -4.91500       0
  -4.90500       0
  -4.89500       0
  -4.88500       1
  -4.87500       0
  -4.86500       0
  -4.85500       0
  -4.84500       0
  -4.83500       1
  -4.82500       0
  -4.81500       0
  -4.80500       0
  -4.79500       0
  -4.78500       0
  -4.77500       1
  -4.76500       1
  -4.75500       0
  -4.74500       3
  -4.73500       1
  -4.72500       0
  -4.71500       2
  -4.70500       0
  -4.69500       0
  -4.68500       3
  -4.67500       0
  -4.66500       1
  -4.65500       1
  -4.64500       1
  -4.63500       3
  -4.62500       0
  -4.61500       0
  -4.60500       2
  -4.59500       1
  -4.58500       2
  -4.57500       1
  -4.56500       1
  -4.55500       0
  -4.54500       0
  -4.53500       1
  -4.52500       0
  -4.51500       1
  -4.50500       2
  -4.49500       2
  -4.48500       2
  -4.47500       3
  -4.46500       4
  -4.45500       1
  -4.44500       1
  -4.43500       0
  -4.42500       2
  -4.41500       3
  -4.40500       2
  -4.39500       1
  -4.38500       2
  -4.37500       1
  -4.36500       3
  -4.35500       1
  -4.34500       3
  -4.33500       2
  -4.32500       9
  -4.31500       6
  -4.30500       0
  -4.29500       1
  -4.28500       2
  -4.27500       3
  -4.26500       2
  -4.25500       3
  -4.24500       3
  -4.23500       5
  -4.22500       2
  -4.21500       1
  -4.20500       5
  -4.19500       7
  -4.18500       7
  -4.17500       7
  -4.16500       2
  -4.15500       5
  -4.14500      10
  -4.13500       6
  -4.12500       8
  -4.11500       9
  -4.10500       9
  -4.09500      11
  -4.08500      12
  -4.07500       8
  -4.06500      10
  -4.05500       9
  -4.04500       9
  -4.03500       5
  -4.02500      14
  -4.01500      13
  -4.00500      16
  -3.99500       8
  -3.98500      14
  -3.97500      13
  -3.96500      12
  -3.95500       7
  -3.94500      15
  -3.93500      22
  -3.92500      11
  -3.91500      23
  -3.90500       8
  -3.89500      20
  -3.88500      23
  -3.87500      19
  -3.86500      17
  -3.85500      14
  -3.84500      20
  -3.83500      21
  -3.82500      22
  -3.81500      24
  -3.80500      24
  -3.79500      21
  -3.78500      26
  -3.77500      27
  -3.76500      22
  -3.75500      30
  -3.74500      29
  -3.73500      39
  -3.72500      32
  -3.71500      32
  -3.70500      29
  -3.69500      34
  -3.68500      37
  -3.67500      32
  -3.66500      46
  -3.65500      42
  -3.64500      45
  -3.63500      47
  -3.62500      37
  -3.61500      46
  -3.60500      39
  -3.59500      54
  -3.58500      53
  -3.57500      54
  -3.56500      51
  -3.55500      56
  -3.54500      56
  -3.53500      55
  -3.52500      74
  -3.51500      51
  -3.50500      55
  -3.49500      53
  -3.48500      72
  -3.47500      67
  -3.46500      68
  -3.45500      81
  -3.44500      68
  -3.43500      95
  -3.42500      82
  -3.41500      90
  -3.40500      87
  -3.39500      88
  -3.38500      90
  -3.37500     110
  -3.36500     104
  -3.35500     114
  -3.34500     132
  -3.33500     119
  -3.32500     100
  -3.31500     122
  -3.30500     143
  -3.29500     129
  -3.28500     121
  -3.27500     155
  -3.26500     137
  -3.25500     144
  -3.24500     169
  -3.23500     139
  -3.22500     156
  -3.21500     162
  -3.20500     167
  -3.19500     161
  -3.18500     187
  -3.17500     193
  -3.16500     189
  -3.15500     231
  -3.14500     207
  -3.13500     193
  -3.12500     226
  -3.11500     218
  -3.10500     235
  -3.09500     262
  -3.08500     265
  -3.07500     215
  -3.06500     241
  -3.05500     246
  -3.04500     265
  -3.03500     301
  -3.02500     277
  -3.01500     329
  -3.00500     291
  -2.99500     327
  -2.98500     323
  -2.97500     347
  -2.96500     337
  -2.95500     322
  -2.94500     330
  -2.93500     326
  -2.92500     392
  -2.91500     412
  -2.90500     399
  -2.89500     398
  -2.88500     360
  -2.87500     393
  -2.86500     397
  -2.85500     416
  -2.84500     441
  -2.83500     470
  -2.82500     476
  -2.81500     505
  -2.80500     504
  -2.79500     546
  -2.78500     522
  -2.77500     518
  -2.76500     541
  -2.75500     579
  -2.74500     569
  -2.73500     589
  -2.72500     615
  -2.71500     592
  -2.70500     630
  -2.69500     625
  -2.68500     634
  -2.67500     690
  -2.66500     683
  -2.65500     713
  -2.64500     704
  -2.63500     745
  -2.62500     751
  -2.61500     810
  -2.60500     763
  -2.59500     786
  -2.58500     835
  -2.57500     875
  -2.56500     900
  -2.55500     927
  -2.54500     913
  -2.53500     908
  -2.52500     960
  -2.51500    1004
  -2.50500    1012
  -2.49500    1026
  -2.48500    1039
  -2.47500    1103
  -2.46500    1126
  -2.45500    1109
  -2.44500    1096
  -2.43500    1267
  -2.42500    1175
  -2.41500    1271
  -2.40500    1215
  -2.39500    1280
  -2.38500    1266
  -2.37500    1355
  -2.36500    1392
  -2.35500    1430
  -2.34500    1438
  -2.33500    1443
  -2.32500    1485
  -2.31500    1559
  -2.30500    1484
  -2.29500    1579
  -2.28500    1657
  -2.27500    1636
  -2.26500    1611
  -2.25500    1711
  -2.24500    1793
  -2.23500    1830
  -2.22500    1825
  -2.21500    1856
  -2.20500    1853
  -2.19500    1915
  -2.18500    1812
  -2.17500    1927
  -2.16500    1980
  -2.15500    2044
  -2.14500    2044
  -2.13500    2119
  -2.12500    2186
  -2.11500    2254
  -2.10500    2317
  -2.09500    2252
  -2.08500    2257
  -2.07500    2319
  -2.06500    2400
  -2.05500    2395
  -2.04500    2456
  -2.03500    2572
  -2.02500    2517
  -2.01500    2595
  -2.00500    2689
  -1.99500    2624
  -1.98500    2780
  -1.97500    2848
  -1.96500    2789
  -1.95500    2829
  -1.94500    2875
  -1.93500    2991
  -1.92500    2961
  -1.91500    3144
  -1.90500    3184
  -1.89500    3207
  -1.88500    3183
  -1.87500    3256
  -1.86500    3233
  -1.85500    3316
  -1.84500    3378
  -1.83500    3415
  -1.82500    3495
  -1.81500    3578
  -1.80500    3607
  -1.79500    3722
  -1.78500    3721
  -1.77500    3752
  -1.76500    3842
  -1.75500    3792
  -1.74500    3947
  -1.73500    3925
  -1.72500    4079
  -1.71500    4072
  -1.70500    4098
  -1.69500    4143
  -1.68500    4324
  -1.67500    4421
  -1.66500    4240
  -1.65500    4294
  -1.64500    4420
  -1.63500    4420
  -1.62500    4591
  -1.61500    4567
  -1.60500    4608
  -1.59500    4703
  -1.58500    4817
  -1.57500    4798
  -1.56500    5024
  -1.55500    4777
  -1.54500    4970
  -1.53500    5053
  -1.52500    5088
  -1.51500    5188
  -1.50500    5231
  -1.49500    5310
  -1.48500    5380
  -1.47500    5381
  -1.46500    5516
  -1.45500    5671
  -1.44500    5651
  -1.43500    5483
  -1.42500    5653
  -1.41500    5716
  -1.40500    5781
  -1.39500    5921
  -1.38500    6081
  -1.37500    5900
  -1.36500    6118
  -1.35500    6048
  -1.34500    6037
  -1.33500    6153
  -1.32500    6311
  -1.31500    6340
  -1.30500    6322
  -1.29500    6409
  -1.28500    6525
  -1.27500    6620
  -1.26500    6704
  -1.25500    6722
  -1.24500    6770
  -1.23500    6959
  -1.22500    6842
  -1.21500    6987
  -1.20500    6985
  -1.19500    6991
  -1.18500    6983
  -1.17500    7254
  -1.16500    7229
  -1.15500    7183
  -1.14500    7238
  -1.13500    7388
  -1.12500    7545
  -1.11500    7346
  -1.10500    7594
  -1.09500    7687
  -1.08500    7653
  -1.07500    7882
  -1.06500    7638
  -1.05500    7768
  -1.04500    7887
  -1.03500    7904
  -1.02500    7940
  -1.01500    8053
  -1.00500    7872
  -0.99500    8046
  -0.98500    8136
  -0.97500    8138
  -0.96500    8225
  -0.95500    8268
  -0.94500    8248
  -0.93500    8553
  -0.92500    8500
  -0.91500    8505
  -0.90500    8610
  -0.89500    8403
  -0.88500    8629
  -0.87500    8550
  -0.86500    8600
  -0.85500    8642
  -0.84500    8786
  -0.83500    8690
  -0.82500    8842
  -0.81500    8928
  -0.80500    9175
  -0.79500    8995
  -0.78500    8938
  -0.77500    9001
  -0.76500    9035
  -0.75500    8932
  -0.74500    9103
  -0.73500    9052
  -0.72500    9160
  -0.71500    9064
  -0.70500    9140
  -0.69500    9288
  -0.68500    9395
  -0.67500    9323
  -0.66500    9417
  -0.65500    9559
  -0.64500    9451
  -0.63500    9476
  -0.62500    9676
  -0.61500    9537
  -0.60500    9591
  -0.59500    9559
  -0.58500    9445
  -0.57500    9706
  -0.56500    9713
  -0.55500    9702
  -0.54500    9674
  -0.53500    9703
  -0.52500    9709
  -0.51500    9738
  -0.50500    9594
  -0.49500    9705
  -0.48500    9911
  -0.47500    9804
  -0.46500    9657
  -0.45500    9919
  -0.44500    9687
  -0.43500    9932
  -0.42500    9824
  -0.41500    9799
  -0.40500    9910
  -0.39500    9753
  -0.38500    9923
  -0.37500    9857
  -0.36500    9927
  -0.35500    9823
  -0.34500    9749
  -0.33500    9944
  -0.32500   10019
  -0.31500    9998
  -0.30500    9938
  -0.29500    9958
  -0.28500    9902
  -0.27500   10105
  -0.26500    9874
  -0.25500    9769
  -0.24500    9967
  -0.23500    9934
  -0.22500   10244
  -0.21500   10004
  -0.20500    9969
  -0.19500    9956
  -0.18500   10050
  -0.17500    9969
  -0.16500   10103
  -0.15500   10042
  -0.14500   10096
  -0.13500    9904
  -0.12500    9839
  -0.11500    9878
  -0.10500   10014
  -0.09500    9979
  -0.08500   10140
  -0.07500    9896
  -0.06500   10014
  -0.05500   10038
  -0.04500   10095
  -0.03500   10070
  -0.02500   10014
  -0.01500   10070
  -0.00500    9962
   0.00500   10030
   0.01500   10056
   0.02500    9835
   0.03500   10053
   0.04500    9816
   0.05500   10292
   0.06500   10029
   0.07500   10030
   0.08500   10008
   0.09500   10131
   0.10500   10149
   0.11500    9940
   0.12500    9918
   0.13500   10070
   0.14500    9973
   0.15500   10008
   0.16500    9765
   0.17500   10056
   0.18500    9907
   0.19500   10043
   0.20500   10182
   0.21500    9839
   0.22500    9978
   0.23500    9868
   0.24500    9952
   0.25500   10010
   0.26500    9987
   0.27500   10013
   0.28500    9911
   0.29500    9862
   0.30500    9950
   0.31500    9914
   0.32500    9871
   0.33500   10023
   0.34500    9803
   0.35500    9804
   0.36500    9869
   0.37500    9750
   0.38500    9813
   0.39500    9800
   0.40500    9891
   0.41500    9890
   0.42500    9694
   0.43500    9767
   0.44500    9707
   0.45500    9924
   0.46500    9796
   0.47500    9641
   0.48500    9723
   0.49500    9713
   0.50500    9649
   0.51500    9674
   0.52500    9665
   0.53500    9619
   0.54500    9537
   0.55500    9666
   0.56500    9594
   0.57500    9486
   0.58500    9513
   0.59500    9390
   0.60500    9158
   0.61500    9563
   0.62500    9464
   0.63500    9169
   0.64500    9193
   0.65500    9211
   0.66500    9218
   0.67500    9319
   0.68500    9114
   0.69500    9186
   0.70500    9277
   0.71500    9129
   0.72500    9177
   0.73500    9007
   0.74500    8865
   0.75500    8970
   0.76500    8813
   0.77500    8978
   0.78500    8792
   0.79500    8895
   0.80500    8696
   0.81500    8747
   0.82500    8679
   0.83500    8758
   0.84500    8705
   0.85500    8541
   0.86500    8369
   0.87500    8683
   0.88500    8570
   0.89500    8425
   0.90500    8241
   0.91500    8359
   0.92500    8269
   0.93500    8240
   0.94500    8297
   0.95500    8114
   0.96500    8142
   0.97500    8318
   0.98500    8026
   0.99500    8014
   1.00500    7933
   1.01500    7835
   1.02500    7923
   1.03500    7876
   1.04500    7643
   1.05500    7741
   1.06500    7626
   1.07500    7548
   1.08500    7622
   1.09500    7453
   1.10500    7458
   1.11500    7350
   1.12500    7342
   1.13500    7339
   1.14500    7202
   1.15500    7049
   1.16500    7203
   1.17500    6969
   1.18500    7068
   1.19500    7000
   1.20500    6742
   1.21500    6847
   1.22500    6906
   1.23500    6683
   1.24500    6547
   1.25500    6506
   1.26500    6426
   1.27500    6459
   1.28500    6400
   1.29500    6334
   1.30500    6329
   1.31500    6211
   1.32500    6258
   1.33500    6081
   1.34500    6037
   1.35500    6092
   1.36500    6050
   1.37500    5856
   1.38500    5920
   1.39500    5705
   1.40500    5671
   1.41500    5782
   1.42500    5612
   1.43500    5386
   1.44500    5488
   1.45500    5387
   1.46500    5348
   1.47500    5452
   1.48500    5314
   1.49500    5232
   1.50500    5126
   1.51500    5196
   1.52500    5012
   1.53500    4883
   1.54500    4876
   1.55500    4834
   1.56500    4783
   1.57500    4722
   1.58500    4670
   1.59500    4666
   1.60500    4579
   1.61500    4591
   1.62500    4481
   1.63500    4356
   1.64500    4446
   1.65500    4333
   1.66500    4147
   1.67500    4217
   1.68500    4134
   1.69500    4123
   1.70500    3982
   1.71500    3992
   1.72500    3936
   1.73500    3842
   1.74500    3733
   1.75500    3781
   1.76500    3663
   1.77500    3598
   1.78500    3602
   1.79500    3534
   1.80500    3390
   1.81500    3359
   1.82500    3383
   1.83500    3201
   1.84500    3329
   1.85500    3215
   1.86500    3135
   1.87500    3098
   1.88500    3029
   1.89500    3055
   1.90500    2999
   1.91500    2966
   1.92500    2908
   1.93500    2761
   1.94500    2826
   1.95500    2734
   1.96500    2722
   1.97500    2692
   1.98500    2536
   1.99500    2569
   2.00500    2574
   2.01500    2567
   2.02500    2490
   2.03500    2455
   2.04500    2366
   2.05500    2309
   2.06500    2285
   2.07500    2234
   2.08500    2217
   2.09500    2220
   2.10500    2138
   2.11500    2157
   2.12500    2135
   2.13500    2054
   2.14500    1969
   2.15500    1933
   2.16500    2017
   2.17500    1924
   2.18500    1775
   2.19500    1785
   2.20500    1770
   2.21500    1778
   2.22500    1737
   2.23500    1646
   2.24500    1633
   2.25500    1638
   2.26500    1608
   2.27500    1498
   2.28500    1519
   2.29500    1508
   2.30500    1486
   2.31500    1430
   2.32500    1423
   2.33500    1318
   2.34500    1297
   2.35500    1388
   2.36500    1407
   2.37500    1339
   2.38500    1236
   2.39500    1177
   2.40500    1135
   2.41500    1218
   2.42500    1166
   2.43500    1094
   2.44500    1123
   2.45500    1020
   2.46500    1073
   2.47500    1043
   2.48500     976
   2.49500    1013
   2.50500     984
   2.51500     950
   2.52500     921
   2.53500     940
   2.54500     961
   2.55500     887
   2.56500     842
   2.57500     819
   2.58500     814
   2.59500     825
   2.60500     764
   2.61500     746
   2.62500     766
   2.63500     703
   2.64500     714
   2.65500     635
   2.66500     665
   2.67500     689
   2.68500     663
   2.69500     636
   2.70500     597
   2.71500     568
   2.72500     527
   2.73500     565
   2.74500     570
   2.75500     536
   2.76500     506
   2.77500     543
   2.78500     494
   2.79500     426
   2.80500     480
   2.81500     436
   2.82500     423
   2.83500     422
   2.84500     432
   2.85500     440
   2.86500     449
   2.87500     398
   2.88500     383
   2.89500     358
   2.90500     361
   2.91500     368
   2.92500     367
   2.93500     365
   2.94500     338
   2.95500     338
   2.96500     326
   2.97500     334
   2.98500     312
   2.99500     313
   3.00500     278
   3.01500     240
   3.02500     287
   3.03500     266
   3.04500     226
   3.05500     248
   3.06500     230
   3.07500     235
   3.08500     194
   3.09500     213
   3.10500     216
   3.11500     212
   3.12500     214
   3.13500     211
   3.14500     176
   3.15500     174
   3.16500     195
   3.17500     179
   3.18500     139
   3.19500     147
   3.20500     152
   3.21500     150
   3.22500     143
   3.23500     123
   3.24500     144
   3.25500     146
   3.26500     120
   3.27500     136
   3.28500     103
   3.29500     109
   3.30500     134
   3.31500     130
   3.32500      93
   3.33500      81
   3.34500     121
   3.35500      98
   3.36500     109
   3.37500     102
   3.38500      95
   3.39500      89
   3.40500      84
   3.41500      78
   3.42500      83
   3.43500      82
   3.44500      80
   3.45500      76
   3.46500      65
   3.47500      71
   3.48500      77
   3.49500      64
   3.50500      63
   3.51500      58
   3.52500      69
   3.53500      61
   3.54500      63
   3.55500      42
   3.56500      44
   3.57500      41
   3.58500      54
   3.59500      49
   3.60500      43
   3.61500      43
   3.62500      30
   3.63500      47
   3.64500      44
   3.65500      38
   3.66500      38
   3.67500      34
   3.68500      30
   3.69500      30
   3.70500      33
   3.71500      27
   3.72500      23
   3.73500      26
   3.74500      20
   3.75500      17
   3.76500      30
   3.77500      22
   3.78500      20
   3.79500      26
   3.80500      21
   3.81500      23
   3.82500      24
   3.83500      19
   3.84500      14
   3.85500      18
   3.86500      26
   3.87500      23
   3.88500      14
   3.89500      17
   3.90500      12
   3.91500      15
   3.92500      15
   3.93500      14
   3.94500       9
   3.95500      18
   3.96500      14
   3.97500      12
   3.98500       9
   3.99500      13
   4.00500       7
   4.01500      11
   4.02500       7
   4.03500      12
   4.04500       6
   4.05500       7
   4.06500      12
   4.07500       4
   4.08500       7
   4.09500       7
   4.10500      11
   4.11500       4
   4.12500       9
   4.13500       6
   4.14500       4
   4.15500       3
   4.16500       7
   4.17500       7
   4.18500       5
   4.19500       6
   4.20500       1
   4.21500       5
   4.22500       2
   4.23500       8
   4.24500       3
   4.25500       5
   4.26500       1
   4.27500       3
   4.28500       5
   4.29500       1
   4.30500       2
   4.31500       5
   4.32500       4
   4.33500       3
   4.34500       3
   4.35500       2
   4.36500       2
   4.37500       2
   4.38500       1
   4.39500       3
   4.40500       0
   4.41500       4
   4.42500       1
   4.43500       2
   4.44500       1
   4.45500       3
   4.46500       1
   4.47500       1
   4.48500       2
   4.49500       0
   4.50500       1
   4.51500       2
   4.52500       0
   4.53500       2
   4.54500       0
   4.55500       1
   4.56500       1
   4.57500       1
   4.58500       0
   4.59500       1
   4.60500       3
   4.61500       1
   4.62500       0
   4.63500       1
   4.64500       0
   4.65500       1
   4.66500       2
   4.67500       1
   4.68500       0
   4.69500       0
   4.70500       0
   4.71500       0
   4.72500       0
   4.73500       1
   4.74500       1
   4.75500       0
   4.76500       0
   4.77500       0
   4.78500       0
   4.79500       0
   4.80500       0
   4.81500       0
   4.82500       1
   4.83500       0
   4.84500       0
   4.85500       0
   4.86500       0
   4.87500       0
   4.88500       0
   4.89500       0
   4.90500       1
   4.91500       3
   4.92500       0
   4.93500       0
   4.94500       0
   4.95500       0
   4.96500       0
   4.97500       0
   4.98500       0
   4.99500       0
