          0.00000000          0.00000000
          0.00500000          0.06661858
          0.01000000          0.13308925
          0.01500000          0.19926443
          0.02000000          0.26499720
          0.02500000          0.33014160
          0.03000000          0.39455301
          0.03500000          0.45808841
          0.04000000          0.52060674
          0.04500000          0.58196919
          0.05000000          0.64203952
          0.05500000          0.70068437
          0.06000000          0.75777352
          0.06500000          0.81318023
          0.07000000          0.86678147
          0.07500000          0.91845824
          0.08000000          0.96809580
          0.08500000          1.01558395
          0.09000000          1.06081725
          0.09500000          1.10369527
          0.10000000          1.14412281
          0.10500000          1.18201011
          0.11000000          1.21727305
          0.11500000          1.24983334
          0.12000000          1.27961869
          0.12500000          1.30656296
          0.13000000          1.33060634
          0.13500000          1.35169544
          0.14000000          1.36978344
          0.14500000          1.38483018
          0.15000000          1.39680225
          0.15500000          1.40567306
          0.16000000          1.41142293
          0.16500000          1.41403909
          0.17000000          1.41351573
          0.17500000          1.40985401
          0.18000000          1.40306207
          0.18500000          1.39315497
          0.19000000          1.38015472
          0.19500000          1.36409018
          0.20000000          1.34499702
          0.20500000          1.32291764
          0.21000000          1.29790104
          0.21500000          1.27000278
          0.22000000          1.23928479
          0.22500000          1.20581528
          0.23000000          1.16966857
          0.23500000          1.13092489
          0.24000000          1.08967028
          0.24500000          1.04599633
          0.25000000          1.00000000
          0.25500000          0.95178342
          0.26000000          0.90145365
          0.26500000          0.84912243
          0.27000000          0.79490594
          0.27500000          0.73892456
          0.28000000          0.68130258
          0.28500000          0.62216794
          0.29000000          0.56165193
          0.29500000          0.49988892
          0.30000000          0.43701602
          0.30500000          0.37317285
          0.31000000          0.30850113
          0.31500000          0.24314447
          0.32000000          0.17724796
          0.32500000          0.11095792
          0.33000000          0.04442152
          0.33500000         -0.02221350
          0.34000000         -0.08879920
          0.34500000         -0.15518775
          0.35000000         -0.22123174
          0.35500000         -0.28678454
          0.36000000         -0.35170061
          0.36500000         -0.41583582
          0.37000000         -0.47904776
          0.37500000         -0.54119610
          0.38000000         -0.60214285
          0.38500000         -0.66175269
          0.39000000         -0.71989327
          0.39500000         -0.77643552
          0.40000000         -0.83125388
          0.40500000         -0.88422664
          0.41000000         -0.93523621
          0.41500000         -0.98416932
          0.42000000         -1.03091732
          0.42500000         -1.07537643
          0.43000000         -1.11744793
          0.43500000         -1.15703843
          0.44000000         -1.19406000
          0.44500000         -1.22843047
          0.45000000         -1.26007351
          0.45500000         -1.28891887
          0.46000000         -1.31490252
          0.46500000         -1.33796675
          0.47000000         -1.35806035
          0.47500000         -1.37513873
          0.48000000         -1.38916395
          0.48500000         -1.40010488
          0.49000000         -1.40793723
          0.49500000         -1.41264361
          0.50000000         -1.41421356
          0.50500000         -1.41264361
          0.51000000         -1.40793723
          0.51500000         -1.40010488
          0.52000000         -1.38916395
          0.52500000         -1.37513873
          0.53000000         -1.35806035
          0.53500000         -1.33796675
          0.54000000         -1.31490252
          0.54500000         -1.28891887
          0.55000000         -1.26007351
          0.55500000         -1.22843047
          0.56000000         -1.19406000
          0.56500000         -1.15703843
          0.57000000         -1.11744793
          0.57500000         -1.07537643
          0.58000000         -1.03091732
          0.58500000         -0.98416932
          0.59000000         -0.93523621
          0.59500000         -0.88422664
          0.60000000         -0.83125388
          0.60500000         -0.77643552
          0.61000000         -0.71989327
          0.61500000         -0.66175269
          0.62000000         -0.60214285
          0.62500000         -0.54119610
          0.63000000         -0.47904776
          0.63500000         -0.41583582
          0.64000000         -0.35170061
          0.64500000         -0.28678454
          0.65000000         -0.22123174
          0.65500000         -0.15518775
          0.66000000         -0.08879920
          0.66500000         -0.02221350
          0.67000000          0.04442152
          0.67500000          0.11095792
          0.68000000          0.17724796
          0.68500000          0.24314447
          0.69000000          0.30850113
          0.69500000          0.37317285
          0.70000000          0.43701602
          0.70500000          0.49988892
          0.71000000          0.56165193
          0.71500000          0.62216794
          0.72000000          0.68130258
          0.72500000          0.73892456
          0.73000000          0.79490594
          0.73500000          0.84912243
          0.74000000          0.90145365
          0.74500000          0.95178342
          0.75000000          1.00000000
          0.75500000          1.04599633
          0.76000000          1.08967028
          0.76500000          1.13092489
          0.77000000          1.16966857
          0.77500000          1.20581528
          0.78000000          1.23928479
          0.78500000          1.27000278
          0.79000000          1.29790104
          0.79500000          1.32291764
          0.80000000          1.34499702
          0.80500000          1.36409018
          0.81000000          1.38015472
          0.81500000          1.39315497
          0.82000000          1.40306207
          0.82500000          1.40985401
          0.83000000          1.41351573
          0.83500000          1.41403909
          0.84000000          1.41142293
          0.84500000          1.40567306
          0.85000000          1.39680225
          0.85500000          1.38483018
          0.86000000          1.36978344
          0.86500000          1.35169544
          0.87000000          1.33060634
          0.87500000          1.30656296
          0.88000000          1.27961869
          0.88500000          1.24983334
          0.89000000          1.21727305
          0.89500000          1.18201011
          0.90000000          1.14412281
          0.90500000          1.10369527
          0.91000000          1.06081725
          0.91500000          1.01558395
          0.92000000          0.96809580
          0.92500000          0.91845824
          0.93000000          0.86678147
          0.93500000          0.81318023
          0.94000000          0.75777352
          0.94500000          0.70068437
          0.95000000          0.64203952
          0.95500000          0.58196919
          0.96000000          0.52060674
          0.96500000          0.45808841
          0.97000000          0.39455301
          0.97500000          0.33014160
          0.98000000          0.26499720
          0.98500000          0.19926443
          0.99000000          0.13308925
          0.99500000          0.06661858
          1.00000000         -0.00000000
