          0.00000000          0.00000000
          0.00500000          0.02221351
          0.01000000          0.04442154
          0.01500000          0.06661861
          0.02000000          0.08879924
          0.02500000          0.11095796
          0.03000000          0.13308930
          0.03500000          0.15518781
          0.04000000          0.17724803
          0.04500000          0.19926451
          0.05000000          0.22123183
          0.05500000          0.24314456
          0.06000000          0.26499730
          0.06500000          0.28678465
          0.07000000          0.30850125
          0.07500000          0.33014172
          0.08000000          0.35170074
          0.08500000          0.37317298
          0.09000000          0.39455315
          0.09500000          0.41583597
          0.10000000          0.43701619
          0.10500000          0.45808857
          0.11000000          0.47904794
          0.11500000          0.49988910
          0.12000000          0.52060693
          0.12500000          0.54119630
          0.13000000          0.56165214
          0.13500000          0.58196940
          0.14000000          0.60214307
          0.14500000          0.62216816
          0.15000000          0.64203975
          0.15500000          0.66175293
          0.16000000          0.68130282
          0.16500000          0.70068462
          0.17000000          0.71989353
          0.17500000          0.73892482
          0.18000000          0.75777379
          0.18500000          0.77643579
          0.19000000          0.79490621
          0.19500000          0.81318051
          0.20000000          0.83125416
          0.20500000          0.84912272
          0.21000000          0.86678176
          0.21500000          0.88422694
          0.22000000          0.90145395
          0.22500000          0.91845855
          0.23000000          0.93523652
          0.23500000          0.95178374
          0.24000000          0.96809612
          0.24500000          0.98416964
          0.25000000          1.00000032
          0.25500000          1.01558428
          0.26000000          1.03091765
          0.26500000          1.04599666
          0.27000000          1.06081758
          0.27500000          1.07537677
          0.28000000          1.08967062
          0.28500000          1.10369561
          0.29000000          1.11744827
          0.29500000          1.13092523
          0.30000000          1.14412315
          0.30500000          1.15703877
          0.31000000          1.16966891
          0.31500000          1.18201045
          0.32000000          1.19406035
          0.32500000          1.20581563
          0.33000000          1.21727339
          0.33500000          1.22843081
          0.34000000          1.23928513
          0.34500000          1.24983368
          0.35000000          1.26007385
          0.35500000          1.27000311
          0.36000000          1.27961902
          0.36500000          1.28891921
          0.37000000          1.29790137
          0.37500000          1.30656329
          0.38000000          1.31490284
          0.38500000          1.32291795
          0.39000000          1.33060666
          0.39500000          1.33796706
          0.40000000          1.34499733
          0.40500000          1.35169575
          0.41000000          1.35806065
          0.41500000          1.36409048
          0.42000000          1.36978373
          0.42500000          1.37513901
          0.43000000          1.38015500
          0.43500000          1.38483045
          0.44000000          1.38916422
          0.44500000          1.39315523
          0.45000000          1.39680250
          0.45500000          1.40010513
          0.46000000          1.40306231
          0.46500000          1.40567330
          0.47000000          1.40793746
          0.47500000          1.40985423
          0.48000000          1.41142315
          0.48500000          1.41264381
          0.49000000          1.41351593
          0.49500000          1.41403928
          0.50000000          1.41421374
          0.50500000          1.41403926
          0.51000000          1.41351589
          0.51500000          1.41264376
          0.52000000          1.41142308
          0.52500000          1.40985415
          0.53000000          1.40793735
          0.53500000          1.40567318
          0.54000000          1.40306217
          0.54500000          1.40010497
          0.55000000          1.39680233
          0.55500000          1.39315504
          0.56000000          1.38916401
          0.56500000          1.38483023
          0.57000000          1.38015476
          0.57500000          1.37513875
          0.58000000          1.36978345
          0.58500000          1.36409018
          0.59000000          1.35806034
          0.59500000          1.35169542
          0.60000000          1.34499699
          0.60500000          1.33796669
          0.61000000          1.33060628
          0.61500000          1.32291756
          0.62000000          1.31490243
          0.62500000          1.30656286
          0.63000000          1.29790092
          0.63500000          1.28891874
          0.64000000          1.27961855
          0.64500000          1.27000262
          0.65000000          1.26007334
          0.65500000          1.24983315
          0.66000000          1.23928459
          0.66500000          1.22843025
          0.67000000          1.21727282
          0.67500000          1.20581504
          0.68000000          1.19405975
          0.68500000          1.18200983
          0.69000000          1.16966828
          0.69500000          1.15703812
          0.70000000          1.14412249
          0.70500000          1.13092456
          0.71000000          1.11744759
          0.71500000          1.10369490
          0.72000000          1.08966990
          0.72500000          1.07537604
          0.73000000          1.06081684
          0.73500000          1.04599590
          0.74000000          1.03091688
          0.74500000          1.01558350
          0.75000000          0.99999953
          0.75500000          0.98416883
          0.76000000          0.96809530
          0.76500000          0.95178291
          0.77000000          0.93523568
          0.77500000          0.91845769
          0.78000000          0.90145309
          0.78500000          0.88422607
          0.79000000          0.86678088
          0.79500000          0.84912182
          0.80000000          0.83125326
          0.80500000          0.81317959
          0.81000000          0.79490529
          0.81500000          0.77643485
          0.82000000          0.75777284
          0.82500000          0.73892386
          0.83000000          0.71989256
          0.83500000          0.70068364
          0.84000000          0.68130184
          0.84500000          0.66175194
          0.85000000          0.64203875
          0.85500000          0.62216716
          0.86000000          0.60214205
          0.86500000          0.58196838
          0.87000000          0.56165111
          0.87500000          0.54119526
          0.88000000          0.52060588
          0.88500000          0.49988805
          0.89000000          0.47904688
          0.89500000          0.45808752
          0.90000000          0.43701512
          0.90500000          0.41583490
          0.91000000          0.39455208
          0.91500000          0.37317190
          0.92000000          0.35169966
          0.92500000          0.33014063
          0.93000000          0.30850015
          0.93500000          0.28678355
          0.94000000          0.26499620
          0.94500000          0.24314345
          0.95000000          0.22123072
          0.95500000          0.19926340
          0.96000000          0.17724691
          0.96500000          0.15518670
          0.97000000          0.13308819
          0.97500000          0.11095684
          0.98000000          0.08879812
          0.98500000          0.06661749
          0.99000000          0.04442042
          0.99500000          0.02221239
          1.00000000         -0.00000112
