          0.00000000          0.00000000
          0.00500000          0.04442154
          0.01000000          0.08879924
          0.01500000          0.13308930
          0.02000000          0.17724803
          0.02500000          0.22123183
          0.03000000          0.26499730
          0.03500000          0.30850125
          0.04000000          0.35170074
          0.04500000          0.39455315
          0.05000000          0.43701619
          0.05500000          0.47904794
          0.06000000          0.52060693
          0.06500000          0.56165214
          0.07000000          0.60214307
          0.07500000          0.64203975
          0.08000000          0.68130282
          0.08500000          0.71989353
          0.09000000          0.75777379
          0.09500000          0.79490621
          0.10000000          0.83125416
          0.10500000          0.86678177
          0.11000000          0.90145396
          0.11500000          0.93523652
          0.12000000          0.96809612
          0.12500000          1.00000033
          0.13000000          1.03091765
          0.13500000          1.06081758
          0.14000000          1.08967062
          0.14500000          1.11744828
          0.15000000          1.14412315
          0.15500000          1.16966891
          0.16000000          1.19406035
          0.16500000          1.21727339
          0.17000000          1.23928513
          0.17500000          1.26007385
          0.18000000          1.27961902
          0.18500000          1.29790137
          0.19000000          1.31490284
          0.19500000          1.33060666
          0.20000000          1.34499733
          0.20500000          1.35806066
          0.21000000          1.36978373
          0.21500000          1.38015500
          0.22000000          1.38916422
          0.22500000          1.39680250
          0.23000000          1.40306231
          0.23500000          1.40793746
          0.24000000          1.41142315
          0.24500000          1.41351593
          0.25000000          1.41421374
          0.25500000          1.41351589
          0.26000000          1.41142308
          0.26500000          1.40793736
          0.27000000          1.40306217
          0.27500000          1.39680233
          0.28000000          1.38916401
          0.28500000          1.38015476
          0.29000000          1.36978345
          0.29500000          1.35806034
          0.30000000          1.34499699
          0.30500000          1.33060628
          0.31000000          1.31490243
          0.31500000          1.29790092
          0.32000000          1.27961854
          0.32500000          1.26007334
          0.33000000          1.23928459
          0.33500000          1.21727282
          0.34000000          1.19405974
          0.34500000          1.16966828
          0.35000000          1.14412249
          0.35500000          1.11744759
          0.36000000          1.08966990
          0.36500000          1.06081684
          0.37000000          1.03091688
          0.37500000          0.99999953
          0.38000000          0.96809530
          0.38500000          0.93523568
          0.39000000          0.90145309
          0.39500000          0.86678087
          0.40000000          0.83125325
          0.40500000          0.79490528
          0.41000000          0.75777284
          0.41500000          0.71989256
          0.42000000          0.68130184
          0.42500000          0.64203875
          0.43000000          0.60214205
          0.43500000          0.56165110
          0.44000000          0.52060588
          0.44500000          0.47904688
          0.45000000          0.43701511
          0.45500000          0.39455207
          0.46000000          0.35169965
          0.46500000          0.30850015
          0.47000000          0.26499619
          0.47500000          0.22123071
          0.48000000          0.17724691
          0.48500000          0.13308818
          0.49000000          0.08879811
          0.49500000          0.04442041
          0.50000000         -0.00000113
          0.50500000         -0.04442267
          0.51000000         -0.08880036
          0.51500000         -0.13309043
          0.52000000         -0.17724915
          0.52500000         -0.22123294
          0.53000000         -0.26499841
          0.53500000         -0.30850235
          0.54000000         -0.35170184
          0.54500000         -0.39455424
          0.55000000         -0.43701726
          0.55500000         -0.47904900
          0.56000000         -0.52060798
          0.56500000         -0.56165317
          0.57000000         -0.60214409
          0.57500000         -0.64204076
          0.58000000         -0.68130381
          0.58500000         -0.71989450
          0.59000000         -0.75777474
          0.59500000         -0.79490715
          0.60000000         -0.83125508
          0.60500000         -0.86678266
          0.61000000         -0.90145483
          0.61500000         -0.93523737
          0.62000000         -0.96809694
          0.62500000         -1.00000112
          0.63000000         -1.03091842
          0.63500000         -1.06081833
          0.64000000         -1.08967134
          0.64500000         -1.11744897
          0.65000000         -1.14412381
          0.65500000         -1.16966954
          0.66000000         -1.19406095
          0.66500000         -1.21727397
          0.67000000         -1.23928568
          0.67500000         -1.26007436
          0.68000000         -1.27961951
          0.68500000         -1.29790182
          0.69000000         -1.31490326
          0.69500000         -1.33060704
          0.70000000         -1.34499768
          0.70500000         -1.35806097
          0.71000000         -1.36978402
          0.71500000         -1.38015525
          0.72000000         -1.38916443
          0.72500000         -1.39680268
          0.73000000         -1.40306245
          0.73500000         -1.40793757
          0.74000000         -1.41142322
          0.74500000         -1.41351597
          0.75000000         -1.41421374
          0.75500000         -1.41351586
          0.76000000         -1.41142301
          0.76500000         -1.40793725
          0.77000000         -1.40306203
          0.77500000         -1.39680215
          0.78000000         -1.38916380
          0.78500000         -1.38015451
          0.79000000         -1.36978317
          0.79500000         -1.35806003
          0.80000000         -1.34499664
          0.80500000         -1.33060590
          0.81000000         -1.31490201
          0.81500000         -1.29790047
          0.82000000         -1.27961806
          0.82500000         -1.26007283
          0.83000000         -1.23928405
          0.83500000         -1.21727224
          0.84000000         -1.19405914
          0.84500000         -1.16966764
          0.85000000         -1.14412182
          0.85500000         -1.11744689
          0.86000000         -1.08966918
          0.86500000         -1.06081609
          0.87000000         -1.03091611
          0.87500000         -0.99999873
          0.88000000         -0.96809448
          0.88500000         -0.93523483
          0.89000000         -0.90145222
          0.89500000         -0.86677998
          0.90000000         -0.83125234
          0.90500000         -0.79490435
          0.91000000         -0.75777188
          0.91500000         -0.71989159
          0.92000000         -0.68130085
          0.92500000         -0.64203774
          0.93000000         -0.60214103
          0.93500000         -0.56165007
          0.94000000         -0.52060483
          0.94500000         -0.47904581
          0.95000000         -0.43701404
          0.95500000         -0.39455099
          0.96000000         -0.35169856
          0.96500000         -0.30849904
          0.97000000         -0.26499508
          0.97500000         -0.22122960
          0.98000000         -0.17724579
          0.98500000         -0.13308706
          0.99000000         -0.08879699
          0.99500000         -0.04441928
          1.00000000          0.00000226
