          0.00000000          0.00000000
          0.00500000          0.06661865
          0.01000000          0.13308939
          0.01500000          0.19926464
          0.02000000          0.26499747
          0.02500000          0.33014194
          0.03000000          0.39455341
          0.03500000          0.45808888
          0.04000000          0.52060727
          0.04500000          0.58196978
          0.05000000          0.64204016
          0.05500000          0.70068506
          0.06000000          0.75777426
          0.06500000          0.81318101
          0.07000000          0.86678229
          0.07500000          0.91845909
          0.08000000          0.96809669
          0.08500000          1.01558486
          0.09000000          1.06081818
          0.09500000          1.10369621
          0.10000000          1.14412376
          0.10500000          1.18201106
          0.11000000          1.21727400
          0.11500000          1.24983428
          0.12000000          1.27961962
          0.12500000          1.30656387
          0.13000000          1.33060722
          0.13500000          1.35169629
          0.14000000          1.36978425
          0.14500000          1.38483094
          0.15000000          1.39680296
          0.15500000          1.40567372
          0.16000000          1.41142352
          0.16500000          1.41403961
          0.17000000          1.41351618
          0.17500000          1.40985438
          0.18000000          1.40306235
          0.18500000          1.39315516
          0.19000000          1.38015482
          0.19500000          1.36409018
          0.20000000          1.34499692
          0.20500000          1.32291742
          0.21000000          1.29790071
          0.21500000          1.27000234
          0.22000000          1.23928424
          0.22500000          1.20581461
          0.23000000          1.16966777
          0.23500000          1.13092397
          0.24000000          1.08966923
          0.24500000          1.04599515
          0.25000000          0.99999870
          0.25500000          0.95178199
          0.26000000          0.90145209
          0.26500000          0.84912074
          0.27000000          0.79490413
          0.27500000          0.73892262
          0.28000000          0.68130052
          0.28500000          0.62216576
          0.29000000          0.56164964
          0.29500000          0.49988651
          0.30000000          0.43701351
          0.30500000          0.37317022
          0.31000000          0.30849841
          0.31500000          0.24314165
          0.32000000          0.17724505
          0.32500000          0.11095492
          0.33000000          0.04441845
          0.33500000         -0.02221664
          0.34000000         -0.08880241
          0.34500000         -0.15519101
          0.35000000         -0.22123505
          0.35500000         -0.28678790
          0.36000000         -0.35170400
          0.36500000         -0.41583923
          0.37000000         -0.47905119
          0.37500000         -0.54119953
          0.38000000         -0.60214628
          0.38500000         -0.66175611
          0.39000000         -0.71989667
          0.39500000         -0.77643888
          0.40000000         -0.83125720
          0.40500000         -0.88422991
          0.41000000         -0.93523941
          0.41500000         -0.98417245
          0.42000000         -1.03092037
          0.42500000         -1.07537939
          0.43000000         -1.11745079
          0.43500000         -1.15704117
          0.44000000         -1.19406263
          0.44500000         -1.22843296
          0.45000000         -1.26007586
          0.45500000         -1.28892108
          0.46000000         -1.31490456
          0.46500000         -1.33796862
          0.47000000         -1.35806206
          0.47500000         -1.37514025
          0.48000000         -1.38916528
          0.48500000         -1.40010601
          0.49000000         -1.40793816
          0.49500000         -1.41264432
          0.50000000         -1.41421406
          0.50500000         -1.41264388
          0.51000000         -1.40793728
          0.51500000         -1.40010470
          0.52000000         -1.38916353
          0.52500000         -1.37513806
          0.53000000         -1.35805945
          0.53500000         -1.33796559
          0.54000000         -1.31490112
          0.54500000         -1.28891723
          0.55000000         -1.26007162
          0.55500000         -1.22842833
          0.56000000         -1.19405761
          0.56500000         -1.15703579
          0.57000000         -1.11744506
          0.57500000         -1.07537331
          0.58000000         -1.03091397
          0.58500000         -0.98416573
          0.59000000         -0.93523240
          0.59500000         -0.88422261
          0.60000000         -0.83124963
          0.60500000         -0.77643106
          0.61000000         -0.71988861
          0.61500000         -0.66174784
          0.62000000         -0.60213781
          0.62500000         -0.54119089
          0.63000000         -0.47904238
          0.63500000         -0.41583028
          0.64000000         -0.35169493
          0.64500000         -0.28677873
          0.65000000         -0.22122581
          0.65500000         -0.15518171
          0.66000000         -0.08879307
          0.66500000         -0.02220729
          0.67000000          0.04442780
          0.67500000          0.11096425
          0.68000000          0.17725433
          0.68500000          0.24315086
          0.69000000          0.30850754
          0.69500000          0.37317925
          0.70000000          0.43702241
          0.70500000          0.49989526
          0.71000000          0.56165823
          0.71500000          0.62217417
          0.72000000          0.68130872
          0.72500000          0.73893060
          0.73000000          0.79491186
          0.73500000          0.84912822
          0.74000000          0.90145930
          0.74500000          0.95178891
          0.75000000          1.00000531
          0.75500000          1.04600145
          0.76000000          1.08967519
          0.76500000          1.13092958
          0.77000000          1.16967303
          0.77500000          1.20581950
          0.78000000          1.23928874
          0.78500000          1.27000645
          0.79000000          1.29790443
          0.79500000          1.32292073
          0.80000000          1.34499981
          0.80500000          1.36409265
          0.81000000          1.38015686
          0.81500000          1.39315677
          0.82000000          1.40306352
          0.82500000          1.40985511
          0.83000000          1.41351647
          0.83500000          1.41403947
          0.84000000          1.41142294
          0.84500000          1.40567269
          0.85000000          1.39680149
          0.85500000          1.38482904
          0.86000000          1.36978192
          0.86500000          1.35169354
          0.87000000          1.33060405
          0.87500000          1.30656029
          0.88000000          1.27961563
          0.88500000          1.24982990
          0.89000000          1.21726924
          0.89500000          1.18200592
          0.90000000          1.14411826
          0.90500000          1.10369036
          0.91000000          1.06081199
          0.91500000          1.01557835
          0.92000000          0.96808987
          0.92500000          0.91845198
          0.93000000          0.86677490
          0.93500000          0.81317335
          0.94000000          0.75776636
          0.94500000          0.70067693
          0.95000000          0.64203183
          0.95500000          0.58196125
          0.96000000          0.52059857
          0.96500000          0.45808002
          0.97000000          0.39454443
          0.97500000          0.33013284
          0.98000000          0.26498828
          0.98500000          0.19925538
          0.99000000          0.13308008
          0.99500000          0.06660931
          1.00000000         -0.00000936
