          0.00000000          0.00000000
          0.00500000          0.02221350
          0.01000000          0.04442152
          0.01500000          0.06661858
          0.02000000          0.08879920
          0.02500000          0.11095792
          0.03000000          0.13308925
          0.03500000          0.15518775
          0.04000000          0.17724796
          0.04500000          0.19926443
          0.05000000          0.22123174
          0.05500000          0.24314447
          0.06000000          0.26499720
          0.06500000          0.28678454
          0.07000000          0.30850113
          0.07500000          0.33014160
          0.08000000          0.35170061
          0.08500000          0.37317285
          0.09000000          0.39455301
          0.09500000          0.41583582
          0.10000000          0.43701602
          0.10500000          0.45808841
          0.11000000          0.47904776
          0.11500000          0.49988892
          0.12000000          0.52060674
          0.12500000          0.54119610
          0.13000000          0.56165193
          0.13500000          0.58196919
          0.14000000          0.60214285
          0.14500000          0.62216794
          0.15000000          0.64203952
          0.15500000          0.66175269
          0.16000000          0.68130258
          0.16500000          0.70068437
          0.17000000          0.71989327
          0.17500000          0.73892456
          0.18000000          0.75777352
          0.18500000          0.77643552
          0.19000000          0.79490594
          0.19500000          0.81318023
          0.20000000          0.83125388
          0.20500000          0.84912243
          0.21000000          0.86678147
          0.21500000          0.88422664
          0.22000000          0.90145365
          0.22500000          0.91845824
          0.23000000          0.93523621
          0.23500000          0.95178342
          0.24000000          0.96809580
          0.24500000          0.98416932
          0.25000000          1.00000000
          0.25500000          1.01558395
          0.26000000          1.03091732
          0.26500000          1.04599633
          0.27000000          1.06081725
          0.27500000          1.07537643
          0.28000000          1.08967028
          0.28500000          1.10369527
          0.29000000          1.11744793
          0.29500000          1.13092489
          0.30000000          1.14412281
          0.30500000          1.15703843
          0.31000000          1.16966857
          0.31500000          1.18201011
          0.32000000          1.19406000
          0.32500000          1.20581528
          0.33000000          1.21727305
          0.33500000          1.22843047
          0.34000000          1.23928479
          0.34500000          1.24983334
          0.35000000          1.26007351
          0.35500000          1.27000278
          0.36000000          1.27961869
          0.36500000          1.28891887
          0.37000000          1.29790104
          0.37500000          1.30656296
          0.38000000          1.31490252
          0.38500000          1.32291764
          0.39000000          1.33060634
          0.39500000          1.33796675
          0.40000000          1.34499702
          0.40500000          1.35169544
          0.41000000          1.35806035
          0.41500000          1.36409018
          0.42000000          1.36978344
          0.42500000          1.37513873
          0.43000000          1.38015472
          0.43500000          1.38483018
          0.44000000          1.38916395
          0.44500000          1.39315497
          0.45000000          1.39680225
          0.45500000          1.40010488
          0.46000000          1.40306207
          0.46500000          1.40567306
          0.47000000          1.40793723
          0.47500000          1.40985401
          0.48000000          1.41142293
          0.48500000          1.41264361
          0.49000000          1.41351573
          0.49500000          1.41403909
          0.50000000          1.41421356
          0.50500000          1.41403909
          0.51000000          1.41351573
          0.51500000          1.41264361
          0.52000000          1.41142293
          0.52500000          1.40985401
          0.53000000          1.40793723
          0.53500000          1.40567306
          0.54000000          1.40306207
          0.54500000          1.40010488
          0.55000000          1.39680225
          0.55500000          1.39315497
          0.56000000          1.38916395
          0.56500000          1.38483018
          0.57000000          1.38015472
          0.57500000          1.37513873
          0.58000000          1.36978344
          0.58500000          1.36409018
          0.59000000          1.35806035
          0.59500000          1.35169544
          0.60000000          1.34499702
          0.60500000          1.33796675
          0.61000000          1.33060634
          0.61500000          1.32291764
          0.62000000          1.31490252
          0.62500000          1.30656296
          0.63000000          1.29790104
          0.63500000          1.28891887
          0.64000000          1.27961869
          0.64500000          1.27000278
          0.65000000          1.26007351
          0.65500000          1.24983334
          0.66000000          1.23928479
          0.66500000          1.22843047
          0.67000000          1.21727305
          0.67500000          1.20581528
          0.68000000          1.19406000
          0.68500000          1.18201011
          0.69000000          1.16966857
          0.69500000          1.15703843
          0.70000000          1.14412281
          0.70500000          1.13092489
          0.71000000          1.11744793
          0.71500000          1.10369527
          0.72000000          1.08967028
          0.72500000          1.07537643
          0.73000000          1.06081725
          0.73500000          1.04599633
          0.74000000          1.03091732
          0.74500000          1.01558395
          0.75000000          1.00000000
          0.75500000          0.98416932
          0.76000000          0.96809580
          0.76500000          0.95178342
          0.77000000          0.93523621
          0.77500000          0.91845824
          0.78000000          0.90145365
          0.78500000          0.88422664
          0.79000000          0.86678147
          0.79500000          0.84912243
          0.80000000          0.83125388
          0.80500000          0.81318023
          0.81000000          0.79490594
          0.81500000          0.77643552
          0.82000000          0.75777352
          0.82500000          0.73892456
          0.83000000          0.71989327
          0.83500000          0.70068437
          0.84000000          0.68130258
          0.84500000          0.66175269
          0.85000000          0.64203952
          0.85500000          0.62216794
          0.86000000          0.60214285
          0.86500000          0.58196919
          0.87000000          0.56165193
          0.87500000          0.54119610
          0.88000000          0.52060674
          0.88500000          0.49988892
          0.89000000          0.47904776
          0.89500000          0.45808841
          0.90000000          0.43701602
          0.90500000          0.41583582
          0.91000000          0.39455301
          0.91500000          0.37317285
          0.92000000          0.35170061
          0.92500000          0.33014160
          0.93000000          0.30850113
          0.93500000          0.28678454
          0.94000000          0.26499720
          0.94500000          0.24314447
          0.95000000          0.22123174
          0.95500000          0.19926443
          0.96000000          0.17724796
          0.96500000          0.15518775
          0.97000000          0.13308925
          0.97500000          0.11095792
          0.98000000          0.08879920
          0.98500000          0.06661858
          0.99000000          0.04442152
          0.99500000          0.02221350
          1.00000000         -0.00000000
