   1          7.81312095
   2          8.81009856
   3         16.18368246
   4         25.60784699
   5         36.60173045
   6         49.34665885
   7         65.16362139
   8         84.19210278
   9        105.36771842
  10        128.38595112
  11        154.06570012
  12        182.75859207
  13        213.80395572
  14        246.84558151
  15        282.42373855
  16        320.88697451
  17        361.78034060
  18        404.76950507
  19        450.24223637
  20        498.51840823
  21        549.26161043
  22        602.16682656
  23        657.52845719
  24        715.63802765
  25        776.23492069
  26        839.04034840
  27        904.28646906
  28        972.24069398
  29       1042.69456124
  30       1115.39115926
  31       1190.51854598
  32       1268.32425132
  33       1348.63763028
  34       1431.21975239
  35       1516.22602464
  36       1603.88766732
  37       1694.06250826
  38       1786.52637704
  39       1881.40972895
  40       1978.93039759
  41       2078.96822896
  42       2181.31116976
  43       2286.07018484
  44       2393.45213327
  45       2503.35418954
  46       2615.57420996
  47       2730.20773383
  48       2847.45268877
  49       2967.22000558
  50       3089.31554579
  51       3213.82259492
  52       3340.93194745
  53       3470.56543481
  54       3602.53520711
  55       3736.91489823
  56       3873.88983348
  57       4013.39033728
  58       4155.23321218
  59       4299.48470067
  60       4446.32629637
  61       4595.69465745
  62       4747.40957122
  63       4901.53198811
  64       5058.24130236
  65       5217.47842343
  66       5379.06428791
  67       5543.05666281
  68       5709.63482948
  69       5878.74176519
  70       6050.19735943
  71       6224.05850918
  72       6400.50686527
  73       6579.48496261
  74       6760.80877447
  75       6944.53711808
  76       7130.85740656
  77       7319.70855404
  78       7510.89850809
  79       7704.49171816
  80       7900.68646256
  81       8099.41358977
  82       8300.46650836
  83       8503.92076366
  84       8709.99406491
  85       8918.60229751
  86       9129.51265966
  87       9342.82075750
  88       9558.78030033
  89       9777.28020396
  90       9998.03665718
  91      10221.18193839
  92      10447.04544281
  93      10675.46551869
  94      10906.03738031
  95      11138.96335161
  96      11374.79087745
  97      11613.27318336
  98      11853.50482697
  99      12095.48511091
 100      12343.67260074
 101      12588.93764535
 102      12840.50990204
 103      13093.72344613
 104      13348.70021702
 105      13606.36908328
 106      13866.93374706
 107      14129.82880792
 108      14394.88099460
 109      14662.50775699
 110      14932.84809182
 111      15205.56262938
 112      15480.53830295
 113      15758.06691488
 114      16038.24256321
 115      16320.80479902
 116      16605.67356421
 117      16893.08744043
 118      17183.11602040
 119      17475.53646794
 120      17770.28706022
 121      18067.57901056
 122      18367.46815364
 123      18669.75193342
 124      18974.37888381
 125      19281.54507976
 126      19591.29884445
 127      19903.44889839
 128      20217.94907395
 129      20534.98717032
 130      20854.60803807
 131      21176.62627778
 132      21500.99764942
 133      21827.90603865
 134      22157.39570600
 135      22489.28351176
 136      22823.52461999
 137      23160.30208267
 138      23499.66183233
 139      23841.42030402
 140      24185.52999082
 141      24532.17550783
 142      24881.40640782
 143      25233.03650940
 144      25587.01376442
 145      25943.52640100
 146      26302.62942722
 147      26664.13208314
 148      27027.97594153
 149      27394.35476292
 150      27763.33088794
 151      28134.70706037
 152      28508.41652154
 153      28884.66051831
 154      29263.51078941
 155      29644.76155382
 156      30028.33550249
 157      30414.44351015
 158      30803.16913294
 159      31194.29576724
 160      31587.73288088
 161      31983.70347735
 162      32382.30592195
 163      32783.31002784
 164      33186.60865110
 165      33592.44000912
 166      34000.92116262
 167      34411.80484914
 168      34824.96280440
 169      35240.65245839
 170      35659.01486539
 171      36079.78105043
 172      36502.79532671
 173      36928.33977458
 174      37356.58704776
 175      37787.23999443
 176      38220.10619454
 177      38655.50015869
 178      39093.63774045
 179      39534.18409896
 180      39976.89536573
 181      40422.13028054
 182      40870.16700145
 183      41320.61807311
 184      41773.16275687
 185      42228.22324088
 186      42686.17495357
 187      43146.55243700
 188      43608.90817673
 189      44073.76208182
 190      44541.66190794
 191      45012.01642600
 192      45484.13106899
 193      45958.69100232
 194      46436.62894132
 195      46917.13280248
 196      47398.82881749
 197      47882.65362486
 198      48371.08318024
 199      48863.93494147
 200      49348.02200545
 201      49851.02705439
