   1          7.83992187
   2          8.84062500
   3         16.18597656
   4         25.61183594
   5         36.62683594
   6         49.37871094
   7         65.17472656
   8         84.19269531
   9        105.38785156
  10        128.41910156
  11        154.08003906
  12        182.75753906
  13        213.81988281
  14        246.87707031
  15        282.43738281
  16        320.88144531
  17        361.78816406
  18        404.79285156
  19        450.24660156
  20        498.49785156
  21        549.24847656
  22        602.16535156
  23        657.50253906
  24        715.57722656
  25        776.17003906
  26        838.97722656
  27        904.18660156
  28        972.08816406
  29       1042.51753906
  30       1115.19535156
  31       1190.26222656
  32       1267.98410156
  33       1348.23816406
  34       1430.76503906
  35       1515.66941406
  36       1603.19753906
  37       1693.25628906
  38       1785.60566406
  39       1880.31941406
  40       1977.62816406
  41       2077.46378906
  42       2179.59878906
  43       2284.08628907
  44       2391.13878907
  45       2500.71003907
  46       2612.58441407
  47       2726.79503908
  48       2843.54128908
  49       2962.79253908
  50       3084.34628908
  51       3208.21503909
  52       3334.58816409
  53       3463.44816409
  54       3594.60066409
  55       3728.04566410
  56       3863.95816410
  57       4002.33316410
  58       4142.98691411
  59       4285.90191411
  60       4431.24441411
  61       4579.01941412
  62       4729.04816412
  63       4881.30316412
  64       5035.93941413
  65       5192.96941413
  66       5352.22128913
  67       5513.65628914
  68       5677.41691414
  69       5843.52566414
  70       6011.81566415
  71       6182.23441415
  72       6354.91816415
  73       6529.89191416
  74       6706.99691416
  75       6886.16691417
  76       7067.52941417
  77       7251.11441417
  78       7436.76691418
  79       7624.41191418
  80       7814.16441419
  81       8006.06066419
  82       8199.94816420
  83       8395.74191420
  84       8593.54566420
  85       8793.40066421
  86       8995.15691421
  87       9198.71816422
  88       9404.17941422
  89       9611.58441423
  90       9820.78441423
  91      10031.67441424
  92      10244.33566424
  93      10458.81816424
  94      10674.97566425
  95      10892.68816425
  96      11112.03066426
  97      11333.05316426
  98      11555.60941427
  99      11779.57066427
 100      12005.00066428
