   1          7.81312095          7.83992187         -0.02680092         -0.00341852
   2          8.81009856          8.84062500         -0.03052644         -0.00345297
   3         16.18368246         16.18597656         -0.00229410         -0.00014173
   4         25.60784699         25.61183594         -0.00398895         -0.00015575
   5         36.60173045         36.62683594         -0.02510549         -0.00068544
   6         49.34665885         49.37871094         -0.03205209         -0.00064911
   7         65.16362139         65.17472656         -0.01110517         -0.00017039
   8         84.19210278         84.19269531         -0.00059253         -0.00000704
   9        105.36771842        105.38785156         -0.02013314         -0.00019104
  10        128.38595112        128.41910156         -0.03315044         -0.00025814

  91      10221.18193839      10031.67441424        189.50752415          0.01889092
  92      10447.04544281      10244.33566424        202.70977857          0.01978750
  93      10675.46551869      10458.81816424        216.64735445          0.02071432
  94      10906.03738031      10674.97566425        231.06171606          0.02164517
  95      11138.96335161      10892.68816425        246.27518736          0.02260922
  96      11374.79087745      11112.03066426        262.76021319          0.02364646
  97      11613.27318336      11333.05316426        280.22001910          0.02472591
  98      11853.50482697      11555.60941427        297.89541270          0.02577929
  99      12095.48511091      11779.57066427        315.91444664          0.02681884
 100      12343.67260074      12005.00066428        338.67193646          0.02821091
