   1      0.507098846112
   2      1.572222771940
   3      2.643542586920
   4      3.678630716036
   5      4.698700086944
   6      5.711401244172
   7      6.720103366046
   8      7.726542390189
   9      8.731591160909
  10      9.735726326560
  11     10.739203519831
  12     11.742165975060
  13     12.744691921426
  14     13.746825494878
  15     14.748591904979
  16     15.750007898702
  17     16.751087308262
  18     17.751844962407
  19     18.752298693962
  20     19.752470581777
  21     20.752387254417
  22     21.752079725521
  23     22.751582691860
  24     23.750933548395
  25     24.750171134388
  26     25.749334391540
  27     26.748460992252
  28     27.747586072976
  29     28.746741128625
  30     29.745953147910
  31     30.745244010817
  32     31.744630169177
  33     32.744122590818
  34     33.743726943880
  35     34.743443976468
  36     35.743270048411
  37     36.743197766013
  38     37.743216677697
  39     38.743313991405
  40     39.743475283344
  41     40.743685173379
  42     41.743927949675
  43     42.744188130212
  44     43.744450953507
  45     44.744702794158
  46     45.744931501346
  47     46.745126660261
  48     47.745279777720
  49     48.745384394367
  50     49.745436126765
  51     50.745432643730
  52     51.745373582200
  53     52.745260409114
  54     53.745096236789
  55     54.744885600350
  56     55.744634206598
  57     56.744348664308
  58     57.744036206119
  59     58.743704412088
  60     59.743360944257
  61     60.743013300668
  62     61.742668595811
  63     62.742333372948
  64     63.742013451934
  65     64.741713814434
  66     65.741438526685
  67     66.741190698492
  68     67.740972475837
  69     68.740785063521
  70     69.740628773593
  71     70.740503094924
  72     71.740406779157
  73     72.740337938391
  74     73.740294150214
  75     74.740272566097
  76     75.740270019668
  77     76.740283131875
  78     77.740308410599
  79     78.740342342802
  80     79.740381477734
  81     80.740422500229
  82     81.740462293440
  83     82.740497990761
  84     83.740527016935
  85     84.740547118616
  86     85.740556384843
  87     86.740553258055
  88     87.740536536402
  89     88.740505368211
  90     89.740459239526
  91     90.740397955713
  92     91.740321618097
  93     92.740230596651
  94     93.740125499702
  95     94.740007141589
  96     95.739876509155
  97     96.739734727907
  98     97.739583028554
  99     98.739422714594
 100     99.739255131492
 101    100.739081637917
 102    101.738903579399
 103    102.738722264675
 104    103.738538944900
 105    104.738354795845
 106    105.738170903082
 107    106.737988250151
 108    107.737807709603
 109    108.737630036818
 110    109.737455866420
 111    110.737285711126
 112    111.737119962837
 113    112.736958895765
 114    113.736802671393
 115    114.736651345074
 116    115.736504874050
 117    116.736363126692
 118    117.736225892764
 119    118.736092894480
 120    119.735963798162
 121    120.735838226247
 122    121.735715769435
 123    122.735595998708
 124    123.735478476970
 125    124.735362770054
 126    125.735248456797
 127    126.735135137945
 128    127.735022443609
 129    128.734910039043
 130    129.734797628540
 131    130.734684957281
 132    131.734571811041
 133    132.734458013723
 134    133.734343422763
 135    134.734227922572
 136    135.734111416230
 137    136.733993815810
 138    137.733875031734
 139    138.733754961731
 140    139.733633479972
 141    140.733510427056
 142    141.733385601532
 143    142.733258753653
 144    143.733129581992
 145    144.732997733527
 146    145.732862807631
 147    146.732724364295
 148    147.732581936706
 149    148.732435048079
 150    149.732283232415
 151    150.732126058582
 152    151.731963156869
 153    152.731794246891
 154    153.731619165532
 155    154.731437893370
 156    155.731250577945
 157    156.731057552149
 158    157.730859346030
 159    158.730656690431
 160    159.730450511111
 161    160.730241912286
 162    161.730032148991
 163    162.729822588115
 164    163.729614658583
 165    164.729409791723
 166    165.729209353514
 167    166.729014570964
 168    167.728826455445
 169    168.728645726187
 170    169.728472737492
 171    170.728307413316
 172    171.728149192879
 173    172.727996990684
 174    173.727849173947
 175    174.727703559768
 176    175.727557433578
 177    176.727407589372
 178    177.727250391001
 179    178.727081852422
 180    179.726897733111
 181    180.726693642908
 182    181.726465148266
 183    182.726207868931
 184    183.725917550328
 185    184.725590091706
 186    185.725221502413
 187    186.724807746771
 188    187.724344418442
 189    188.723826151422
 190    189.723245614188
 191    190.722591819938
 192    191.721847265326
 193    192.720982971157
 194    193.719949659699
 195    194.718662164354
 196    195.716973071147
 197    196.714556939882
 198    197.709301462119
 199    198.687630230500
 200    199.659400315754
 201    200.649247242862
 202    201.645934294702
 203    202.665182261821
 204    203.690712999985
 205    204.704822139816
 206    205.712836026499
 207    206.717454584484
 208    207.720192852656
 209    208.721857559071
 210    209.722886581301
 211    210.723526296928
 212    211.723921502005
 213    212.724161226698
 214    213.724302593108
 215    214.724383603446
 216    215.724430221456
 217    216.724460435984
 218    217.724486687970
 219    218.724517388978
 220    219.724557924383
 221    220.724611357724
 222    221.724678957058
 223    222.724760611145
 224    223.724855173284
 225    224.724960753578
 226    225.725074970590
 227    226.725195167970
 228    227.725318598674
 229    228.725442578066
 230    229.725564606741
 231    230.725682463959
 232    231.725794273002
 233    232.725898540238
 234    233.725994170241
 235    234.726080459804
 236    235.726157074117
 237    236.726224008648
 238    237.726281540446
 239    238.726330172542
 240    239.726370575053
 241    240.726403526233
 242    241.726429856393
 243    242.726450397079
 244    243.726465937386
 245    244.726477188682
 246    245.726484758484
 247    246.726489133634
 248    247.726490672477
 249    248.726489605314
 250    249.726486042043
 251    250.726479985723
 252    251.726471350582
 253    252.726459982986
 254    253.726445683892
 255    254.726428231391
 256    255.726407402122
 257    256.726382990533
 258    257.726354825154
 259    258.726322781325
 260    259.726286790042
 261    260.726246842806
 262    261.726202992572
 263    262.726155351076
 264    263.726104082974
 265    264.726049397308
 266    265.725991536929
 267    266.725930766514
 268    267.725867359830
 269    268.725801586872
 270    269.725733701449
 271    270.725663929729
 272    271.725592460148
 273    272.725519435035
 274    273.725444944162
 275    274.725369020368
 276    275.725291637324
 277    276.725212709389
 278    277.725132093494
 279    278.725049592897
 280    279.724964962639
 281    280.724877916488
 282    281.724788135160
 283    282.724695275587
 284    283.724598981012
 285    284.724498891702
 286    285.724394656079
 287    286.724285942080
 288    287.724172448585
 289    288.724053916732
 290    289.723930140984
 291    290.723800979767
 292    291.723666365559
 293    292.723526314219
 294    293.723380933424
 295    294.723230429985
 296    295.723075115857
 297    296.722915412619
 298    297.722751854172
 299    298.722585087426
 300    299.722415870720
 301    300.722245069739
 302    301.722073650701
 303    302.721902670621
 304    303.721733264495
 305    304.721566629312
 306    305.721404004856
 307    306.721246651357
 308    307.721095824121
 309    308.720952745387
 310    309.720818573762
 311    310.720694371678
 312    311.720581071463
 313    312.720479440662
 314    313.720390047421
 315    314.720313226763
 316    315.720249048709
 317    316.720197289225
 318    317.720157405032
 319    318.720128513319
 320    319.720109377402
 321    320.720098399334
 322    321.720093620408
 323    322.720092730410
 324    323.720093086375
 325    324.720091741409
 326    325.720085483995
 327    326.720070887957
 328    327.720044372980
 329    328.720002275299
 330    329.719940927808
 331    330.719856748432
 332    331.719746335191
 333    332.719606565913
 334    333.719434700047
 335    334.719228479594
 336    335.718986225651
 337    336.718706926718
 338    337.718390314586
 339    338.718036923487
 340    339.717648128183
 341    340.717226156949
 342    341.716774075898
 343    342.716295741884
 344    343.715795722291
 345    344.715279181351
 346    345.714751734126
 347    346.714219271036
 348    347.713687757445
 349    348.713163014557
 350    349.712650489321
 351    350.712155022281
 352    351.711680623188
 353    352.711230264666
 354    353.710805704263
 355    354.710407344845
 356    355.710034142568
 357    356.709683570513
 358    357.709351644801
 359    358.709033018283
 360    359.708721145231
 361    360.708408518228
 362    361.708086976378
 363    362.707748081008
 364    363.707383552362
 365    364.706985756689
 366    365.706548229832
 367    366.706066217955
 368    367.705537212612
 369    368.704961451183
 370    369.704342351821
 371    370.703686846877
 372    371.703005581617
 373    372.702312943164
 374    373.701626895648
 375    374.700968600070
 376    375.700361818168
 377    376.699832103555
 378    377.699405811738
 379    378.699108957833
 380    379.698965981687
 381    380.698998459486
 382    381.699223831035
 383    382.699654164020
 384    383.700295008268
 385    384.701144311712
 386    385.702191407491
 387    386.703415959489
 388    387.704786781190
 389    388.706260261499
 390    389.707778028839
 391    390.709263192595
 392    391.710613662081
 393    392.711690403759
 394    393.712293513262
 395    394.712116068918
 396    395.710629932370
 397    396.706829006899
 398    397.698127512769
 399    398.675335862101
 400    399.599571326136
 401    400.515550595681
