         -5.00000000          0.00000000
         -4.97500000          0.00000005
         -4.95000000          0.00000011
         -4.92500000          0.00000017
         -4.90000000          0.00000024
         -4.87500000          0.00000033
         -4.85000000          0.00000045
         -4.82500000          0.00000059
         -4.80000000          0.00000077
         -4.77500000          0.00000099
         -4.75000000          0.00000128
         -4.72500000          0.00000164
         -4.70000000          0.00000210
         -4.67500000          0.00000268
         -4.65000000          0.00000340
         -4.62500000          0.00000431
         -4.60000000          0.00000544
         -4.57500000          0.00000685
         -4.55000000          0.00000859
         -4.52500000          0.00001075
         -4.50000000          0.00001342
         -4.47500000          0.00001670
         -4.45000000          0.00002073
         -4.42500000          0.00002565
         -4.40000000          0.00003166
         -4.37500000          0.00003897
         -4.35000000          0.00004783
         -4.32500000          0.00005855
         -4.30000000          0.00007149
         -4.27500000          0.00008705
         -4.25000000          0.00010572
         -4.22500000          0.00012805
         -4.20000000          0.00015470
         -4.17500000          0.00018640
         -4.15000000          0.00022402
         -4.12500000          0.00026855
         -4.10000000          0.00032110
         -4.07500000          0.00038296
         -4.05000000          0.00045560
         -4.02500000          0.00054065
         -4.00000000          0.00063998
         -3.97500000          0.00075569
         -3.95000000          0.00089014
         -3.92500000          0.00104594
         -3.90000000          0.00122604
         -3.87500000          0.00143368
         -3.85000000          0.00167249
         -3.82500000          0.00194643
         -3.80000000          0.00225991
         -3.77500000          0.00261772
         -3.75000000          0.00302512
         -3.72500000          0.00348785
         -3.70000000          0.00401212
         -3.67500000          0.00460468
         -3.65000000          0.00527279
         -3.62500000          0.00602427
         -3.60000000          0.00686749
         -3.57500000          0.00781138
         -3.55000000          0.00886547
         -3.52500000          0.01003981
         -3.50000000          0.01134507
         -3.47500000          0.01279244
         -3.45000000          0.01439364
         -3.42500000          0.01616094
         -3.40000000          0.01810706
         -3.37500000          0.02024518
         -3.35000000          0.02258889
         -3.32500000          0.02515211
         -3.30000000          0.02794907
         -3.27500000          0.03099423
         -3.25000000          0.03430219
         -3.22500000          0.03788761
         -3.20000000          0.04176515
         -3.17500000          0.04594937
         -3.15000000          0.05045458
         -3.12500000          0.05529480
         -3.10000000          0.06048360
         -3.07500000          0.06603403
         -3.05000000          0.07195845
         -3.02500000          0.07826844
         -3.00000000          0.08497468
         -2.97500000          0.09208682
         -2.95000000          0.09961336
         -2.92500000          0.10756153
         -2.90000000          0.11593719
         -2.87500000          0.12474470
         -2.85000000          0.13398682
         -2.82500000          0.14366463
         -2.80000000          0.15377742
         -2.77500000          0.16432265
         -2.75000000          0.17529583
         -2.72500000          0.18669049
         -2.70000000          0.19849816
         -2.67500000          0.21070831
         -2.65000000          0.22330835
         -2.62500000          0.23628360
         -2.60000000          0.24961736
         -2.57500000          0.26329090
         -2.55000000          0.27728350
         -2.52500000          0.29157254
         -2.50000000          0.30613355
         -2.47500000          0.32094032
         -2.45000000          0.33596500
         -2.42500000          0.35117817
         -2.40000000          0.36654907
         -2.37500000          0.38204563
         -2.35000000          0.39763470
         -2.32500000          0.41328219
         -2.30000000          0.42895320
         -2.27500000          0.44461228
         -2.25000000          0.46022350
         -2.22500000          0.47575074
         -2.20000000          0.49115779
         -2.17500000          0.50640861
         -2.15000000          0.52146744
         -2.12500000          0.53629907
         -2.10000000          0.55086892
         -2.07500000          0.56514331
         -2.05000000          0.57908956
         -2.02500000          0.59267618
         -2.00000000          0.60587301
         -1.97500000          0.61865137
         -1.95000000          0.63098419
         -1.92500000          0.64284611
         -1.90000000          0.65421361
         -1.87500000          0.66506509
         -1.85000000          0.67538095
         -1.82500000          0.68514368
         -1.80000000          0.69433786
         -1.77500000          0.70295026
         -1.75000000          0.71096982
         -1.72500000          0.71838770
         -1.70000000          0.72519724
         -1.67500000          0.73139397
         -1.65000000          0.73697559
         -1.62500000          0.74194192
         -1.60000000          0.74629484
         -1.57500000          0.75003827
         -1.55000000          0.75317807
         -1.52500000          0.75572197
         -1.50000000          0.75767950
         -1.47500000          0.75906188
         -1.45000000          0.75988194
         -1.42500000          0.76015402
         -1.40000000          0.75989384
         -1.37500000          0.75911844
         -1.35000000          0.75784600
         -1.32500000          0.75609581
         -1.30000000          0.75388810
         -1.27500000          0.75124393
         -1.25000000          0.74818512
         -1.22500000          0.74473408
         -1.20000000          0.74091378
         -1.17500000          0.73674756
         -1.15000000          0.73225910
         -1.12500000          0.72747227
         -1.10000000          0.72241108
         -1.07500000          0.71709956
         -1.05000000          0.71156168
         -1.02500000          0.70582129
         -1.00000000          0.69990202
         -0.97500000          0.69382723
         -0.95000000          0.68761995
         -0.92500000          0.68130279
         -0.90000000          0.67489792
         -0.87500000          0.66842703
         -0.85000000          0.66191125
         -0.82500000          0.65537113
         -0.80000000          0.64882662
         -0.77500000          0.64229704
         -0.75000000          0.63580105
         -0.72500000          0.62935661
         -0.70000000          0.62298102
         -0.67500000          0.61669087
         -0.65000000          0.61050203
         -0.62500000          0.60442966
         -0.60000000          0.59848823
         -0.57500000          0.59269149
         -0.55000000          0.58705246
         -0.52500000          0.58158350
         -0.50000000          0.57629627
         -0.47500000          0.57120174
         -0.45000000          0.56631024
         -0.42500000          0.56163142
         -0.40000000          0.55717430
         -0.37500000          0.55294730
         -0.35000000          0.54895821
         -0.32500000          0.54521424
         -0.30000000          0.54172200
         -0.27500000          0.53848757
         -0.25000000          0.53551645
         -0.22500000          0.53281365
         -0.20000000          0.53038362
         -0.17500000          0.52823033
         -0.15000000          0.52635724
         -0.12500000          0.52476733
         -0.10000000          0.52346310
         -0.07500000          0.52244660
         -0.05000000          0.52171941
         -0.02500000          0.52128264
          0.00000000          0.52113698
          0.02500000          0.52128264
          0.05000000          0.52171941
          0.07500000          0.52244660
          0.10000000          0.52346310
          0.12500000          0.52476733
          0.15000000          0.52635724
          0.17500000          0.52823033
          0.20000000          0.53038362
          0.22500000          0.53281365
          0.25000000          0.53551645
          0.27500000          0.53848757
          0.30000000          0.54172200
          0.32500000          0.54521424
          0.35000000          0.54895821
          0.37500000          0.55294730
          0.40000000          0.55717430
          0.42500000          0.56163142
          0.45000000          0.56631024
          0.47500000          0.57120174
          0.50000000          0.57629627
          0.52500000          0.58158350
          0.55000000          0.58705246
          0.57500000          0.59269149
          0.60000000          0.59848823
          0.62500000          0.60442966
          0.65000000          0.61050203
          0.67500000          0.61669087
          0.70000000          0.62298102
          0.72500000          0.62935661
          0.75000000          0.63580105
          0.77500000          0.64229704
          0.80000000          0.64882662
          0.82500000          0.65537113
          0.85000000          0.66191125
          0.87500000          0.66842703
          0.90000000          0.67489792
          0.92500000          0.68130279
          0.95000000          0.68761995
          0.97500000          0.69382723
          1.00000000          0.69990202
          1.02500000          0.70582129
          1.05000000          0.71156168
          1.07500000          0.71709956
          1.10000000          0.72241108
          1.12500000          0.72747227
          1.15000000          0.73225910
          1.17500000          0.73674756
          1.20000000          0.74091378
          1.22500000          0.74473408
          1.25000000          0.74818512
          1.27500000          0.75124393
          1.30000000          0.75388810
          1.32500000          0.75609581
          1.35000000          0.75784600
          1.37500000          0.75911844
          1.40000000          0.75989384
          1.42500000          0.76015402
          1.45000000          0.75988194
          1.47500000          0.75906188
          1.50000000          0.75767950
          1.52500000          0.75572197
          1.55000000          0.75317807
          1.57500000          0.75003827
          1.60000000          0.74629484
          1.62500000          0.74194192
          1.65000000          0.73697559
          1.67500000          0.73139397
          1.70000000          0.72519724
          1.72500000          0.71838770
          1.75000000          0.71096982
          1.77500000          0.70295026
          1.80000000          0.69433786
          1.82500000          0.68514368
          1.85000000          0.67538095
          1.87500000          0.66506509
          1.90000000          0.65421361
          1.92500000          0.64284611
          1.95000000          0.63098419
          1.97500000          0.61865137
          2.00000000          0.60587301
          2.02500000          0.59267618
          2.05000000          0.57908956
          2.07500000          0.56514331
          2.10000000          0.55086892
          2.12500000          0.53629907
          2.15000000          0.52146744
          2.17500000          0.50640861
          2.20000000          0.49115779
          2.22500000          0.47575074
          2.25000000          0.46022350
          2.27500000          0.44461228
          2.30000000          0.42895320
          2.32500000          0.41328219
          2.35000000          0.39763470
          2.37500000          0.38204563
          2.40000000          0.36654907
          2.42500000          0.35117817
          2.45000000          0.33596500
          2.47500000          0.32094032
          2.50000000          0.30613355
          2.52500000          0.29157254
          2.55000000          0.27728350
          2.57500000          0.26329090
          2.60000000          0.24961736
          2.62500000          0.23628360
          2.65000000          0.22330835
          2.67500000          0.21070831
          2.70000000          0.19849816
          2.72500000          0.18669049
          2.75000000          0.17529583
          2.77500000          0.16432265
          2.80000000          0.15377742
          2.82500000          0.14366463
          2.85000000          0.13398682
          2.87500000          0.12474470
          2.90000000          0.11593719
          2.92500000          0.10756153
          2.95000000          0.09961336
          2.97500000          0.09208682
          3.00000000          0.08497468
          3.02500000          0.07826844
          3.05000000          0.07195845
          3.07500000          0.06603403
          3.10000000          0.06048360
          3.12500000          0.05529480
          3.15000000          0.05045458
          3.17500000          0.04594937
          3.20000000          0.04176515
          3.22500000          0.03788761
          3.25000000          0.03430219
          3.27500000          0.03099423
          3.30000000          0.02794907
          3.32500000          0.02515211
          3.35000000          0.02258889
          3.37500000          0.02024518
          3.40000000          0.01810706
          3.42500000          0.01616094
          3.45000000          0.01439364
          3.47500000          0.01279244
          3.50000000          0.01134507
          3.52500000          0.01003981
          3.55000000          0.00886547
          3.57500000          0.00781138
          3.60000000          0.00686749
          3.62500000          0.00602427
          3.65000000          0.00527279
          3.67500000          0.00460468
          3.70000000          0.00401212
          3.72500000          0.00348785
          3.75000000          0.00302512
          3.77500000          0.00261772
          3.80000000          0.00225991
          3.82500000          0.00194643
          3.85000000          0.00167249
          3.87500000          0.00143368
          3.90000000          0.00122603
          3.92500000          0.00104594
          3.95000000          0.00089014
          3.97500000          0.00075569
          4.00000000          0.00063998
          4.02500000          0.00054065
          4.05000000          0.00045560
          4.07500000          0.00038296
          4.10000000          0.00032110
          4.12500000          0.00026854
          4.15000000          0.00022402
          4.17500000          0.00018640
          4.20000000          0.00015469
          4.22500000          0.00012804
          4.25000000          0.00010571
          4.27500000          0.00008704
          4.30000000          0.00007148
          4.32500000          0.00005854
          4.35000000          0.00004781
          4.37500000          0.00003894
          4.40000000          0.00003163
          4.42500000          0.00002562
          4.45000000          0.00002069
          4.47500000          0.00001665
          4.50000000          0.00001336
          4.52500000          0.00001068
          4.55000000          0.00000850
          4.57500000          0.00000673
          4.60000000          0.00000530
          4.62500000          0.00000414
          4.65000000          0.00000319
          4.67500000          0.00000241
          4.70000000          0.00000176
          4.72500000          0.00000121
          4.75000000          0.00000074
          4.77500000          0.00000030
          4.80000000         -0.00000011
          4.82500000         -0.00000053
          4.85000000         -0.00000099
          4.87500000         -0.00000151
          4.90000000         -0.00000213
          4.92500000         -0.00000290
          4.95000000         -0.00000387
          4.97500000         -0.00000512
          5.00000000         -0.00000675
