         -5.00000000          0.00000000
         -4.97500000          0.00000032
         -4.95000000          0.00000067
         -4.92500000          0.00000106
         -4.90000000          0.00000152
         -4.87500000          0.00000208
         -4.85000000          0.00000277
         -4.82500000          0.00000364
         -4.80000000          0.00000473
         -4.77500000          0.00000610
         -4.75000000          0.00000783
         -4.72500000          0.00001000
         -4.70000000          0.00001272
         -4.67500000          0.00001613
         -4.65000000          0.00002038
         -4.62500000          0.00002566
         -4.60000000          0.00003222
         -4.57500000          0.00004034
         -4.55000000          0.00005035
         -4.52500000          0.00006266
         -4.50000000          0.00007776
         -4.47500000          0.00009622
         -4.45000000          0.00011872
         -4.42500000          0.00014607
         -4.40000000          0.00017921
         -4.37500000          0.00021925
         -4.35000000          0.00026749
         -4.32500000          0.00032544
         -4.30000000          0.00039485
         -4.27500000          0.00047775
         -4.25000000          0.00057648
         -4.22500000          0.00069372
         -4.20000000          0.00083255
         -4.17500000          0.00099647
         -4.15000000          0.00118949
         -4.12500000          0.00141611
         -4.10000000          0.00168145
         -4.07500000          0.00199125
         -4.05000000          0.00235195
         -4.02500000          0.00277075
         -4.00000000          0.00325567
         -3.97500000          0.00381560
         -3.95000000          0.00446035
         -3.92500000          0.00520075
         -3.90000000          0.00604867
         -3.87500000          0.00701706
         -3.85000000          0.00812005
         -3.82500000          0.00937293
         -3.80000000          0.01079223
         -3.77500000          0.01239571
         -3.75000000          0.01420242
         -3.72500000          0.01623263
         -3.70000000          0.01850787
         -3.67500000          0.02105091
         -3.65000000          0.02388566
         -3.62500000          0.02703715
         -3.60000000          0.03053143
         -3.57500000          0.03439546
         -3.55000000          0.03865698
         -3.52500000          0.04334436
         -3.50000000          0.04848644
         -3.47500000          0.05411227
         -3.45000000          0.06025095
         -3.42500000          0.06693135
         -3.40000000          0.07418180
         -3.37500000          0.08202984
         -3.35000000          0.09050187
         -3.32500000          0.09962284
         -3.30000000          0.10941584
         -3.27500000          0.11990177
         -3.25000000          0.13109893
         -3.22500000          0.14302264
         -3.20000000          0.15568486
         -3.17500000          0.16909376
         -3.15000000          0.18325334
         -3.12500000          0.19816306
         -3.10000000          0.21381747
         -3.07500000          0.23020586
         -3.05000000          0.24731196
         -3.02500000          0.26511362
         -3.00000000          0.28358258
         -2.97500000          0.30268425
         -2.95000000          0.32237755
         -2.92500000          0.34261482
         -2.90000000          0.36334171
         -2.87500000          0.38449722
         -2.85000000          0.40601377
         -2.82500000          0.42781726
         -2.80000000          0.44982735
         -2.77500000          0.47195766
         -2.75000000          0.49411609
         -2.72500000          0.51620523
         -2.70000000          0.53812284
         -2.67500000          0.55976229
         -2.65000000          0.58101321
         -2.62500000          0.60176207
         -2.60000000          0.62189290
         -2.57500000          0.64128798
         -2.55000000          0.65982862
         -2.52500000          0.67739597
         -2.50000000          0.69387181
         -2.47500000          0.70913943
         -2.45000000          0.72308444
         -2.42500000          0.73559565
         -2.40000000          0.74656591
         -2.37500000          0.75589292
         -2.35000000          0.76348008
         -2.32500000          0.76923722
         -2.30000000          0.77308136
         -2.27500000          0.77493742
         -2.25000000          0.77473881
         -2.22500000          0.77242808
         -2.20000000          0.76795737
         -2.17500000          0.76128891
         -2.15000000          0.75239536
         -2.12500000          0.74126011
         -2.10000000          0.72787753
         -2.07500000          0.71225305
         -2.05000000          0.69440329
         -2.02500000          0.67435596
         -2.00000000          0.65214979
         -1.97500000          0.62783433
         -1.95000000          0.60146972
         -1.92500000          0.57312629
         -1.90000000          0.54288421
         -1.87500000          0.51083299
         -1.85000000          0.47707096
         -1.82500000          0.44170467
         -1.80000000          0.40484825
         -1.77500000          0.36662277
         -1.75000000          0.32715548
         -1.72500000          0.28657909
         -1.70000000          0.24503098
         -1.67500000          0.20265246
         -1.65000000          0.15958795
         -1.62500000          0.11598416
         -1.60000000          0.07198937
         -1.57500000          0.02775257
         -1.55000000         -0.01657726
         -1.52500000         -0.06085192
         -1.50000000         -0.10492467
         -1.47500000         -0.14865098
         -1.45000000         -0.19188914
         -1.42500000         -0.23450092
         -1.40000000         -0.27635209
         -1.37500000         -0.31731301
         -1.35000000         -0.35725910
         -1.32500000         -0.39607128
         -1.30000000         -0.43363635
         -1.27500000         -0.46984736
         -1.25000000         -0.50460392
         -1.22500000         -0.53781238
         -1.20000000         -0.56938613
         -1.17500000         -0.59924566
         -1.15000000         -0.62731873
         -1.12500000         -0.65354040
         -1.10000000         -0.67785307
         -1.07500000         -0.70020646
         -1.05000000         -0.72055756
         -1.02500000         -0.73887051
         -1.00000000         -0.75511655
         -0.97500000         -0.76927377
         -0.95000000         -0.78132702
         -0.92500000         -0.79126768
         -0.90000000         -0.79909342
         -0.87500000         -0.80480800
         -0.85000000         -0.80842097
         -0.82500000         -0.80994746
         -0.80000000         -0.80940786
         -0.77500000         -0.80682756
         -0.75000000         -0.80223669
         -0.72500000         -0.79566976
         -0.70000000         -0.78716545
         -0.67500000         -0.77676629
         -0.65000000         -0.76451839
         -0.62500000         -0.75047113
         -0.60000000         -0.73467695
         -0.57500000         -0.71719106
         -0.55000000         -0.69807118
         -0.52500000         -0.67737732
         -0.50000000         -0.65517155
         -0.47500000         -0.63151779
         -0.45000000         -0.60648158
         -0.42500000         -0.58012994
         -0.40000000         -0.55253114
         -0.37500000         -0.52375460
         -0.35000000         -0.49387067
         -0.32500000         -0.46295056
         -0.30000000         -0.43106619
         -0.27500000         -0.39829006
         -0.25000000         -0.36469520
         -0.22500000         -0.33035504
         -0.20000000         -0.29534338
         -0.17500000         -0.25973427
         -0.15000000         -0.22360200
         -0.12500000         -0.18702103
         -0.10000000         -0.15006598
         -0.07500000         -0.11281153
         -0.05000000         -0.07533249
         -0.02500000         -0.03770369
          0.00000000          0.00000000
          0.02500000          0.03770369
          0.05000000          0.07533249
          0.07500000          0.11281153
          0.10000000          0.15006598
          0.12500000          0.18702103
          0.15000000          0.22360200
          0.17500000          0.25973427
          0.20000000          0.29534338
          0.22500000          0.33035504
          0.25000000          0.36469520
          0.27500000          0.39829006
          0.30000000          0.43106619
          0.32500000          0.46295056
          0.35000000          0.49387067
          0.37500000          0.52375460
          0.40000000          0.55253114
          0.42500000          0.58012994
          0.45000000          0.60648158
          0.47500000          0.63151779
          0.50000000          0.65517155
          0.52500000          0.67737732
          0.55000000          0.69807118
          0.57500000          0.71719106
          0.60000000          0.73467695
          0.62500000          0.75047113
          0.65000000          0.76451839
          0.67500000          0.77676629
          0.70000000          0.78716545
          0.72500000          0.79566976
          0.75000000          0.80223669
          0.77500000          0.80682756
          0.80000000          0.80940786
          0.82500000          0.80994746
          0.85000000          0.80842097
          0.87500000          0.80480800
          0.90000000          0.79909342
          0.92500000          0.79126768
          0.95000000          0.78132702
          0.97500000          0.76927377
          1.00000000          0.75511655
          1.02500000          0.73887051
          1.05000000          0.72055756
          1.07500000          0.70020646
          1.10000000          0.67785307
          1.12500000          0.65354040
          1.15000000          0.62731873
          1.17500000          0.59924566
          1.20000000          0.56938613
          1.22500000          0.53781238
          1.25000000          0.50460392
          1.27500000          0.46984736
          1.30000000          0.43363635
          1.32500000          0.39607128
          1.35000000          0.35725910
          1.37500000          0.31731301
          1.40000000          0.27635209
          1.42500000          0.23450092
          1.45000000          0.19188914
          1.47500000          0.14865098
          1.50000000          0.10492467
          1.52500000          0.06085192
          1.55000000          0.01657726
          1.57500000         -0.02775257
          1.60000000         -0.07198937
          1.62500000         -0.11598416
          1.65000000         -0.15958795
          1.67500000         -0.20265246
          1.70000000         -0.24503098
          1.72500000         -0.28657909
          1.75000000         -0.32715548
          1.77500000         -0.36662278
          1.80000000         -0.40484825
          1.82500000         -0.44170467
          1.85000000         -0.47707096
          1.87500000         -0.51083299
          1.90000000         -0.54288421
          1.92500000         -0.57312629
          1.95000000         -0.60146972
          1.97500000         -0.62783433
          2.00000000         -0.65214979
          2.02500000         -0.67435596
          2.05000000         -0.69440329
          2.07500000         -0.71225305
          2.10000000         -0.72787753
          2.12500000         -0.74126011
          2.15000000         -0.75239536
          2.17500000         -0.76128891
          2.20000000         -0.76795737
          2.22500000         -0.77242808
          2.25000000         -0.77473881
          2.27500000         -0.77493742
          2.30000000         -0.77308136
          2.32500000         -0.76923722
          2.35000000         -0.76348008
          2.37500000         -0.75589292
          2.40000000         -0.74656591
          2.42500000         -0.73559565
          2.45000000         -0.72308444
          2.47500000         -0.70913943
          2.50000000         -0.69387181
          2.52500000         -0.67739597
          2.55000000         -0.65982862
          2.57500000         -0.64128798
          2.60000000         -0.62189290
          2.62500000         -0.60176207
          2.65000000         -0.58101321
          2.67500000         -0.55976229
          2.70000000         -0.53812284
          2.72500000         -0.51620523
          2.75000000         -0.49411609
          2.77500000         -0.47195766
          2.80000000         -0.44982735
          2.82500000         -0.42781726
          2.85000000         -0.40601377
          2.87500000         -0.38449722
          2.90000000         -0.36334171
          2.92500000         -0.34261482
          2.95000000         -0.32237755
          2.97500000         -0.30268425
          3.00000000         -0.28358258
          3.02500000         -0.26511362
          3.05000000         -0.24731196
          3.07500000         -0.23020586
          3.10000000         -0.21381747
          3.12500000         -0.19816306
          3.15000000         -0.18325334
          3.17500000         -0.16909376
          3.20000000         -0.15568486
          3.22500000         -0.14302264
          3.25000000         -0.13109893
          3.27500000         -0.11990177
          3.30000000         -0.10941584
          3.32500000         -0.09962284
          3.35000000         -0.09050187
          3.37500000         -0.08202984
          3.40000000         -0.07418180
          3.42500000         -0.06693135
          3.45000000         -0.06025095
          3.47500000         -0.05411227
          3.50000000         -0.04848644
          3.52500000         -0.04334436
          3.55000000         -0.03865698
          3.57500000         -0.03439546
          3.60000000         -0.03053143
          3.62500000         -0.02703715
          3.65000000         -0.02388566
          3.67500000         -0.02105091
          3.70000000         -0.01850787
          3.72500000         -0.01623263
          3.75000000         -0.01420242
          3.77500000         -0.01239571
          3.80000000         -0.01079222
          3.82500000         -0.00937293
          3.85000000         -0.00812004
          3.87500000         -0.00701706
          3.90000000         -0.00604867
          3.92500000         -0.00520075
          3.95000000         -0.00446035
          3.97500000         -0.00381560
          4.00000000         -0.00325567
          4.02500000         -0.00277075
          4.05000000         -0.00235195
          4.07500000         -0.00199124
          4.10000000         -0.00168144
          4.12500000         -0.00141611
          4.15000000         -0.00118948
          4.17500000         -0.00099647
          4.20000000         -0.00083254
          4.22500000         -0.00069371
          4.25000000         -0.00057647
          4.27500000         -0.00047774
          4.30000000         -0.00039483
          4.32500000         -0.00032542
          4.35000000         -0.00026747
          4.37500000         -0.00021922
          4.40000000         -0.00017918
          4.42500000         -0.00014603
          4.45000000         -0.00011868
          4.47500000         -0.00009617
          4.50000000         -0.00007770
          4.52500000         -0.00006259
          4.55000000         -0.00005026
          4.57500000         -0.00004022
          4.60000000         -0.00003208
          4.62500000         -0.00002548
          4.65000000         -0.00002015
          4.67500000         -0.00001585
          4.70000000         -0.00001237
          4.72500000         -0.00000956
          4.75000000         -0.00000728
          4.77500000         -0.00000541
          4.80000000         -0.00000386
          4.82500000         -0.00000253
          4.85000000         -0.00000136
          4.87500000         -0.00000028
          4.90000000          0.00000079
          4.92500000          0.00000191
          4.95000000          0.00000316
          4.97500000          0.00000464
          5.00000000          0.00000643
