         -5.00000000          0.00000000
         -4.97500000          0.00000068
         -4.95000000          0.00000141
         -4.92500000          0.00000223
         -4.90000000          0.00000319
         -4.87500000          0.00000437
         -4.85000000          0.00000582
         -4.82500000          0.00000762
         -4.80000000          0.00000988
         -4.77500000          0.00001272
         -4.75000000          0.00001627
         -4.72500000          0.00002073
         -4.70000000          0.00002630
         -4.67500000          0.00003324
         -4.65000000          0.00004188
         -4.62500000          0.00005259
         -4.60000000          0.00006583
         -4.57500000          0.00008216
         -4.55000000          0.00010224
         -4.52500000          0.00012684
         -4.50000000          0.00015690
         -4.47500000          0.00019352
         -4.45000000          0.00023800
         -4.42500000          0.00029186
         -4.40000000          0.00035688
         -4.37500000          0.00043513
         -4.35000000          0.00052905
         -4.32500000          0.00064143
         -4.30000000          0.00077549
         -4.27500000          0.00093495
         -4.25000000          0.00112406
         -4.22500000          0.00134769
         -4.20000000          0.00161136
         -4.17500000          0.00192133
         -4.15000000          0.00228468
         -4.12500000          0.00270936
         -4.10000000          0.00320430
         -4.07500000          0.00377945
         -4.05000000          0.00444589
         -4.02500000          0.00521590
         -4.00000000          0.00610303
         -3.97500000          0.00712217
         -3.95000000          0.00828962
         -3.92500000          0.00962317
         -3.90000000          0.01114210
         -3.87500000          0.01286729
         -3.85000000          0.01482118
         -3.82500000          0.01702781
         -3.80000000          0.01951282
         -3.77500000          0.02230341
         -3.75000000          0.02542827
         -3.72500000          0.02891753
         -3.70000000          0.03280266
         -3.67500000          0.03711629
         -3.65000000          0.04189207
         -3.62500000          0.04716449
         -3.60000000          0.05296857
         -3.57500000          0.05933969
         -3.55000000          0.06631317
         -3.52500000          0.07392401
         -3.50000000          0.08220645
         -3.47500000          0.09119359
         -3.45000000          0.10091690
         -3.42500000          0.11140577
         -3.40000000          0.12268701
         -3.37500000          0.13478426
         -3.35000000          0.14771750
         -3.32500000          0.16150249
         -3.30000000          0.17615014
         -3.27500000          0.19166600
         -3.25000000          0.20804968
         -3.22500000          0.22529427
         -3.20000000          0.24338589
         -3.17500000          0.26230314
         -3.15000000          0.28201666
         -3.12500000          0.30248875
         -3.10000000          0.32367301
         -3.07500000          0.34551409
         -3.05000000          0.36794746
         -3.02500000          0.39089929
         -3.00000000          0.41428648
         -2.97500000          0.43801666
         -2.95000000          0.46198838
         -2.92500000          0.48609140
         -2.90000000          0.51020707
         -2.87500000          0.53420879
         -2.85000000          0.55796264
         -2.82500000          0.58132806
         -2.80000000          0.60415869
         -2.77500000          0.62630326
         -2.75000000          0.64760660
         -2.72500000          0.66791072
         -2.70000000          0.68705603
         -2.67500000          0.70488251
         -2.65000000          0.72123107
         -2.62500000          0.73594484
         -2.60000000          0.74887060
         -2.57500000          0.75986009
         -2.55000000          0.76877150
         -2.52500000          0.77547078
         -2.50000000          0.77983302
         -2.47500000          0.78174374
         -2.45000000          0.78110018
         -2.42500000          0.77781244
         -2.40000000          0.77180461
         -2.37500000          0.76301572
         -2.35000000          0.75140067
         -2.32500000          0.73693092
         -2.30000000          0.71959522
         -2.27500000          0.69940000
         -2.25000000          0.67636974
         -2.22500000          0.65054719
         -2.20000000          0.62199336
         -2.17500000          0.59078743
         -2.15000000          0.55702644
         -2.12500000          0.52082488
         -2.10000000          0.48231410
         -2.07500000          0.44164159
         -2.05000000          0.39897011
         -2.02500000          0.35447669
         -2.00000000          0.30835155
         -1.97500000          0.26079685
         -1.95000000          0.21202538
         -1.92500000          0.16225917
         -1.90000000          0.11172803
         -1.87500000          0.06066800
         -1.85000000          0.00931984
         -1.82500000         -0.04207263
         -1.80000000         -0.09326408
         -1.77500000         -0.14400929
         -1.75000000         -0.19406471
         -1.72500000         -0.24319005
         -1.70000000         -0.29114976
         -1.67500000         -0.33771452
         -1.65000000         -0.38266257
         -1.62500000         -0.42578111
         -1.60000000         -0.46686743
         -1.57500000         -0.50573015
         -1.55000000         -0.54219017
         -1.52500000         -0.57608166
         -1.50000000         -0.60725284
         -1.47500000         -0.63556673
         -1.45000000         -0.66090171
         -1.42500000         -0.68315202
         -1.40000000         -0.70222810
         -1.37500000         -0.71805686
         -1.35000000         -0.73058180
         -1.32500000         -0.73976306
         -1.30000000         -0.74557729
         -1.27500000         -0.74801753
         -1.25000000         -0.74709291
         -1.22500000         -0.74282825
         -1.20000000         -0.73526369
         -1.17500000         -0.72445410
         -1.15000000         -0.71046852
         -1.12500000         -0.69338950
         -1.10000000         -0.67331239
         -1.07500000         -0.65034458
         -1.05000000         -0.62460472
         -1.02500000         -0.59622190
         -1.00000000         -0.56533477
         -0.97500000         -0.53209069
         -0.95000000         -0.49664484
         -0.92500000         -0.45915935
         -0.90000000         -0.41980239
         -0.87500000         -0.37874732
         -0.85000000         -0.33617179
         -0.82500000         -0.29225690
         -0.80000000         -0.24718635
         -0.77500000         -0.20114568
         -0.75000000         -0.15432142
         -0.72500000         -0.10690037
         -0.70000000         -0.05906887
         -0.67500000         -0.01101211
         -0.65000000          0.03708651
         -0.62500000          0.08504604
         -0.60000000          0.13268853
         -0.57500000          0.17983958
         -0.55000000          0.22632885
         -0.52500000          0.27199055
         -0.50000000          0.31666387
         -0.47500000          0.36019335
         -0.45000000          0.40242931
         -0.42500000          0.44322814
         -0.40000000          0.48245262
         -0.37500000          0.51997219
         -0.35000000          0.55566321
         -0.32500000          0.58940917
         -0.30000000          0.62110089
         -0.27500000          0.65063670
         -0.25000000          0.67792259
         -0.22500000          0.70287233
         -0.20000000          0.72540761
         -0.17500000          0.74545811
         -0.15000000          0.76296162
         -0.12500000          0.77786408
         -0.10000000          0.79011967
         -0.07500000          0.79969081
         -0.05000000          0.80654826
         -0.02500000          0.81067110
          0.00000000          0.81204678
          0.02500000          0.81067110
          0.05000000          0.80654826
          0.07500000          0.79969081
          0.10000000          0.79011967
          0.12500000          0.77786408
          0.15000000          0.76296162
          0.17500000          0.74545811
          0.20000000          0.72540761
          0.22500000          0.70287233
          0.25000000          0.67792259
          0.27500000          0.65063670
          0.30000000          0.62110089
          0.32500000          0.58940917
          0.35000000          0.55566321
          0.37500000          0.51997219
          0.40000000          0.48245262
          0.42500000          0.44322814
          0.45000000          0.40242931
          0.47500000          0.36019335
          0.50000000          0.31666387
          0.52500000          0.27199055
          0.55000000          0.22632885
          0.57500000          0.17983958
          0.60000000          0.13268853
          0.62500000          0.08504604
          0.65000000          0.03708651
          0.67500000         -0.01101211
          0.70000000         -0.05906887
          0.72500000         -0.10690037
          0.75000000         -0.15432142
          0.77500000         -0.20114568
          0.80000000         -0.24718635
          0.82500000         -0.29225690
          0.85000000         -0.33617179
          0.87500000         -0.37874732
          0.90000000         -0.41980239
          0.92500000         -0.45915935
          0.95000000         -0.49664484
          0.97500000         -0.53209069
          1.00000000         -0.56533477
          1.02500000         -0.59622190
          1.05000000         -0.62460472
          1.07500000         -0.65034458
          1.10000000         -0.67331239
          1.12500000         -0.69338950
          1.15000000         -0.71046852
          1.17500000         -0.72445410
          1.20000000         -0.73526369
          1.22500000         -0.74282825
          1.25000000         -0.74709291
          1.27500000         -0.74801753
          1.30000000         -0.74557729
          1.32500000         -0.73976306
          1.35000000         -0.73058180
          1.37500000         -0.71805686
          1.40000000         -0.70222810
          1.42500000         -0.68315202
          1.45000000         -0.66090171
          1.47500000         -0.63556673
          1.50000000         -0.60725284
          1.52500000         -0.57608166
          1.55000000         -0.54219017
          1.57500000         -0.50573015
          1.60000000         -0.46686743
          1.62500000         -0.42578111
          1.65000000         -0.38266257
          1.67500000         -0.33771452
          1.70000000         -0.29114976
          1.72500000         -0.24319005
          1.75000000         -0.19406471
          1.77500000         -0.14400929
          1.80000000         -0.09326408
          1.82500000         -0.04207263
          1.85000000          0.00931984
          1.87500000          0.06066800
          1.90000000          0.11172803
          1.92500000          0.16225917
          1.95000000          0.21202538
          1.97500000          0.26079685
          2.00000000          0.30835155
          2.02500000          0.35447669
          2.05000000          0.39897011
          2.07500000          0.44164159
          2.10000000          0.48231410
          2.12500000          0.52082488
          2.15000000          0.55702644
          2.17500000          0.59078743
          2.20000000          0.62199336
          2.22500000          0.65054719
          2.25000000          0.67636974
          2.27500000          0.69940000
          2.30000000          0.71959522
          2.32500000          0.73693092
          2.35000000          0.75140067
          2.37500000          0.76301572
          2.40000000          0.77180461
          2.42500000          0.77781244
          2.45000000          0.78110018
          2.47500000          0.78174374
          2.50000000          0.77983302
          2.52500000          0.77547078
          2.55000000          0.76877150
          2.57500000          0.75986009
          2.60000000          0.74887060
          2.62500000          0.73594484
          2.65000000          0.72123107
          2.67500000          0.70488251
          2.70000000          0.68705603
          2.72500000          0.66791072
          2.75000000          0.64760660
          2.77500000          0.62630326
          2.80000000          0.60415869
          2.82500000          0.58132806
          2.85000000          0.55796264
          2.87500000          0.53420879
          2.90000000          0.51020707
          2.92500000          0.48609140
          2.95000000          0.46198838
          2.97500000          0.43801666
          3.00000000          0.41428648
          3.02500000          0.39089929
          3.05000000          0.36794746
          3.07500000          0.34551409
          3.10000000          0.32367301
          3.12500000          0.30248875
          3.15000000          0.28201666
          3.17500000          0.26230314
          3.20000000          0.24338589
          3.22500000          0.22529427
          3.25000000          0.20804968
          3.27500000          0.19166600
          3.30000000          0.17615014
          3.32500000          0.16150249
          3.35000000          0.14771750
          3.37500000          0.13478426
          3.40000000          0.12268701
          3.42500000          0.11140577
          3.45000000          0.10091690
          3.47500000          0.09119359
          3.50000000          0.08220645
          3.52500000          0.07392401
          3.55000000          0.06631317
          3.57500000          0.05933969
          3.60000000          0.05296857
          3.62500000          0.04716449
          3.65000000          0.04189207
          3.67500000          0.03711629
          3.70000000          0.03280266
          3.72500000          0.02891753
          3.75000000          0.02542827
          3.77500000          0.02230341
          3.80000000          0.01951282
          3.82500000          0.01702781
          3.85000000          0.01482118
          3.87500000          0.01286729
          3.90000000          0.01114210
          3.92500000          0.00962317
          3.95000000          0.00828962
          3.97500000          0.00712217
          4.00000000          0.00610303
          4.02500000          0.00521590
          4.05000000          0.00444589
          4.07500000          0.00377945
          4.10000000          0.00320430
          4.12500000          0.00270936
          4.15000000          0.00228468
          4.17500000          0.00192133
          4.20000000          0.00161136
          4.22500000          0.00134769
          4.25000000          0.00112406
          4.27500000          0.00093495
          4.30000000          0.00077549
          4.32500000          0.00064143
          4.35000000          0.00052905
          4.37500000          0.00043514
          4.40000000          0.00035688
          4.42500000          0.00029186
          4.45000000          0.00023800
          4.47500000          0.00019353
          4.50000000          0.00015691
          4.52500000          0.00012684
          4.55000000          0.00010224
          4.57500000          0.00008217
          4.60000000          0.00006584
          4.62500000          0.00005259
          4.65000000          0.00004188
          4.67500000          0.00003325
          4.70000000          0.00002631
          4.72500000          0.00002074
          4.75000000          0.00001629
          4.77500000          0.00001274
          4.80000000          0.00000991
          4.82500000          0.00000765
          4.85000000          0.00000586
          4.87500000          0.00000442
          4.90000000          0.00000326
          4.92500000          0.00000231
          4.95000000          0.00000151
          4.97500000          0.00000082
          5.00000000          0.00000018
