         -5.00000000          0.00000000
         -4.97500000          0.00000015
         -4.95000000          0.00000031
         -4.92500000          0.00000049
         -4.90000000          0.00000070
         -4.87500000          0.00000096
         -4.85000000          0.00000129
         -4.82500000          0.00000170
         -4.80000000          0.00000221
         -4.77500000          0.00000286
         -4.75000000          0.00000367
         -4.72500000          0.00000470
         -4.70000000          0.00000599
         -4.67500000          0.00000761
         -4.65000000          0.00000964
         -4.62500000          0.00001217
         -4.60000000          0.00001531
         -4.57500000          0.00001922
         -4.55000000          0.00002404
         -4.52500000          0.00003000
         -4.50000000          0.00003731
         -4.47500000          0.00004629
         -4.45000000          0.00005726
         -4.42500000          0.00007062
         -4.40000000          0.00008687
         -4.37500000          0.00010656
         -4.35000000          0.00013036
         -4.32500000          0.00015903
         -4.30000000          0.00019348
         -4.27500000          0.00023475
         -4.25000000          0.00028406
         -4.22500000          0.00034280
         -4.20000000          0.00041260
         -4.17500000          0.00049529
         -4.15000000          0.00059298
         -4.12500000          0.00070809
         -4.10000000          0.00084334
         -4.07500000          0.00100183
         -4.05000000          0.00118703
         -4.02500000          0.00140287
         -4.00000000          0.00165374
         -3.97500000          0.00194454
         -3.95000000          0.00228072
         -3.92500000          0.00266834
         -3.90000000          0.00311407
         -3.87500000          0.00362526
         -3.85000000          0.00421001
         -3.82500000          0.00487713
         -3.80000000          0.00563623
         -3.77500000          0.00649776
         -3.75000000          0.00747300
         -3.72500000          0.00857410
         -3.70000000          0.00981411
         -3.67500000          0.01120697
         -3.65000000          0.01276751
         -3.62500000          0.01451147
         -3.60000000          0.01645545
         -3.57500000          0.01861688
         -3.55000000          0.02101404
         -3.52500000          0.02366590
         -3.50000000          0.02659217
         -3.47500000          0.02981312
         -3.45000000          0.03334955
         -3.42500000          0.03722266
         -3.40000000          0.04145388
         -3.37500000          0.04606483
         -3.35000000          0.05107704
         -3.32500000          0.05651188
         -3.30000000          0.06239032
         -3.27500000          0.06873274
         -3.25000000          0.07555874
         -3.22500000          0.08288688
         -3.20000000          0.09073448
         -3.17500000          0.09911739
         -3.15000000          0.10804969
         -3.12500000          0.11754352
         -3.10000000          0.12760877
         -3.07500000          0.13825286
         -3.05000000          0.14948051
         -3.02500000          0.16129347
         -3.00000000          0.17369034
         -2.97500000          0.18666634
         -2.95000000          0.20021311
         -2.92500000          0.21431855
         -2.90000000          0.22896665
         -2.87500000          0.24413739
         -2.85000000          0.25980662
         -2.82500000          0.27594599
         -2.80000000          0.29252294
         -2.77500000          0.30950065
         -2.75000000          0.32683810
         -2.72500000          0.34449013
         -2.70000000          0.36240753
         -2.67500000          0.38053722
         -2.65000000          0.39882236
         -2.62500000          0.41720261
         -2.60000000          0.43561436
         -2.57500000          0.45399103
         -2.55000000          0.47226333
         -2.52500000          0.49035968
         -2.50000000          0.50820650
         -2.47500000          0.52572866
         -2.45000000          0.54284987
         -2.42500000          0.55949310
         -2.40000000          0.57558106
         -2.37500000          0.59103664
         -2.35000000          0.60578334
         -2.32500000          0.61974580
         -2.30000000          0.63285019
         -2.27500000          0.64502472
         -2.25000000          0.65620005
         -2.22500000          0.66630975
         -2.20000000          0.67529069
         -2.17500000          0.68308342
         -2.15000000          0.68963259
         -2.12500000          0.69488722
         -2.10000000          0.69880105
         -2.07500000          0.70133281
         -2.05000000          0.70244645
         -2.02500000          0.70211134
         -2.00000000          0.70030243
         -1.97500000          0.69700041
         -1.95000000          0.69219176
         -1.92500000          0.68586879
         -1.90000000          0.67802969
         -1.87500000          0.66867845
         -1.85000000          0.65782483
         -1.82500000          0.64548423
         -1.80000000          0.63167756
         -1.77500000          0.61643107
         -1.75000000          0.59977614
         -1.72500000          0.58174905
         -1.70000000          0.56239073
         -1.67500000          0.54174648
         -1.65000000          0.51986566
         -1.62500000          0.49680139
         -1.60000000          0.47261021
         -1.57500000          0.44735172
         -1.55000000          0.42108829
         -1.52500000          0.39388462
         -1.50000000          0.36580746
         -1.47500000          0.33692522
         -1.45000000          0.30730760
         -1.42500000          0.27702527
         -1.40000000          0.24614951
         -1.37500000          0.21475191
         -1.35000000          0.18290399
         -1.32500000          0.15067698
         -1.30000000          0.11814144
         -1.27500000          0.08536705
         -1.25000000          0.05242234
         -1.22500000          0.01937442
         -1.20000000         -0.01371120
         -1.17500000         -0.04677081
         -1.15000000         -0.07974270
         -1.12500000         -0.11256732
         -1.10000000         -0.14518736
         -1.07500000         -0.17754797
         -1.05000000         -0.20959674
         -1.02500000         -0.24128387
         -1.00000000         -0.27256219
         -0.97500000         -0.30338717
         -0.95000000         -0.33371701
         -0.92500000         -0.36351258
         -0.90000000         -0.39273746
         -0.87500000         -0.42135789
         -0.85000000         -0.44934271
         -0.82500000         -0.47666336
         -0.80000000         -0.50329376
         -0.77500000         -0.52921030
         -0.75000000         -0.55439168
         -0.72500000         -0.57881888
         -0.70000000         -0.60247504
         -0.67500000         -0.62534534
         -0.65000000         -0.64741692
         -0.62500000         -0.66867872
         -0.60000000         -0.68912143
         -0.57500000         -0.70873728
         -0.55000000         -0.72752000
         -0.52500000         -0.74546466
         -0.50000000         -0.76256754
         -0.47500000         -0.77882604
         -0.45000000         -0.79423853
         -0.42500000         -0.80880425
         -0.40000000         -0.82252317
         -0.37500000         -0.83539594
         -0.35000000         -0.84742371
         -0.32500000         -0.85860808
         -0.30000000         -0.86895098
         -0.27500000         -0.87845457
         -0.25000000         -0.88712117
         -0.22500000         -0.89495320
         -0.20000000         -0.90195306
         -0.17500000         -0.90812307
         -0.15000000         -0.91346544
         -0.12500000         -0.91798220
         -0.10000000         -0.92167514
         -0.07500000         -0.92454579
         -0.05000000         -0.92659535
         -0.02500000         -0.92782473
          0.00000000         -0.92823447
          0.02500000         -0.92782473
          0.05000000         -0.92659535
          0.07500000         -0.92454579
          0.10000000         -0.92167514
          0.12500000         -0.91798220
          0.15000000         -0.91346544
          0.17500000         -0.90812307
          0.20000000         -0.90195306
          0.22500000         -0.89495320
          0.25000000         -0.88712117
          0.27500000         -0.87845457
          0.30000000         -0.86895098
          0.32500000         -0.85860808
          0.35000000         -0.84742371
          0.37500000         -0.83539594
          0.40000000         -0.82252317
          0.42500000         -0.80880425
          0.45000000         -0.79423853
          0.47500000         -0.77882604
          0.50000000         -0.76256754
          0.52500000         -0.74546466
          0.55000000         -0.72752000
          0.57500000         -0.70873728
          0.60000000         -0.68912143
          0.62500000         -0.66867872
          0.65000000         -0.64741692
          0.67500000         -0.62534534
          0.70000000         -0.60247504
          0.72500000         -0.57881888
          0.75000000         -0.55439168
          0.77500000         -0.52921030
          0.80000000         -0.50329376
          0.82500000         -0.47666336
          0.85000000         -0.44934271
          0.87500000         -0.42135789
          0.90000000         -0.39273746
          0.92500000         -0.36351258
          0.95000000         -0.33371701
          0.97500000         -0.30338717
          1.00000000         -0.27256219
          1.02500000         -0.24128387
          1.05000000         -0.20959674
          1.07500000         -0.17754797
          1.10000000         -0.14518736
          1.12500000         -0.11256732
          1.15000000         -0.07974270
          1.17500000         -0.04677081
          1.20000000         -0.01371120
          1.22500000          0.01937442
          1.25000000          0.05242234
          1.27500000          0.08536705
          1.30000000          0.11814144
          1.32500000          0.15067698
          1.35000000          0.18290399
          1.37500000          0.21475191
          1.40000000          0.24614951
          1.42500000          0.27702527
          1.45000000          0.30730760
          1.47500000          0.33692522
          1.50000000          0.36580746
          1.52500000          0.39388462
          1.55000000          0.42108829
          1.57500000          0.44735172
          1.60000000          0.47261021
          1.62500000          0.49680139
          1.65000000          0.51986566
          1.67500000          0.54174648
          1.70000000          0.56239073
          1.72500000          0.58174905
          1.75000000          0.59977614
          1.77500000          0.61643107
          1.80000000          0.63167756
          1.82500000          0.64548423
          1.85000000          0.65782483
          1.87500000          0.66867845
          1.90000000          0.67802969
          1.92500000          0.68586879
          1.95000000          0.69219176
          1.97500000          0.69700041
          2.00000000          0.70030243
          2.02500000          0.70211134
          2.05000000          0.70244645
          2.07500000          0.70133281
          2.10000000          0.69880105
          2.12500000          0.69488722
          2.15000000          0.68963259
          2.17500000          0.68308342
          2.20000000          0.67529069
          2.22500000          0.66630975
          2.25000000          0.65620005
          2.27500000          0.64502472
          2.30000000          0.63285019
          2.32500000          0.61974580
          2.35000000          0.60578334
          2.37500000          0.59103664
          2.40000000          0.57558106
          2.42500000          0.55949310
          2.45000000          0.54284987
          2.47500000          0.52572866
          2.50000000          0.50820650
          2.52500000          0.49035968
          2.55000000          0.47226333
          2.57500000          0.45399103
          2.60000000          0.43561436
          2.62500000          0.41720261
          2.65000000          0.39882236
          2.67500000          0.38053722
          2.70000000          0.36240753
          2.72500000          0.34449013
          2.75000000          0.32683810
          2.77500000          0.30950065
          2.80000000          0.29252294
          2.82500000          0.27594599
          2.85000000          0.25980662
          2.87500000          0.24413739
          2.90000000          0.22896665
          2.92500000          0.21431855
          2.95000000          0.20021311
          2.97500000          0.18666634
          3.00000000          0.17369034
          3.02500000          0.16129347
          3.05000000          0.14948051
          3.07500000          0.13825286
          3.10000000          0.12760877
          3.12500000          0.11754352
          3.15000000          0.10804969
          3.17500000          0.09911739
          3.20000000          0.09073448
          3.22500000          0.08288688
          3.25000000          0.07555874
          3.27500000          0.06873274
          3.30000000          0.06239032
          3.32500000          0.05651188
          3.35000000          0.05107704
          3.37500000          0.04606483
          3.40000000          0.04145388
          3.42500000          0.03722266
          3.45000000          0.03334955
          3.47500000          0.02981312
          3.50000000          0.02659217
          3.52500000          0.02366590
          3.55000000          0.02101404
          3.57500000          0.01861688
          3.60000000          0.01645545
          3.62500000          0.01451147
          3.65000000          0.01276751
          3.67500000          0.01120697
          3.70000000          0.00981411
          3.72500000          0.00857410
          3.75000000          0.00747300
          3.77500000          0.00649776
          3.80000000          0.00563623
          3.82500000          0.00487713
          3.85000000          0.00421001
          3.87500000          0.00362526
          3.90000000          0.00311407
          3.92500000          0.00266834
          3.95000000          0.00228072
          3.97500000          0.00194454
          4.00000000          0.00165374
          4.02500000          0.00140287
          4.05000000          0.00118703
          4.07500000          0.00100183
          4.10000000          0.00084334
          4.12500000          0.00070809
          4.15000000          0.00059298
          4.17500000          0.00049529
          4.20000000          0.00041260
          4.22500000          0.00034281
          4.25000000          0.00028406
          4.27500000          0.00023475
          4.30000000          0.00019348
          4.32500000          0.00015903
          4.35000000          0.00013036
          4.37500000          0.00010657
          4.40000000          0.00008688
          4.42500000          0.00007063
          4.45000000          0.00005726
          4.47500000          0.00004629
          4.50000000          0.00003732
          4.52500000          0.00003000
          4.55000000          0.00002405
          4.57500000          0.00001923
          4.60000000          0.00001533
          4.62500000          0.00001219
          4.65000000          0.00000966
          4.67500000          0.00000764
          4.70000000          0.00000603
          4.72500000          0.00000475
          4.75000000          0.00000374
          4.77500000          0.00000294
          4.80000000          0.00000231
          4.82500000          0.00000183
          4.85000000          0.00000146
          4.87500000          0.00000118
          4.90000000          0.00000098
          4.92500000          0.00000085
          4.95000000          0.00000077
          4.97500000          0.00000075
          5.00000000          0.00000079
