    #    0.155491
    0.000000  -21.957856
    0.022213  -21.957985
    0.044426  -21.958150
    0.066639  -21.958352
    0.088852  -21.958588
    0.111065  -21.958855
    0.133278  -21.959148
    0.155491  -21.959464

    0.000000  -21.957856
    0.022213  -21.957765
    0.044426  -21.957712
    0.066639  -21.957696
    0.088852  -21.957716
    0.111065  -21.957768
    0.133278  -21.957866
    0.155491  -21.958141

    0.000000  -21.956361
    0.022213  -21.956511
    0.044426  -21.956699
    0.066639  -21.956923
    0.088852  -21.957180
    0.111065  -21.957467
    0.133278  -21.957764
    0.155491  -21.957930

    0.000000  -21.956361
    0.022213  -21.956248
    0.044426  -21.956173
    0.066639  -21.956135
    0.088852  -21.956133
    0.111065  -21.956162
    0.133278  -21.956220
    0.155491  -21.956303

    0.000000  -21.927124
    0.022213  -21.927248
    0.044426  -21.927463
    0.066639  -21.927761
    0.088852  -21.928135
    0.111065  -21.928576
    0.133278  -21.929075
    0.155491  -21.929624

    0.000000  -21.927124
    0.022213  -21.927096
    0.044426  -21.927165
    0.066639  -21.927330
    0.088852  -21.927585
    0.111065  -21.927921
    0.133278  -21.928330
    0.155491  -21.928801

    0.000000  -21.921654
    0.022213  -21.921700
    0.044426  -21.921739
    0.066639  -21.921771
    0.088852  -21.921797
    0.111065  -21.921821
    0.133278  -21.921847
    0.155491  -21.921877

    0.000000  -21.921654
    0.022213  -21.921600
    0.044426  -21.921546
    0.066639  -21.921496
    0.088852  -21.921455
    0.111065  -21.921425
    0.133278  -21.921411
    0.155491  -21.921412

    0.000000  -21.902458
    0.022213  -21.902517
    0.044426  -21.902662
    0.066639  -21.902891
    0.088852  -21.903201
    0.111065  -21.903589
    0.133278  -21.904051
    0.155491  -21.904581

    0.000000  -21.902458
    0.022213  -21.902486
    0.044426  -21.902599
    0.066639  -21.902797
    0.088852  -21.903078
    0.111065  -21.903437
    0.133278  -21.903870
    0.155491  -21.904373

    0.000000  -21.877072
    0.022213  -21.877173
    0.044426  -21.877401
    0.066639  -21.877753
    0.088852  -21.878226
    0.111065  -21.878815
    0.133278  -21.879516
    0.155491  -21.880324

    0.000000  -21.877071
    0.022213  -21.877099
    0.044426  -21.877256
    0.066639  -21.877541
    0.088852  -21.877954
    0.111065  -21.878489
    0.133278  -21.879145
    0.155491  -21.879918

    0.000000  -21.866940
    0.022213  -21.866996
    0.044426  -21.867113
    0.066639  -21.867290
    0.088852  -21.867530
    0.111065  -21.867831
    0.133278  -21.868198
    0.155491  -21.868631

    0.000000  -21.866940
    0.022213  -21.866945
    0.044426  -21.867013
    0.066639  -21.867145
    0.088852  -21.867343
    0.111065  -21.867611
    0.133278  -21.867950
    0.155491  -21.868362

    0.000000  -21.843897
    0.022213  -21.844211
    0.044426  -21.844599
    0.066639  -21.845059
    0.088852  -21.845592
    0.111065  -21.846202
    0.133278  -21.846893
    0.155491  -21.847670

    0.000000  -21.843897
    0.022213  -21.843678
    0.044426  -21.843727
    0.066639  -21.844133
    0.088852  -21.844677
    0.111065  -21.845314
    0.133278  -21.846040
    0.155491  -21.846859

    0.000000  -21.842797
    0.022213  -21.843091
    0.044426  -21.843247
    0.066639  -21.843174
    0.088852  -21.843094
    0.111065  -21.843049
    0.133278  -21.843042
    0.155491  -21.843071

    0.000000  -21.842796
    0.022213  -21.842537
    0.044426  -21.842332
    0.066639  -21.842184
    0.088852  -21.842090
    0.111065  -21.842045
    0.133278  -21.842044
    0.155491  -21.842080

    0.000000  -21.835038
    0.022213  -21.835074
    0.044426  -21.835127
    0.066639  -21.835197
    0.088852  -21.835282
    0.111065  -21.835382
    0.133278  -21.835496
    0.155491  -21.835623

    0.000000  -21.835037
    0.022213  -21.835019
    0.044426  -21.835021
    0.066639  -21.835043
    0.088852  -21.835086
    0.111065  -21.835151
    0.133278  -21.835238
    0.155491  -21.835347

    0.000000  -21.820918
    0.022213  -21.821342
    0.044426  -21.821867
    0.066639  -21.822442
    0.088852  -21.823036
    0.111065  -21.823628
    0.133278  -21.824207
    0.155491  -21.824761

    0.000000  -21.820918
    0.022213  -21.820675
    0.044426  -21.820696
    0.066639  -21.820975
    0.088852  -21.821423
    0.111065  -21.821952
    0.133278  -21.822518
    0.155491  -21.823092

    0.000000  -21.817720
    0.022213  -21.817989
    0.044426  -21.818135
    0.066639  -21.818183
    0.088852  -21.818257
    0.111065  -21.818471
    0.133278  -21.818881
    0.155491  -21.819482

    0.000000  -21.817720
    0.022213  -21.817411
    0.044426  -21.817165
    0.066639  -21.817077
    0.088852  -21.817220
    0.111065  -21.817626
    0.133278  -21.818273
    0.155491  -21.819102

    0.000000  -21.807497
    0.022213  -21.808192
    0.044426  -21.808818
    0.066639  -21.809296
    0.088852  -21.809566
    0.111065  -21.809696
    0.133278  -21.809767
    0.155491  -21.809645

    0.000000  -21.807497
    0.022213  -21.807625
    0.044426  -21.808325
    0.066639  -21.808940
    0.088852  -21.809412
    0.111065  -21.809597
    0.133278  -21.809420
    0.155491  -21.809082

    0.000000  -21.806802
    0.022213  -21.806680
    0.044426  -21.805929
    0.066639  -21.805183
    0.088852  -21.804467
    0.111065  -21.803790
    0.133278  -21.803165
    0.155491  -21.802608

    0.000000  -21.806801
    0.022213  -21.806043
    0.044426  -21.805273
    0.066639  -21.804530
    0.088852  -21.803833
    0.111065  -21.803203
    0.133278  -21.802677
    0.155491  -21.802304

    0.000000  -21.801719
    0.022213  -21.801756
    0.044426  -21.801791
    0.066639  -21.801822
    0.088852  -21.801851
    0.111065  -21.801876
    0.133278  -21.801894
    0.155491  -21.801894

    0.000000  -21.801718
    0.022213  -21.801679
    0.044426  -21.801635
    0.066639  -21.801585
    0.088852  -21.801524
    0.111065  -21.801441
    0.133278  -21.801308
    0.155491  -21.801086

    0.000000  -21.792015
    0.022213  -21.792080
    0.044426  -21.792212
    0.066639  -21.792416
    0.088852  -21.792698
    0.111065  -21.793067
    0.133278  -21.793534
    0.155491  -21.794105

    0.000000  -21.792014
    0.022213  -21.792016
    0.044426  -21.792087
    0.066639  -21.792235
    0.088852  -21.792470
    0.111065  -21.792805
    0.133278  -21.793255
    0.155491  -21.793832

    0.000000  -21.771510
    0.022213  -21.772448
    0.044426  -21.773446
    0.066639  -21.774448
    0.088852  -21.775428
    0.111065  -21.776363
    0.133278  -21.777230
    0.155491  -21.778008

    0.000000  -21.771509
    0.022213  -21.771784
    0.044426  -21.772758
    0.066639  -21.773756
    0.088852  -21.774742
    0.111065  -21.775695
    0.133278  -21.776592
    0.155491  -21.777416

    0.000000  -21.770692
    0.022213  -21.770439
    0.044426  -21.769556
    0.066639  -21.768715
    0.088852  -21.767946
    0.111065  -21.767258
    0.133278  -21.766663
    0.155491  -21.766169

    0.000000  -21.770691
    0.022213  -21.769804
    0.044426  -21.768923
    0.066639  -21.768100
    0.088852  -21.767351
    0.111065  -21.766684
    0.133278  -21.766110
    0.155491  -21.765637

    0.000000  -21.739855
    0.022213  -21.740050
    0.044426  -21.740305
    0.066639  -21.740632
    0.088852  -21.741052
    0.111065  -21.741595
    0.133278  -21.742302
    0.155491  -21.743220

    0.000000  -21.739854
    0.022213  -21.739708
    0.044426  -21.739608
    0.066639  -21.739563
    0.088852  -21.739619
    0.111065  -21.740033
    0.133278  -21.740756
    0.155491  -21.741716

    0.000000  -21.738101
    0.022213  -21.738326
    0.044426  -21.738605
    0.066639  -21.738950
    0.088852  -21.739350
    0.111065  -21.739613
    0.133278  -21.739897
    0.155491  -21.740380

    0.000000  -21.738100
    0.022213  -21.737921
    0.044426  -21.737782
    0.066639  -21.737690
    0.088852  -21.737666
    0.111065  -21.737768
    0.133278  -21.738099
    0.155491  -21.738722

    0.000000  -21.727567
    0.022213  -21.728862
    0.044426  -21.730190
    0.066639  -21.731529
    0.088852  -21.732834
    0.111065  -21.734034
    0.133278  -21.735022
    0.155491  -21.735684

    0.000000  -21.727567
    0.022213  -21.728325
    0.044426  -21.729643
    0.066639  -21.730972
    0.088852  -21.732259
    0.111065  -21.733409
    0.133278  -21.734269
    0.155491  -21.734716

    0.000000  -21.727042
    0.022213  -21.726320
    0.044426  -21.725131
    0.066639  -21.724005
    0.088852  -21.722944
    0.111065  -21.721948
    0.133278  -21.721019
    0.155491  -21.720156

    0.000000  -21.727041
    0.022213  -21.725809
    0.044426  -21.724636
    0.066639  -21.723527
    0.088852  -21.722484
    0.111065  -21.721508
    0.133278  -21.720598
    0.155491  -21.719754

    0.000000  -21.679072
    0.022213  -21.679790
    0.044426  -21.680579
    0.066639  -21.681429
    0.088852  -21.682330
    0.111065  -21.683273
    0.133278  -21.684247
    0.155491  -21.685242

    0.000000  -21.679072
    0.022213  -21.678794
    0.044426  -21.679582
    0.066639  -21.680432
    0.088852  -21.681333
    0.111065  -21.682274
    0.133278  -21.683245
    0.155491  -21.684235

    0.000000  -21.678077
    0.022213  -21.678434
    0.044426  -21.677884
    0.066639  -21.677429
    0.088852  -21.677075
    0.111065  -21.676826
    0.133278  -21.676687
    0.155491  -21.676657

    0.000000  -21.678076
    0.022213  -21.677441
    0.044426  -21.676897
    0.066639  -21.676451
    0.088852  -21.676111
    0.111065  -21.675882
    0.133278  -21.675768
    0.155491  -21.675770

    0.000000  -21.650736
    0.022213  -21.651157
    0.044426  -21.651571
    0.066639  -21.651972
    0.088852  -21.652352
    0.111065  -21.652703
    0.133278  -21.653018
    0.155491  -21.653292

    0.000000  -21.650735
    0.022213  -21.650314
    0.044426  -21.649898
    0.066639  -21.650041
    0.088852  -21.650419
    0.111065  -21.650774
    0.133278  -21.651101
    0.155491  -21.651393

    0.000000  -21.648838
    0.022213  -21.649244
    0.044426  -21.649647
    0.066639  -21.649493
    0.088852  -21.649102
    0.111065  -21.648726
    0.133278  -21.648368
    0.155491  -21.648027

    0.000000  -21.648838
    0.022213  -21.648434
    0.044426  -21.648037
    0.066639  -21.647652
    0.088852  -21.647281
    0.111065  -21.646927
    0.133278  -21.646589
    0.155491  -21.646268

    0.000000  -21.592088
    0.022213  -21.592878
    0.044426  -21.593691
    0.066639  -21.594531
    0.088852  -21.595402
    0.111065  -21.596305
    0.133278  -21.597247
    0.155491  -21.598229

    0.000000  -21.592088
    0.022213  -21.591392
    0.044426  -21.592212
    0.066639  -21.593058
    0.088852  -21.593934
    0.111065  -21.594841
    0.133278  -21.595786
    0.155491  -21.596769

    0.000000  -21.590596
    0.022213  -21.591320
    0.044426  -21.590572
    0.066639  -21.589844
    0.088852  -21.589138
    0.111065  -21.588456
    0.133278  -21.587806
    0.155491  -21.587196

    0.000000  -21.590596
    0.022213  -21.589821
    0.044426  -21.589066
    0.066639  -21.588332
    0.088852  -21.587619
    0.111065  -21.586931
    0.133278  -21.586275
    0.155491  -21.585660

    0.000000  -21.548418
    0.022213  -21.549877
    0.044426  -21.551411
    0.066639  -21.553013
    0.088852  -21.554679
    0.111065  -21.556397
    0.133278  -21.558158
    0.155491  -21.559943

    0.000000  -21.548417
    0.022213  -21.547034
    0.044426  -21.548332
    0.066639  -21.549949
    0.088852  -21.551629
    0.111065  -21.553362
    0.133278  -21.555137
    0.155491  -21.556939

    0.000000  -21.545312
    0.022213  -21.546785
    0.044426  -21.545730
    0.066639  -21.544506
    0.088852  -21.543361
    0.111065  -21.542295
    0.133278  -21.541307
    0.155491  -21.540395

    0.000000  -21.545311
    0.022213  -21.543915
    0.044426  -21.542598
    0.066639  -21.541362
    0.088852  -21.540206
    0.111065  -21.539130
    0.133278  -21.538132
    0.155491  -21.537212

    0.000000  -21.514348
    0.022213  -21.514695
    0.044426  -21.515095
    0.066639  -21.515546
    0.088852  -21.516049
    0.111065  -21.516602
    0.133278  -21.517203
    0.155491  -21.517850

    0.000000  -21.514347
    0.022213  -21.514053
    0.044426  -21.513810
    0.066639  -21.513618
    0.088852  -21.513478
    0.111065  -21.513953
    0.133278  -21.514559
    0.155491  -21.515212

    0.000000  -21.511677
    0.022213  -21.512029
    0.044426  -21.512433
    0.066639  -21.512889
    0.088852  -21.513396
    0.111065  -21.513388
    0.133278  -21.513348
    0.155491  -21.513355

    0.000000  -21.511676
    0.022213  -21.511377
    0.044426  -21.511128
    0.066639  -21.510932
    0.088852  -21.510786
    0.111065  -21.510690
    0.133278  -21.510642
    0.155491  -21.510642

    0.000000  -21.302779
    0.022213  -21.303590
    0.044426  -21.304443
    0.066639  -21.305330
    0.088852  -21.306243
    0.111065  -21.307174
    0.133278  -21.308119
    0.155491  -21.309070

    0.000000  -21.302777
    0.022213  -21.302014
    0.044426  -21.302867
    0.066639  -21.303791
    0.088852  -21.304737
    0.111065  -21.305698
    0.133278  -21.306670
    0.155491  -21.307644

    0.000000  -21.301116
    0.022213  -21.301973
    0.044426  -21.301307
    0.066639  -21.300669
    0.088852  -21.300107
    0.111065  -21.299633
    0.133278  -21.299258
    0.155491  -21.298990

    0.000000  -21.301115
    0.022213  -21.300302
    0.044426  -21.299543
    0.066639  -21.298848
    0.088852  -21.298226
    0.111065  -21.297690
    0.133278  -21.297251
    0.155491  -21.296920

    0.000000  -21.262498
    0.022213  -21.263378
    0.044426  -21.264241
    0.066639  -21.265076
    0.088852  -21.265873
    0.111065  -21.266620
    0.133278  -21.267307
    0.155491  -21.267922

    0.000000  -21.262491
    0.022213  -21.262083
    0.044426  -21.262996
    0.066639  -21.263885
    0.088852  -21.264739
    0.111065  -21.265546
    0.133278  -21.266295
    0.155491  -21.266971

    0.000000  -21.261158
    0.022213  -21.261599
    0.044426  -21.260697
    0.066639  -21.259795
    0.088852  -21.258897
    0.111065  -21.258009
    0.133278  -21.257133
    0.155491  -21.256273

    0.000000  -21.261150
    0.022213  -21.260217
    0.044426  -21.259279
    0.066639  -21.258346
    0.088852  -21.257421
    0.111065  -21.256508
    0.133278  -21.255613
    0.155491  -21.254737

    0.000000  -21.218039
    0.022213  -21.219209
    0.044426  -21.220369
    0.066639  -21.221515
    0.088852  -21.222645
    0.111065  -21.223754
    0.133278  -21.224839
    0.155491  -21.225897

    0.000000  -21.218038
    0.022213  -21.218591
    0.044426  -21.219741
    0.066639  -21.220878
    0.088852  -21.221998
    0.111065  -21.223097
    0.133278  -21.224173
    0.155491  -21.225222

    0.000000  -21.217432
    0.022213  -21.216861
    0.044426  -21.215677
    0.066639  -21.214491
    0.088852  -21.213303
    0.111065  -21.212113
    0.133278  -21.210924
    0.155491  -21.209733

    0.000000  -21.217430
    0.022213  -21.216263
    0.044426  -21.215091
    0.066639  -21.213915
    0.088852  -21.212739
    0.111065  -21.211561
    0.133278  -21.210382
    0.155491  -21.209203

    0.000000  -21.142454
    0.022213  -21.144264
    0.044426  -21.146221
    0.066639  -21.148317
    0.088852  -21.150546
    0.111065  -21.152899
    0.133278  -21.155368
    0.155491  -21.157944

    0.000000  -21.142453
    0.022213  -21.143636
    0.044426  -21.145571
    0.066639  -21.147644
    0.088852  -21.149849
    0.111065  -21.152178
    0.133278  -21.154623
    0.155491  -21.157176

    0.000000  -21.141847
    0.022213  -21.140795
    0.044426  -21.139294
    0.066639  -21.137956
    0.088852  -21.136786
    0.111065  -21.135784
    0.133278  -21.134955
    0.155491  -21.134300

    0.000000  -21.141846
    0.022213  -21.140209
    0.044426  -21.138729
    0.066639  -21.137411
    0.088852  -21.136258
    0.111065  -21.135274
    0.133278  -21.134462
    0.155491  -21.133822

    0.000000  -20.990187
    0.022213  -20.990271
    0.044426  -20.990380
    0.066639  -20.990504
    0.088852  -20.990639
    0.111065  -20.990776
    0.133278  -20.990913
    0.155491  -20.991044

    0.000000  -20.990186
    0.022213  -20.990134
    0.044426  -20.990122
    0.066639  -20.990150
    0.088852  -20.990217
    0.111065  -20.990312
    0.133278  -20.990428
    0.155491  -20.990554

    0.000000  -20.986934
    0.022213  -20.986989
    0.044426  -20.986963
    0.066639  -20.986855
    0.088852  -20.986667
    0.111065  -20.986406
    0.133278  -20.986078
    0.155491  -20.985692

    0.000000  -20.986934
    0.022213  -20.986806
    0.044426  -20.986614
    0.066639  -20.986365
    0.088852  -20.986065
    0.111065  -20.985719
    0.133278  -20.985329
    0.155491  -20.984898

    0.000000  -20.953216
    0.022213  -20.953683
    0.044426  -20.954252
    0.066639  -20.954822
    0.088852  -20.955368
    0.111065  -20.955879
    0.133278  -20.956352
    0.155491  -20.956781

    0.000000  -20.953216
    0.022213  -20.953238
    0.044426  -20.953680
    0.066639  -20.954193
    0.088852  -20.954698
    0.111065  -20.955175
    0.133278  -20.955617
    0.155491  -20.956018

    0.000000  -20.951999
    0.022213  -20.951917
    0.044426  -20.951366
    0.066639  -20.950693
    0.088852  -20.949976
    0.111065  -20.949228
    0.133278  -20.948457
    0.155491  -20.947661

    0.000000  -20.951999
    0.022213  -20.951543
    0.044426  -20.950934
    0.066639  -20.950275
    0.088852  -20.949584
    0.111065  -20.948868
    0.133278  -20.948129
    0.155491  -20.947366

    0.000000  -20.891738
    0.022213  -20.891825
    0.044426  -20.892060
    0.066639  -20.892437
    0.088852  -20.892951
    0.111065  -20.893593
    0.133278  -20.894353
    0.155491  -20.895220

    0.000000  -20.891737
    0.022213  -20.891799
    0.044426  -20.892009
    0.066639  -20.892363
    0.088852  -20.892855
    0.111065  -20.893477
    0.133278  -20.894220
    0.155491  -20.895072

    0.000000  -20.876296
    0.022213  -20.876807
    0.044426  -20.877591
    0.066639  -20.878486
    0.088852  -20.879423
    0.111065  -20.880369
    0.133278  -20.881314
    0.155491  -20.882252

    0.000000  -20.876296
    0.022213  -20.876287
    0.044426  -20.876782
    0.066639  -20.877551
    0.088852  -20.878434
    0.111065  -20.879359
    0.133278  -20.880300
    0.155491  -20.881244

    0.000000  -20.872161
    0.022213  -20.872165
    0.044426  -20.871670
    0.066639  -20.870916
    0.088852  -20.870080
    0.111065  -20.869256
    0.133278  -20.868508
    0.155491  -20.867886

    0.000000  -20.872161
    0.022213  -20.871660
    0.044426  -20.870894
    0.066639  -20.870037
    0.088852  -20.869182
    0.111065  -20.868385
    0.133278  -20.867700
    0.155491  -20.867172

    0.000000  -20.856783
    0.022213  -20.856821
    0.044426  -20.856893
    0.066639  -20.856994
    0.088852  -20.857122
    0.111065  -20.857269
    0.133278  -20.857426
    0.155491  -20.857578

    0.000000  -20.856783
    0.022213  -20.856777
    0.044426  -20.856803
    0.066639  -20.856857
    0.088852  -20.856932
    0.111065  -20.857015
    0.133278  -20.857092
    0.155491  -20.857145

    0.000000  -20.837644
    0.022213  -20.837931
    0.044426  -20.838657
    0.066639  -20.839689
    0.088852  -20.840894
    0.111065  -20.842174
    0.133278  -20.843459
    0.155491  -20.844698

    0.000000  -20.837644
    0.022213  -20.837862
    0.044426  -20.838531
    0.066639  -20.839520
    0.088852  -20.840695
    0.111065  -20.841954
    0.133278  -20.843226
    0.155491  -20.844458

    0.000000  -20.821450
    0.022213  -20.821130
    0.044426  -20.820202
    0.066639  -20.818810
    0.088852  -20.817109
    0.111065  -20.815236
    0.133278  -20.813314
    0.155491  -20.811470

    0.000000  -20.821449
    0.022213  -20.821102
    0.044426  -20.820156
    0.066639  -20.818757
    0.088852  -20.817052
    0.111065  -20.815168
    0.133278  -20.813221
    0.155491  -20.811337

    0.000000  -20.793544
    0.022213  -20.793661
    0.044426  -20.793960
    0.066639  -20.794462
    0.088852  -20.795184
    0.111065  -20.796119
    0.133278  -20.797230
    0.155491  -20.798440

    0.000000  -20.793543
    0.022213  -20.793598
    0.044426  -20.793833
    0.066639  -20.794270
    0.088852  -20.794929
    0.111065  -20.795806
    0.133278  -20.796865
    0.155491  -20.798027

    0.000000  -20.784790
    0.022213  -20.784919
    0.044426  -20.785179
    0.066639  -20.785485
    0.088852  -20.785745
    0.111065  -20.785888
    0.133278  -20.785877
    0.155491  -20.785697

    0.000000  -20.784789
    0.022213  -20.784823
    0.044426  -20.784990
    0.066639  -20.785209
    0.088852  -20.785393
    0.111065  -20.785473
    0.133278  -20.785415
    0.155491  -20.785205

    0.000000  -20.772869
    0.022213  -20.772771
    0.044426  -20.772412
    0.066639  -20.771849
    0.088852  -20.771149
    0.111065  -20.770377
    0.133278  -20.769587
    0.155491  -20.768823

    0.000000  -20.772869
    0.022213  -20.772684
    0.044426  -20.772242
    0.066639  -20.771602
    0.088852  -20.770833
    0.111065  -20.769998
    0.133278  -20.769152
    0.155491  -20.768344

    0.000000  -20.761271
    0.022213  -20.761287
    0.044426  -20.761263
    0.066639  -20.761213
    0.088852  -20.761161
    0.111065  -20.761135
    0.133278  -20.761168
    0.155491  -20.761285

    0.000000  -20.761271
    0.022213  -20.761212
    0.044426  -20.761116
    0.066639  -20.760998
    0.088852  -20.760886
    0.111065  -20.760810
    0.133278  -20.760803
    0.155491  -20.760890

    0.000000  -20.755081
    0.022213  -20.755172
    0.044426  -20.755326
    0.066639  -20.755514
    0.088852  -20.755703
    0.111065  -20.755863
    0.133278  -20.755987
    0.155491  -20.756119

    0.000000  -20.755081
    0.022213  -20.755069
    0.044426  -20.755135
    0.066639  -20.755260
    0.088852  -20.755419
    0.111065  -20.755590
    0.133278  -20.755773
    0.155491  -20.756011

    0.000000  -20.750438
    0.022213  -20.750537
    0.044426  -20.750748
    0.066639  -20.751083
    0.088852  -20.751554
    0.111065  -20.752150
    0.133278  -20.752835
    0.155491  -20.753522

    0.000000  -20.750438
    0.022213  -20.750448
    0.044426  -20.750574
    0.066639  -20.750832
    0.088852  -20.751232
    0.111065  -20.751759
    0.133278  -20.752368
    0.155491  -20.752960

    0.000000  -20.739695
    0.022213  -20.739877
    0.044426  -20.740265
    0.066639  -20.740818
    0.088852  -20.741480
    0.111065  -20.742193
    0.133278  -20.742912
    0.155491  -20.743592

    0.000000  -20.739695
    0.022213  -20.739738
    0.044426  -20.739993
    0.066639  -20.740420
    0.088852  -20.740966
    0.111065  -20.741574
    0.133278  -20.742197
    0.155491  -20.742793

    0.000000  -20.729885
    0.022213  -20.730371
    0.044426  -20.730925
    0.066639  -20.731322
    0.088852  -20.731621
    0.111065  -20.731948
    0.133278  -20.732410
    0.155491  -20.733014

    0.000000  -20.729885
    0.022213  -20.730363
    0.044426  -20.730895
    0.066639  -20.731258
    0.088852  -20.731494
    0.111065  -20.731707
    0.133278  -20.732027
    0.155491  -20.732505

    0.000000  -20.729148
    0.022213  -20.728586
    0.044426  -20.728039
    0.066639  -20.728102
    0.088852  -20.728333
    0.111065  -20.728431
    0.133278  -20.728249
    0.155491  -20.727755

    0.000000  -20.729148
    0.022213  -20.728502
    0.044426  -20.727824
    0.066639  -20.727822
    0.088852  -20.728046
    0.111065  -20.728177
    0.133278  -20.728032
    0.155491  -20.727540

    0.000000  -20.726920
    0.022213  -20.726929
    0.044426  -20.726611
    0.066639  -20.725578
    0.088852  -20.724218
    0.111065  -20.722740
    0.133278  -20.721204
    0.155491  -20.719638

    0.000000  -20.726920
    0.022213  -20.726898
    0.044426  -20.726592
    0.066639  -20.725550
    0.088852  -20.724196
    0.111065  -20.722721
    0.133278  -20.721184
    0.155491  -20.719616

    0.000000  -20.697808
    0.022213  -20.697810
    0.044426  -20.697748
    0.066639  -20.697637
    0.088852  -20.697500
    0.111065  -20.697363
    0.133278  -20.697255
    0.155491  -20.697198

    0.000000  -20.697808
    0.022213  -20.697739
    0.044426  -20.697612
    0.066639  -20.697446
    0.088852  -20.697269
    0.111065  -20.697107
    0.133278  -20.696985
    0.155491  -20.696920

    0.000000  -20.691685
    0.022213  -20.691745
    0.044426  -20.691862
    0.066639  -20.692023
    0.088852  -20.692205
    0.111065  -20.692378
    0.133278  -20.692513
    0.155491  -20.692580

    0.000000  -20.691685
    0.022213  -20.691691
    0.044426  -20.691761
    0.066639  -20.691889
    0.088852  -20.692056
    0.111065  -20.692236
    0.133278  -20.692398
    0.155491  -20.692503

    0.000000  -20.677834
    0.022213  -20.678405
    0.044426  -20.679199
    0.066639  -20.679981
    0.088852  -20.680694
    0.111065  -20.681308
    0.133278  -20.681804
    0.155491  -20.682166

    0.000000  -20.677834
    0.022213  -20.678149
    0.044426  -20.678870
    0.066639  -20.679595
    0.088852  -20.680250
    0.111065  -20.680808
    0.133278  -20.681253
    0.155491  -20.681577

    0.000000  -20.676514
    0.022213  -20.676179
    0.044426  -20.675408
    0.066639  -20.674604
    0.088852  -20.673842
    0.111065  -20.673144
    0.133278  -20.672527
    0.155491  -20.672002

    0.000000  -20.676513
    0.022213  -20.675933
    0.044426  -20.675103
    0.066639  -20.674260
    0.088852  -20.673462
    0.111065  -20.672737
    0.133278  -20.672099
    0.155491  -20.671553

    0.000000  -20.667097
    0.022213  -20.666998
    0.044426  -20.666688
    0.066639  -20.666172
    0.088852  -20.665465
    0.111065  -20.664599
    0.133278  -20.663643
    0.155491  -20.662709

    0.000000  -20.667097
    0.022213  -20.666976
    0.044426  -20.666632
    0.066639  -20.666069
    0.088852  -20.665313
    0.111065  -20.664415
    0.133278  -20.663465
    0.155491  -20.662587

    0.000000  -20.664260
    0.022213  -20.664171
    0.044426  -20.663833
    0.066639  -20.663271
    0.088852  -20.662526
    0.111065  -20.661643
    0.133278  -20.660673
    0.155491  -20.659653

    0.000000  -20.664259
    0.022213  -20.664092
    0.044426  -20.663684
    0.066639  -20.663061
    0.088852  -20.662263
    0.111065  -20.661329
    0.133278  -20.660300
    0.155491  -20.659209

    0.000000  -20.646102
    0.022213  -20.646299
    0.044426  -20.646766
    0.066639  -20.647478
    0.088852  -20.648426
    0.111065  -20.649592
    0.133278  -20.650908
    0.155491  -20.652250

    0.000000  -20.646101
    0.022213  -20.646206
    0.044426  -20.646618
    0.066639  -20.647319
    0.088852  -20.648288
    0.111065  -20.649480
    0.133278  -20.650808
    0.155491  -20.652138

    0.000000  -20.640740
    0.022213  -20.640987
    0.044426  -20.641631
    0.066639  -20.642520
    0.088852  -20.643420
    0.111065  -20.644143
    0.133278  -20.644593
    0.155491  -20.644721

    0.000000  -20.640740
    0.022213  -20.640925
    0.044426  -20.641525
    0.066639  -20.642394
    0.088852  -20.643281
    0.111065  -20.643980
    0.133278  -20.644387
    0.155491  -20.644454

    0.000000  -20.634664
    0.022213  -20.635651
    0.044426  -20.636254
    0.066639  -20.636440
    0.088852  -20.636378
    0.111065  -20.636195
    0.133278  -20.635934
    0.155491  -20.635594

    0.000000  -20.634663
    0.022213  -20.634980
    0.044426  -20.635508
    0.066639  -20.635726
    0.088852  -20.635777
    0.111065  -20.635754
    0.133278  -20.635665
    0.155491  -20.635467

    0.000000  -20.633821
    0.022213  -20.633046
    0.044426  -20.631438
    0.066639  -20.629702
    0.088852  -20.627907
    0.111065  -20.626094
    0.133278  -20.624303
    0.155491  -20.622573

    0.000000  -20.633821
    0.022213  -20.632595
    0.044426  -20.631057
    0.066639  -20.629378
    0.088852  -20.627625
    0.111065  -20.625841
    0.133278  -20.624067
    0.155491  -20.622353

    0.000000  -20.618336
    0.022213  -20.618760
    0.044426  -20.619353
    0.066639  -20.619749
    0.088852  -20.619781
    0.111065  -20.619405
    0.133278  -20.618653
    0.155491  -20.617595

    0.000000  -20.618336
    0.022213  -20.618447
    0.044426  -20.618889
    0.066639  -20.619252
    0.088852  -20.619321
    0.111065  -20.619025
    0.133278  -20.618368
    0.155491  -20.617388

    0.000000  -20.612731
    0.022213  -20.612299
    0.044426  -20.610970
    0.066639  -20.609182
    0.088852  -20.607231
    0.111065  -20.605502
    0.133278  -20.605141
    0.155491  -20.605938

    0.000000  -20.612731
    0.022213  -20.612048
    0.044426  -20.610605
    0.066639  -20.608777
    0.088852  -20.606788
    0.111065  -20.604962
    0.133278  -20.604648
    0.155491  -20.605522

    0.000000  -20.594922
    0.022213  -20.596589
    0.044426  -20.598227
    0.066639  -20.599804
    0.088852  -20.601257
    0.111065  -20.602313
    0.133278  -20.601660
    0.155491  -20.599742

    0.000000  -20.594921
    0.022213  -20.596276
    0.044426  -20.597878
    0.066639  -20.599423
    0.088852  -20.600846
    0.111065  -20.601881
    0.133278  -20.601428
    0.155491  -20.599599

    0.000000  -20.594646
    0.022213  -20.593241
    0.044426  -20.591561
    0.066639  -20.589887
    0.088852  -20.588227
    0.111065  -20.586590
    0.133278  -20.585006
    0.155491  -20.583567

    0.000000  -20.594645
    0.022213  -20.593007
    0.044426  -20.591365
    0.066639  -20.589730
    0.088852  -20.588106
    0.111065  -20.586507
    0.133278  -20.584959
    0.155491  -20.583493

    0.000000  -20.572387
    0.022213  -20.572833
    0.044426  -20.573313
    0.066639  -20.573774
    0.088852  -20.574257
    0.111065  -20.574828
    0.133278  -20.575392
    0.155491  -20.575883

    0.000000  -20.572386
    0.022213  -20.572571
    0.044426  -20.573117
    0.066639  -20.573680
    0.088852  -20.574211
    0.111065  -20.574654
    0.133278  -20.575085
    0.155491  -20.575471

    0.000000  -20.571806
    0.022213  -20.571667
    0.044426  -20.571155
    0.066639  -20.570643
    0.088852  -20.570178
    0.111065  -20.569781
    0.133278  -20.569457
    0.155491  -20.569190

    0.000000  -20.571806
    0.022213  -20.571296
    0.044426  -20.570745
    0.066639  -20.570235
    0.088852  -20.569795
    0.111065  -20.569437
    0.133278  -20.569157
    0.155491  -20.568930

    0.000000  -20.556596
    0.022213  -20.557455
    0.044426  -20.558204
    0.066639  -20.558828
    0.088852  -20.559306
    0.111065  -20.559621
    0.133278  -20.559770
    0.155491  -20.559761

    0.000000  -20.556596
    0.022213  -20.556506
    0.044426  -20.557220
    0.066639  -20.557845
    0.088852  -20.558361
    0.111065  -20.558747
    0.133278  -20.558991
    0.155491  -20.559086

    0.000000  -20.555716
    0.022213  -20.555639
    0.044426  -20.554584
    0.066639  -20.553429
    0.088852  -20.552169
    0.111065  -20.550811
    0.133278  -20.549378
    0.155491  -20.547994

    0.000000  -20.555716
    0.022213  -20.554854
    0.044426  -20.553917
    0.066639  -20.552897
    0.088852  -20.551785
    0.111065  -20.550581
    0.133278  -20.549305
    0.155491  -20.547917

    0.000000  -20.525336
    0.022213  -20.526847
    0.044426  -20.528282
    0.066639  -20.529610
    0.088852  -20.530810
    0.111065  -20.531856
    0.133278  -20.532723
    0.155491  -20.533366

    0.000000  -20.525335
    0.022213  -20.526811
    0.044426  -20.528203
    0.066639  -20.529476
    0.088852  -20.530609
    0.111065  -20.531576
    0.133278  -20.532352
    0.155491  -20.532897

    0.000000  -20.525322
    0.022213  -20.523786
    0.044426  -20.522219
    0.066639  -20.520668
    0.088852  -20.519178
    0.111065  -20.517794
    0.133278  -20.516558
    0.155491  -20.515507

    0.000000  -20.525321
    0.022213  -20.523757
    0.044426  -20.522164
    0.066639  -20.520589
    0.088852  -20.519074
    0.111065  -20.517663
    0.133278  -20.516399
    0.155491  -20.515318

    0.000000  -20.482507
    0.022213  -20.483955
    0.044426  -20.485232
    0.066639  -20.486320
    0.088852  -20.487205
    0.111065  -20.487880
    0.133278  -20.488346
    0.155491  -20.488613

    0.000000  -20.482507
    0.022213  -20.482252
    0.044426  -20.483488
    0.066639  -20.484524
    0.088852  -20.485347
    0.111065  -20.485947
    0.133278  -20.486325
    0.155491  -20.486493

    0.000000  -20.480836
    0.022213  -20.480910
    0.044426  -20.479190
    0.066639  -20.477374
    0.088852  -20.475496
    0.111065  -20.473589
    0.133278  -20.471696
    0.155491  -20.469862

    0.000000  -20.480836
    0.022213  -20.479264
    0.044426  -20.477561
    0.066639  -20.475757
    0.088852  -20.473882
    0.111065  -20.471972
    0.133278  -20.470065
    0.155491  -20.468211

    0.000000  -20.457004
    0.022213  -20.457644
    0.044426  -20.458414
    0.066639  -20.459267
    0.088852  -20.460156
    0.111065  -20.461039
    0.133278  -20.461888
    0.155491  -20.462695

    0.000000  -20.457004
    0.022213  -20.456543
    0.044426  -20.456319
    0.066639  -20.457225
    0.088852  -20.458170
    0.111065  -20.459103
    0.133278  -20.459980
    0.155491  -20.460760

    0.000000  -20.454821
    0.022213  -20.455500
    0.044426  -20.456302
    0.066639  -20.456315
    0.088852  -20.456592
    0.111065  -20.457118
    0.133278  -20.457841
    0.155491  -20.458663

    0.000000  -20.454820
    0.022213  -20.454329
    0.044426  -20.454073
    0.066639  -20.454087
    0.088852  -20.454390
    0.111065  -20.454974
    0.133278  -20.455806
    0.155491  -20.456820

    0.000000  -20.418828
    0.022213  -20.419792
    0.044426  -20.420609
    0.066639  -20.421206
    0.088852  -20.421521
    0.111065  -20.421509
    0.133278  -20.421153
    0.155491  -20.420450

    0.000000  -20.418828
    0.022213  -20.417791
    0.044426  -20.418494
    0.066639  -20.419096
    0.088852  -20.419411
    0.111065  -20.419396
    0.133278  -20.419031
    0.155491  -20.418317

    0.000000  -20.416691
    0.022213  -20.417667
    0.044426  -20.416746
    0.066639  -20.415744
    0.088852  -20.414816
    0.111065  -20.413969
    0.133278  -20.413196
    0.155491  -20.412473

    0.000000  -20.416691
    0.022213  -20.415641
    0.044426  -20.414582
    0.066639  -20.413567
    0.088852  -20.412626
    0.111065  -20.411768
    0.133278  -20.410986
    0.155491  -20.410257

    0.000000  -20.373423
    0.022213  -20.373597
    0.044426  -20.373417
    0.066639  -20.372873
    0.088852  -20.371976
    0.111065  -20.370750
    0.133278  -20.369236
    0.155491  -20.367485

    0.000000  -20.373423
    0.022213  -20.372916
    0.044426  -20.372106
    0.066639  -20.371029
    0.088852  -20.369774
    0.111065  -20.368557
    0.133278  -20.367048
    0.155491  -20.365299

    0.000000  -20.371162
    0.022213  -20.371352
    0.044426  -20.371187
    0.066639  -20.370658
    0.088852  -20.369725
    0.111065  -20.368228
    0.133278  -20.366577
    0.155491  -20.364801

    0.000000  -20.371161
    0.022213  -20.370639
    0.044426  -20.369814
    0.066639  -20.368723
    0.088852  -20.367406
    0.111065  -20.365899
    0.133278  -20.364241
    0.155491  -20.362461

    0.000000  -20.288710
    0.022213  -20.289681
    0.044426  -20.290573
    0.066639  -20.291380
    0.088852  -20.292099
    0.111065  -20.292726
    0.133278  -20.293258
    0.155491  -20.293693

    0.000000  -20.288708
    0.022213  -20.288542
    0.044426  -20.289433
    0.066639  -20.290240
    0.088852  -20.290958
    0.111065  -20.291584
    0.133278  -20.292116
    0.155491  -20.292550

    0.000000  -20.287572
    0.022213  -20.287663
    0.044426  -20.286552
    0.066639  -20.285385
    0.088852  -20.284174
    0.111065  -20.282931
    0.133278  -20.281675
    0.155491  -20.280426

    0.000000  -20.287570
    0.022213  -20.286527
    0.044426  -20.285416
    0.066639  -20.284250
    0.088852  -20.283039
    0.111065  -20.281798
    0.133278  -20.280544
    0.155491  -20.279297

    0.000000  -20.222132
    0.022213  -20.224201
    0.044426  -20.226388
    0.066639  -20.228644
    0.088852  -20.230919
    0.111065  -20.233170
    0.133278  -20.235357
    0.155491  -20.237441

    0.000000  -20.222129
    0.022213  -20.223026
    0.044426  -20.225229
    0.066639  -20.227499
    0.088852  -20.229790
    0.111065  -20.232054
    0.133278  -20.234252
    0.155491  -20.236344

    0.000000  -20.220944
    0.022213  -20.220232
    0.044426  -20.218556
    0.066639  -20.217152
    0.088852  -20.216057
    0.111065  -20.215295
    0.133278  -20.214874
    0.155491  -20.214782

    0.000000  -20.220941
    0.022213  -20.219032
    0.044426  -20.217349
    0.066639  -20.215940
    0.088852  -20.214846
    0.111065  -20.214090
    0.133278  -20.213678
    0.155491  -20.213598

    0.000000  -20.162111
    0.022213  -20.162356
    0.044426  -20.162466
    0.066639  -20.162427
    0.088852  -20.162252
    0.111065  -20.161980
    0.133278  -20.161687
    0.155491  -20.161465

    0.000000  -20.162109
    0.022213  -20.161835
    0.044426  -20.161852
    0.066639  -20.161698
    0.088852  -20.161381
    0.111065  -20.160946
    0.133278  -20.160482
    0.155491  -20.160090

    0.000000  -20.161663
    0.022213  -20.161755
    0.044426  -20.161322
    0.066639  -20.160845
    0.088852  -20.160353
    0.111065  -20.159873
    0.133278  -20.159431
    0.155491  -20.159054

    0.000000  -20.161660
    0.022213  -20.161361
    0.044426  -20.160967
    0.066639  -20.160514
    0.088852  -20.160029
    0.111065  -20.159530
    0.133278  -20.159034
    0.155491  -20.158575

    0.000000  -20.135670
    0.022213  -20.137463
    0.044426  -20.139141
    0.066639  -20.140656
    0.088852  -20.141958
    0.111065  -20.142986
    0.133278  -20.143667
    0.155491  -20.143928

    0.000000  -20.135664
    0.022213  -20.135712
    0.044426  -20.137509
    0.066639  -20.139167
    0.088852  -20.140645
    0.111065  -20.141885
    0.133278  -20.142818
    0.155491  -20.143355

    0.000000  -20.133819
    0.022213  -20.133797
    0.044426  -20.131903
    0.066639  -20.130046
    0.088852  -20.128304
    0.111065  -20.126771
    0.133278  -20.125560
    0.155491  -20.124785

    0.000000  -20.133811
    0.022213  -20.131856
    0.044426  -20.129883
    0.066639  -20.127952
    0.088852  -20.126140
    0.111065  -20.124543
    0.133278  -20.123275
    0.155491  -20.122455

    0.000000  -20.068131
    0.022213  -20.069702
    0.044426  -20.071448
    0.066639  -20.073266
    0.088852  -20.075035
    0.111065  -20.076612
    0.133278  -20.077843
    0.155491  -20.078573

    0.000000  -20.068130
    0.022213  -20.068692
    0.044426  -20.070488
    0.066639  -20.072359
    0.088852  -20.074181
    0.111065  -20.075809
    0.133278  -20.077086
    0.155491  -20.077851

    0.000000  -20.067074
    0.022213  -20.066808
    0.044426  -20.065783
    0.066639  -20.065072
    0.088852  -20.064663
    0.111065  -20.064518
    0.133278  -20.064581
    0.155491  -20.064784

    0.000000  -20.067072
    0.022213  -20.065707
    0.044426  -20.064640
    0.066639  -20.063891
    0.088852  -20.063447
    0.111065  -20.063271
    0.133278  -20.063306
    0.155491  -20.063482

    0.000000  -19.999249
    0.022213  -19.999285
    0.044426  -19.998864
    0.066639  -19.997986
    0.088852  -19.996678
    0.111065  -19.994983
    0.133278  -19.992964
    0.155491  -19.990687

    0.000000  -19.999247
    0.022213  -19.998773
    0.044426  -19.998082
    0.066639  -19.997226
    0.088852  -19.995935
    0.111065  -19.994254
    0.133278  -19.992241
    0.155491  -19.989965

    0.000000  -19.998416
    0.022213  -19.998478
    0.044426  -19.997897
    0.066639  -19.996669
    0.088852  -19.995144
    0.111065  -19.993373
    0.133278  -19.991410
    0.155491  -19.989296

    0.000000  -19.998414
    0.022213  -19.997914
    0.044426  -19.997011
    0.066639  -19.995758
    0.088852  -19.994209
    0.111065  -19.992418
    0.133278  -19.990439
    0.155491  -19.988314

    0.000000   -9.500163
    0.022213   -9.498845
    0.044426   -9.494892
    0.066639   -9.488307
    0.088852   -9.479090
    0.111065   -9.467246
    0.133278   -9.452780
    0.155491   -9.435697

    0.000000   -9.500162
    0.022213   -9.498845
    0.044426   -9.494892
    0.066639   -9.488306
    0.088852   -9.479090
    0.111065   -9.467246
    0.133278   -9.452780
    0.155491   -9.435697

    0.000000   -9.363271
    0.022213   -9.361956
    0.044426   -9.358015
    0.066639   -9.351447
    0.088852   -9.342257
    0.111065   -9.330449
    0.133278   -9.316028
    0.155491   -9.299002

    0.000000   -9.363270
    0.022213   -9.361955
    0.044426   -9.358014
    0.066639   -9.351446
    0.088852   -9.342256
    0.111065   -9.330447
    0.133278   -9.316026
    0.155491   -9.299000

    0.000000   -9.210289
    0.022213   -9.208979
    0.044426   -9.205049
    0.066639   -9.198502
    0.088852   -9.189340
    0.111065   -9.177571
    0.133278   -9.163200
    0.155491   -9.146236

    0.000000   -9.210289
    0.022213   -9.208979
    0.044426   -9.205049
    0.066639   -9.198501
    0.088852   -9.189339
    0.111065   -9.177569
    0.133278   -9.163198
    0.155491   -9.146234

    0.000000   -9.040527
    0.022213   -9.039221
    0.044426   -9.035303
    0.066639   -9.028776
    0.088852   -9.019644
    0.111065   -9.007915
    0.133278   -8.993598
    0.155491   -8.976703

    0.000000   -9.040527
    0.022213   -9.039221
    0.044426   -9.035302
    0.066639   -9.028775
    0.088852   -9.019644
    0.111065   -9.007915
    0.133278   -8.993598
    0.155491   -8.976703

    0.000000   -8.849809
    0.022213   -8.848506
    0.044426   -8.844597
    0.066639   -8.838085
    0.088852   -8.828978
    0.111065   -8.817282
    0.133278   -8.803010
    0.155491   -8.786177

    0.000000   -8.849809
    0.022213   -8.848506
    0.044426   -8.844596
    0.066639   -8.838084
    0.088852   -8.828976
    0.111065   -8.817281
    0.133278   -8.803009
    0.155491   -8.786175

    0.000000   -8.636555
    0.022213   -8.635251
    0.044426   -8.631339
    0.066639   -8.624823
    0.088852   -8.615711
    0.111065   -8.604015
    0.133278   -8.589747
    0.155491   -8.572926

    0.000000   -8.636555
    0.022213   -8.635250
    0.044426   -8.631337
    0.066639   -8.624821
    0.088852   -8.615709
    0.111065   -8.604011
    0.133278   -8.589742
    0.155491   -8.572921

    0.000000   -8.403394
    0.022213   -8.402076
    0.044426   -8.398125
    0.066639   -8.391546
    0.088852   -8.382346
    0.111065   -8.370539
    0.133278   -8.356142
    0.155491   -8.339176

    0.000000   -8.403394
    0.022213   -8.402075
    0.044426   -8.398123
    0.066639   -8.391543
    0.088852   -8.382342
    0.111065   -8.370535
    0.133278   -8.356136
    0.155491   -8.339170

    0.000000   -8.169078
    0.022213   -8.167715
    0.044426   -8.163626
    0.066639   -8.156817
    0.088852   -8.147297
    0.111065   -8.135077
    0.133278   -8.120174
    0.155491   -8.102610

    0.000000   -8.169077
    0.022213   -8.167714
    0.044426   -8.163625
    0.066639   -8.156815
    0.088852   -8.147294
    0.111065   -8.135074
    0.133278   -8.120171
    0.155491   -8.102606

    0.000000   -7.873748
    0.022213   -7.872343
    0.044426   -7.868123
    0.066639   -7.861092
    0.088852   -7.851258
    0.111065   -7.838630
    0.133278   -7.823223
    0.155491   -7.805057

    0.000000   -7.873747
    0.022213   -7.872337
    0.044426   -7.868111
    0.066639   -7.861074
    0.088852   -7.851234
    0.111065   -7.838601
    0.133278   -7.823188
    0.155491   -7.805017

    0.000000   -7.819272
    0.022213   -7.817796
    0.044426   -7.813364
    0.066639   -7.805976
    0.088852   -7.795631
    0.111065   -7.782329
    0.133278   -7.766070
    0.155491   -7.746853

    0.000000   -7.819271
    0.022213   -7.817790
    0.044426   -7.813352
    0.066639   -7.805958
    0.088852   -7.795608
    0.111065   -7.782300
    0.133278   -7.766035
    0.155491   -7.746812

    0.000000   -6.182533
    0.022213   -6.183467
    0.044426   -6.186283
    0.066639   -6.191028
    0.088852   -6.197777
    0.111065   -6.206633
    0.133278   -6.217720
    0.155491   -6.231185

    0.000000   -6.182533
    0.022213   -6.183466
    0.044426   -6.186283
    0.066639   -6.191028
    0.088852   -6.197777
    0.111065   -6.206632
    0.133278   -6.217720
    0.155491   -6.231185

    0.000000   -5.774181
    0.022213   -5.775239
    0.044426   -5.778431
    0.066639   -5.783806
    0.088852   -5.791447
    0.111065   -5.801463
    0.133278   -5.813992
    0.155491   -5.829188

    0.000000   -5.774181
    0.022213   -5.775239
    0.044426   -5.778431
    0.066639   -5.783806
    0.088852   -5.791446
    0.111065   -5.801463
    0.133278   -5.813991
    0.155491   -5.829187

    0.000000   -5.309700
    0.022213   -5.311045
    0.044426   -5.315097
    0.066639   -5.321917
    0.088852   -5.331600
    0.111065   -5.344274
    0.133278   -5.360098
    0.155491   -5.379246

    0.000000   -5.309700
    0.022213   -5.311044
    0.044426   -5.315096
    0.066639   -5.321915
    0.088852   -5.331596
    0.111065   -5.344270
    0.133278   -5.360093
    0.155491   -5.379240

    0.000000   -4.794472
    0.022213   -4.796288
    0.044426   -4.801762
    0.066639   -4.810963
    0.088852   -4.824003
    0.111065   -4.841033
    0.133278   -4.862227
    0.155491   -4.887775

    0.000000   -4.794471
    0.022213   -4.796287
    0.044426   -4.801760
    0.066639   -4.810960
    0.088852   -4.824000
    0.111065   -4.841029
    0.133278   -4.862223
    0.155491   -4.887770

    0.000000   -4.234224
    0.022213   -4.236757
    0.044426   -4.244381
    0.066639   -4.257177
    0.088852   -4.275266
    0.111065   -4.298803
    0.133278   -4.327958
    0.155491   -4.362896

    0.000000   -4.234224
    0.022213   -4.236756
    0.044426   -4.244380
    0.066639   -4.257175
    0.088852   -4.275263
    0.111065   -4.298800
    0.133278   -4.327955
    0.155491   -4.362892

    0.000000   -3.638242
    0.022213   -3.641843
    0.044426   -3.652670
    0.066639   -3.670791
    0.088852   -3.696301
    0.111065   -3.729303
    0.133278   -3.769875
    0.155491   -3.818039

    0.000000   -3.638242
    0.022213   -3.641842
    0.044426   -3.652668
    0.066639   -3.670787
    0.088852   -3.696297
    0.111065   -3.729297
    0.133278   -3.769868
    0.155491   -3.818030

    0.000000   -3.016182
    0.022213   -3.021422
    0.044426   -3.037129
    0.066639   -3.063286
    0.088852   -3.099836
    0.111065   -3.146644
    0.133278   -3.203460
    0.155491   -3.269893

    0.000000   -3.016181
    0.022213   -3.021409
    0.044426   -3.037104
    0.066639   -3.063249
    0.088852   -3.099788
    0.111065   -3.146586
    0.133278   -3.203393
    0.155491   -3.269819

    0.000000   -2.387922
    0.022213   -2.395685
    0.044426   -2.418879
    0.066639   -2.457201
    0.088852   -2.510100
    0.111065   -2.576750
    0.133278   -2.656058
    0.155491   -2.746718

    0.000000   -2.387921
    0.022213   -2.395683
    0.044426   -2.418874
    0.066639   -2.457193
    0.088852   -2.510090
    0.111065   -2.576737
    0.133278   -2.656042
    0.155491   -2.746700

    0.000000   -1.903228
    0.022213   -1.912203
    0.044426   -1.938527
    0.066639   -1.980521
    0.088852   -2.035767
    0.111065   -2.101497
    0.133278   -2.174951
    0.155491   -2.282406

    0.000000   -1.903227
    0.022213   -1.912203
    0.044426   -1.938527
    0.066639   -1.980521
    0.088852   -2.035766
    0.111065   -2.101496
    0.133278   -2.174946
    0.155491   -2.282349

    0.000000   -1.824458
    0.022213   -1.833759
    0.044426   -1.862088
    0.066639   -1.910282
    0.088852   -1.978420
    0.111065   -2.065037
    0.133278   -2.167380
    0.155491   -2.253400

    0.000000   -1.824457
    0.022213   -1.833744
    0.044426   -1.862061
    0.066639   -1.910248
    0.088852   -1.978381
    0.111065   -2.064992
    0.133278   -2.167325
    0.155491   -2.253398

    0.000000   -1.762145
    0.022213   -1.770883
    0.044426   -1.796490
    0.066639   -1.837291
    0.088852   -1.890872
    0.111065   -1.954475
    0.133278   -2.025323
    0.155491   -2.101029

    0.000000   -1.762145
    0.022213   -1.770881
    0.044426   -1.796486
    0.066639   -1.837286
    0.088852   -1.890866
    0.111065   -1.954469
    0.133278   -2.025317
    0.155491   -2.101004

    0.000000   -1.732849
    0.022213   -1.735075
    0.044426   -1.743040
    0.066639   -1.761205
    0.088852   -1.798467
    0.111065   -1.866207
    0.133278   -1.967806
    0.155491   -2.094412

    0.000000   -1.732848
    0.022213   -1.735053
    0.044426   -1.743002
    0.066639   -1.761152
    0.088852   -1.798399
    0.111065   -1.866122
    0.133278   -1.967706
    0.155491   -2.094316

    0.000000   -1.607534
    0.022213   -1.615939
    0.044426   -1.640554
    0.066639   -1.679713
    0.088852   -1.731019
    0.111065   -1.791736
    0.133278   -1.859107
    0.155491   -1.930570

    0.000000   -1.607534
    0.022213   -1.615938
    0.044426   -1.640553
    0.066639   -1.679711
    0.088852   -1.731016
    0.111065   -1.791732
    0.133278   -1.859105
    0.155491   -1.930568

    0.000000   -1.444650
    0.022213   -1.452140
    0.044426   -1.474529
    0.066639   -1.510780
    0.088852   -1.558594
    0.111065   -1.615183
    0.133278   -1.677779
    0.155491   -1.743835

    0.000000   -1.444649
    0.022213   -1.452116
    0.044426   -1.474501
    0.066639   -1.510760
    0.088852   -1.558582
    0.111065   -1.615176
    0.133278   -1.677773
    0.155491   -1.743831

    0.000000   -1.407687
    0.022213   -1.410538
    0.044426   -1.417454
    0.066639   -1.425781
    0.088852   -1.438038
    0.111065   -1.471509
    0.133278   -1.500585
    0.155491   -1.541771

    0.000000   -1.407687
    0.022213   -1.410477
    0.044426   -1.417336
    0.066639   -1.425561
    0.088852   -1.437599
    0.111065   -1.471345
    0.133278   -1.500471
    0.155491   -1.541721

    0.000000   -1.378650
    0.022213   -1.379518
    0.044426   -1.383299
    0.066639   -1.394435
    0.088852   -1.417147
    0.111065   -1.432336
    0.133278   -1.481722
    0.155491   -1.509384

    0.000000   -1.378650
    0.022213   -1.379462
    0.044426   -1.383180
    0.066639   -1.394192
    0.088852   -1.416634
    0.111065   -1.432134
    0.133278   -1.481642
    0.155491   -1.509353

    0.000000   -1.259566
    0.022213   -1.267144
    0.044426   -1.289240
    0.066639   -1.325139
    0.088852   -1.372694
    0.111065   -1.418770
    0.133278   -1.421809
    0.155491   -1.414919

    0.000000   -1.259566
    0.022213   -1.267051
    0.044426   -1.289091
    0.066639   -1.324987
    0.088852   -1.372629
    0.111065   -1.418669
    0.133278   -1.421706
    0.155491   -1.414844

    0.000000   -1.178287
    0.022213   -1.178934
    0.044426   -1.181429
    0.066639   -1.205110
    0.088852   -1.262283
    0.111065   -1.288560
    0.133278   -1.302963
    0.155491   -1.331408

    0.000000   -1.178287
    0.022213   -1.178802
    0.044426   -1.181175
    0.066639   -1.204898
    0.088852   -1.262188
    0.111065   -1.288433
    0.133278   -1.302761
    0.155491   -1.331296

    0.000000   -1.056070
    0.022213   -1.065372
    0.044426   -1.115833
    0.066639   -1.179284
    0.088852   -1.194768
    0.111065   -1.220550
    0.133278   -1.249968
    0.155491   -1.260450

    0.000000   -1.056070
    0.022213   -1.065107
    0.044426   -1.115749
    0.066639   -1.179133
    0.088852   -1.194417
    0.111065   -1.220142
    0.133278   -1.249521
    0.155491   -1.260111

    0.000000   -1.045733
    0.022213   -1.054753
    0.044426   -1.075370
    0.066639   -1.099125
    0.088852   -1.120372
    0.111065   -1.129411
    0.133278   -1.127272
    0.155491   -1.121063

    0.000000   -1.045733
    0.022213   -1.054479
    0.044426   -1.075321
    0.066639   -1.099010
    0.088852   -1.120176
    0.111065   -1.129217
    0.133278   -1.127107
    0.155491   -1.120893

    0.000000   -0.900181
    0.022213   -0.936560
    0.044426   -0.979483
    0.066639   -0.989573
    0.088852   -0.989809
    0.111065   -1.001827
    0.133278   -1.035045
    0.155491   -1.069762

    0.000000   -0.900181
    0.022213   -0.936508
    0.044426   -0.979390
    0.066639   -0.989516
    0.088852   -0.989779
    0.111065   -1.001788
    0.133278   -1.035030
    0.155491   -1.069715

    0.000000   -0.864316
    0.022213   -0.879232
    0.044426   -0.897540
    0.066639   -0.922081
    0.088852   -0.950612
    0.111065   -0.966867
    0.133278   -0.960767
    0.155491   -0.949042

    0.000000   -0.864315
    0.022213   -0.879185
    0.044426   -0.897482
    0.066639   -0.922011
    0.088852   -0.950508
    0.111065   -0.966737
    0.133278   -0.960672
    0.155491   -0.948952

    0.000000   -0.817056
    0.022213   -0.812162
    0.044426   -0.806507
    0.066639   -0.799511
    0.088852   -0.790660
    0.111065   -0.782017
    0.133278   -0.808951
    0.155491   -0.842198

    0.000000   -0.817055
    0.022213   -0.812031
    0.044426   -0.806431
    0.066639   -0.799465
    0.088852   -0.790622
    0.111065   -0.781917
    0.133278   -0.808904
    0.155491   -0.842149

    0.000000   -0.741559
    0.022213   -0.718502
    0.044426   -0.705049
    0.066639   -0.716966
    0.088852   -0.742280
    0.111065   -0.771577
    0.133278   -0.765799
    0.155491   -0.757444

    0.000000   -0.741559
    0.022213   -0.718392
    0.044426   -0.704968
    0.066639   -0.716906
    0.088852   -0.742231
    0.111065   -0.771495
    0.133278   -0.765783
    0.155491   -0.757347

    0.000000   -0.593808
    0.022213   -0.594295
    0.044426   -0.592544
    0.066639   -0.589156
    0.088852   -0.613829
    0.111065   -0.652749
    0.133278   -0.692663
    0.155491   -0.727380

    0.000000   -0.593807
    0.022213   -0.594263
    0.044426   -0.592499
    0.066639   -0.589032
    0.088852   -0.613718
    0.111065   -0.652686
    0.133278   -0.692624
    0.155491   -0.727302

    0.000000   -0.537118
    0.022213   -0.523677
    0.044426   -0.539600
    0.066639   -0.569863
    0.088852   -0.573490
    0.111065   -0.561816
    0.133278   -0.546968
    0.155491   -0.529589

    0.000000   -0.537117
    0.022213   -0.523029
    0.044426   -0.539338
    0.066639   -0.569755
    0.088852   -0.573435
    0.111065   -0.561786
    0.133278   -0.546945
    0.155491   -0.529569

    0.000000   -0.497273
    0.022213   -0.494045
    0.044426   -0.432738
    0.066639   -0.374876
    0.088852   -0.356528
    0.111065   -0.341195
    0.133278   -0.324309
    0.155491   -0.305355

    0.000000   -0.497272
    0.022213   -0.493271
    0.044426   -0.432265
    0.066639   -0.374771
    0.088852   -0.356514
    0.111065   -0.341189
    0.133278   -0.324303
    0.155491   -0.305349

    0.000000   -0.375947
    0.022213   -0.373438
    0.044426   -0.364065
    0.066639   -0.320820
    0.088852   -0.236304
    0.111065   -0.159680
    0.133278   -0.105399
    0.155491   -0.072060

    0.000000   -0.375946
    0.022213   -0.373425
    0.044426   -0.364028
    0.066639   -0.320502
    0.088852   -0.235912
    0.111065   -0.159296
    0.133278   -0.105107
    0.155491   -0.071883

    0.000000   -0.133475
    0.022213   -0.131450
    0.044426   -0.125378
    0.066639   -0.115271
    0.088852   -0.100772
    0.111065   -0.080004
    0.133278   -0.048336
    0.155491   -0.010382

    0.000000   -0.133473
    0.022213   -0.131438
    0.044426   -0.125352
    0.066639   -0.115227
    0.088852   -0.100708
    0.111065   -0.079918
    0.133278   -0.048265
    0.155491   -0.010312

    0.000000   -0.087782
    0.022213   -0.079954
    0.044426   -0.065853
    0.066639   -0.051987
    0.088852   -0.036203
    0.111065   -0.017085
    0.133278    0.006743
    0.155491    0.037030

    0.000000   -0.087782
    0.022213   -0.079921
    0.044426   -0.065846
    0.066639   -0.051961
    0.088852   -0.036144
    0.111065   -0.016980
    0.133278    0.006930
    0.155491    0.037330

    0.000000   -0.050129
    0.022213   -0.041399
    0.044426   -0.009879
    0.066639    0.042282
    0.088852    0.104650
    0.111065    0.168853
    0.133278    0.227864
    0.155491    0.276147

    0.000000   -0.050128
    0.022213   -0.041342
    0.044426   -0.009728
    0.066639    0.042515
    0.088852    0.104950
    0.111065    0.169209
    0.133278    0.228263
    0.155491    0.276572

    0.000000    0.471884
    0.022213    0.477947
    0.044426    0.495570
    0.066639    0.523397
    0.088852    0.560220
    0.111065    0.605837
    0.133278    0.661111
    0.155491    0.726780

    0.000000    0.471885
    0.022213    0.477962
    0.044426    0.495595
    0.066639    0.523428
    0.088852    0.560249
    0.111065    0.605856
    0.133278    0.661116
    0.155491    0.726785

    0.000000    0.947971
    0.022213    0.954824
    0.044426    0.974736
    0.066639    1.005900
    0.088852    1.045781
    0.111065    1.091511
    0.133278    1.140141
    0.155491    1.188799

    0.000000    0.947971
    0.022213    0.954839
    0.044426    0.974765
    0.066639    1.005943
    0.088852    1.045834
    0.111065    1.091570
    0.133278    1.140200
    0.155491    1.188854

    0.000000    1.036153
    0.022213    1.049089
    0.044426    1.087350
    0.066639    1.149327
    0.088852    1.232296
    0.111065    1.331544
    0.133278    1.433056
    0.155491    1.487748

    0.000000    1.036154
    0.022213    1.049091
    0.044426    1.087355
    0.066639    1.149336
    0.088852    1.232313
    0.111065    1.331577
    0.133278    1.433130
    0.155491    1.487793

    0.000000    1.121928
    0.022213    1.134854
    0.044426    1.173020
    0.066639    1.234594
    0.088852    1.316369
    0.111065    1.411732
    0.133278    1.500815
    0.155491    1.573852

    0.000000    1.121929
    0.022213    1.134861
    0.044426    1.173034
    0.066639    1.234620
    0.088852    1.316420
    0.111065    1.411851
    0.133278    1.501053
    0.155491    1.574019

    0.000000    1.215988
    0.022213    1.228045
    0.044426    1.259432
    0.066639    1.307431
    0.088852    1.369188
    0.111065    1.441495
    0.133278    1.525494
    0.155491    1.621348

    0.000000    1.215989
    0.022213    1.228208
    0.044426    1.259516
    0.066639    1.307463
    0.088852    1.369192
    0.111065    1.441509
    0.133278    1.525525
    0.155491    1.621464

    0.000000    1.219184
    0.022213    1.230092
    0.044426    1.266697
    0.066639    1.327209
    0.088852    1.408007
    0.111065    1.504430
    0.133278    1.592928
    0.155491    1.691553

    0.000000    1.219185
    0.022213    1.230266
    0.044426    1.266808
    0.066639    1.327291
    0.088852    1.408097
    0.111065    1.504603
    0.133278    1.593359
    0.155491    1.691868

    0.000000    1.404916
    0.022213    1.415580
    0.044426    1.447165
    0.066639    1.496309
    0.088852    1.547944
    0.111065    1.573292
    0.133278    1.626892
    0.155491    1.741094

    0.000000    1.404916
    0.022213    1.415929
    0.044426    1.447773
    0.066639    1.497011
    0.088852    1.548338
    0.111065    1.573333
    0.133278    1.627112
    0.155491    1.741222

    0.000000    1.420070
    0.022213    1.431761
    0.044426    1.466560
    0.066639    1.522533
    0.088852    1.595551
    0.111065    1.676558
    0.133278    1.768024
    0.155491    1.845070

    0.000000    1.420070
    0.022213    1.432117
    0.044426    1.467191
    0.066639    1.523303
    0.088852    1.596151
    0.111065    1.677744
    0.133278    1.769088
    0.155491    1.845538

    0.000000    1.594804
    0.022213    1.594643
    0.044426    1.594649
    0.066639    1.597511
    0.088852    1.619059
    0.111065    1.695034
    0.133278    1.798579
    0.155491    1.911607

    0.000000    1.594804
    0.022213    1.594651
    0.044426    1.594670
    0.066639    1.597579
    0.088852    1.619491
    0.111065    1.696373
    0.133278    1.799942
    0.155491    1.912948

    0.000000    1.897856
    0.022213    1.897448
    0.044426    1.906869
    0.066639    1.913828
    0.088852    1.913601
    0.111065    1.911996
    0.133278    1.916320
    0.155491    1.954586

    0.000000    1.897857
    0.022213    1.898105
    0.044426    1.907327
    0.066639    1.913975
    0.088852    1.913674
    0.111065    1.912082
    0.133278    1.916538
    0.155491    1.955414

    0.000000    1.910731
    0.022213    1.924864
    0.044426    1.941506
    0.066639    1.973408
    0.088852    2.031188
    0.111065    2.108455
    0.133278    2.193139
    0.155491    2.232807

    0.000000    1.910732
    0.022213    1.925149
    0.044426    1.941901
    0.066639    1.974184
    0.088852    2.032067
    0.111065    2.109356
    0.133278    2.193935
    0.155491    2.233086

    0.000000    1.942895
    0.022213    1.949279
    0.044426    1.984963
    0.066639    2.047975
    0.088852    2.130130
    0.111065    2.227726
    0.133278    2.279867
    0.155491    2.340769

    0.000000    1.942895
    0.022213    1.949657
    0.044426    1.985822
    0.066639    2.048903
    0.088852    2.131074
    0.111065    2.228655
    0.133278    2.279990
    0.155491    2.341470

    0.000000    2.299728
    0.022213    2.298784
    0.044426    2.295990
    0.066639    2.291502
    0.088852    2.285815
    0.111065    2.281378
    0.133278    2.345305
    0.155491    2.470253

    0.000000    2.299729
    0.022213    2.298786
    0.044426    2.295994
    0.066639    2.291509
    0.088852    2.285827
    0.111065    2.281384
    0.133278    2.346215
    0.155491    2.471198

    0.000000    2.699838
    0.022213    2.698483
    0.044426    2.694417
    0.066639    2.687639
    0.088852    2.678179
    0.111065    2.666149
    0.133278    2.651924
    0.155491    2.636710

    0.000000    2.699838
    0.022213    2.698484
    0.044426    2.694419
    0.066639    2.687643
    0.088852    2.678184
    0.111065    2.666157
    0.133278    2.651936
    0.155491    2.636736

    0.000000    3.113762
    0.022213    3.111936
    0.044426    3.106441
    0.066639    3.097237
    0.088852    3.084272
    0.111065    3.067513
    0.133278    3.047019
    0.155491    3.023074

    0.000000    3.113762
    0.022213    3.111936
    0.044426    3.106442
    0.066639    3.097239
    0.088852    3.084275
    0.111065    3.067517
    0.133278    3.047025
    0.155491    3.023083

    0.000000    3.323513
    0.022213    3.324583
    0.044426    3.327351
    0.066639    3.330486
    0.088852    3.332092
    0.111065    3.330937
    0.133278    3.328526
    0.155491    3.326459

    0.000000    3.323513
    0.022213    3.324584
    0.044426    3.327355
    0.066639    3.330498
    0.088852    3.332116
    0.111065    3.330985
    0.133278    3.328593
    0.155491    3.326536

    0.000000    3.451368
    0.022213    3.444434
    0.044426    3.427489
    0.066639    3.407565
    0.088852    3.389976
    0.111065    3.377593
    0.133278    3.371125
    0.155491    3.369639

    0.000000    3.451369
    0.022213    3.444445
    0.044426    3.427498
    0.066639    3.407572
    0.088852    3.390012
    0.111065    3.377655
    0.133278    3.371212
    0.155491    3.369804

    0.000000    3.510899
    0.022213    3.504360
    0.044426    3.492106
    0.066639    3.476679
    0.088852    3.457530
    0.111065    3.435327
    0.133278    3.412177
    0.155491    3.393764

    0.000000    3.510902
    0.022213    3.504413
    0.044426    3.492173
    0.066639    3.476749
    0.088852    3.457601
    0.111065    3.435403
    0.133278    3.412271
    0.155491    3.393937

    0.000000    3.543648
    0.022213    3.551519
    0.044426    3.563314
    0.066639    3.568404
    0.088852    3.565080
    0.111065    3.557795
    0.133278    3.549774
    0.155491    3.540658

    0.000000    3.543649
    0.022213    3.551562
    0.044426    3.563382
    0.066639    3.568519
    0.088852    3.565243
    0.111065    3.557974
    0.133278    3.549929
    0.155491    3.540767

    0.000000    3.664859
    0.022213    3.664814
    0.044426    3.660731
    0.066639    3.651722
    0.088852    3.646026
    0.111065    3.644319
    0.133278    3.646103
    0.155491    3.651044

    0.000000    3.664876
    0.022213    3.664853
    0.044426    3.660783
    0.066639    3.651751
    0.088852    3.646091
    0.111065    3.644394
    0.133278    3.646158
    0.155491    3.651093

    0.000000    3.681906
    0.022213    3.679041
    0.044426    3.676515
    0.066639    3.681422
    0.088852    3.690257
    0.111065    3.699940
    0.133278    3.708698
    0.155491    3.714485

    0.000000    3.681910
    0.022213    3.679083
    0.044426    3.676582
    0.066639    3.681471
    0.088852    3.690304
    0.111065    3.700012
    0.133278    3.708835
    0.155491    3.714698

    0.000000    3.762607
    0.022213    3.756729
    0.044426    3.747129
    0.066639    3.740511
    0.088852    3.736918
    0.111065    3.734958
    0.133278    3.732961
    0.155491    3.730106

    0.000000    3.762618
    0.022213    3.756746
    0.044426    3.747149
    0.066639    3.740544
    0.088852    3.736957
    0.111065    3.735031
    0.133278    3.733138
    0.155491    3.730380

    0.000000    3.826034
    0.022213    3.832038
    0.044426    3.841931
    0.066639    3.848844
    0.088852    3.853577
    0.111065    3.856905
    0.133278    3.858450
    0.155491    3.858426

    0.000000    3.826044
    0.022213    3.832191
    0.044426    3.842181
    0.066639    3.849145
    0.088852    3.853941
    0.111065    3.857325
    0.133278    3.858693
    0.155491    3.858550

    0.000000    3.882481
    0.022213    3.882498
    0.044426    3.881963
    0.066639    3.879607
    0.088852    3.876050
    0.111065    3.873175
    0.133278    3.874877
    0.155491    3.880682

    0.000000    3.882497
    0.022213    3.883012
    0.044426    3.882659
    0.066639    3.880277
    0.088852    3.876743
    0.111065    3.873890
    0.133278    3.875325
    0.155491    3.880959

    0.000000    3.896205
    0.022213    3.897988
    0.044426    3.905292
    0.066639    3.918075
    0.088852    3.930727
    0.111065    3.939080
    0.133278    3.936829
    0.155491    3.920489

    0.000000    3.896227
    0.022213    3.898350
    0.044426    3.905669
    0.066639    3.918285
    0.088852    3.930914
    0.111065    3.939204
    0.133278    3.936955
    0.155491    3.920778

    0.000000    4.170450
    0.022213    4.151491
    0.044426    4.116977
    0.066639    4.078027
    0.088852    4.039984
    0.111065    4.005987
    0.133278    3.985734
    0.155491    3.991749

    0.000000    4.170461
    0.022213    4.151525
    0.044426    4.117608
    0.066639    4.078102
    0.088852    4.040078
    0.111065    4.006088
    0.133278    3.986070
    0.155491    3.992070

    0.000000    4.223463
    0.022213    4.239126
    0.044426    4.289574
    0.066639    4.335995
    0.088852    4.345814
    0.111065    4.372790
    0.133278    4.363251
    0.155491    4.311048

    0.000000    4.223466
    0.022213    4.239610
    0.044426    4.298160
    0.066639    4.337178
    0.088852    4.347765
    0.111065    4.374663
    0.133278    4.367029
    0.155491    4.312970

